573 437 612 470 53 0.8551 
 571 116 612 152 53 0.8481 
 406 460 443 491 53 0.8447 
 557 199 599 230 53 0.836 
 669 122 703 159 53 0.8354 
 297 500 325 532 53 0.8345 
 387 292 415 324 53 0.8326 
 504 16 544 49 53 0.832 
 635 103 668 135 53 0.8306 
 641 470 678 504 53 0.8292 
 422 374 458 409 53 0.8282 
 427 159 468 193 53 0.8257 
 471 282 502 316 53 0.8257 
 517 321 553 355 53 0.8257 
 608 427 645 458 53 0.8224 
 421 506 455 543 53 0.8223 
 605 25 634 53 53 0.8214 
 550 340 585 370 53 0.8184 
 393 537 424 572 53 0.818 
 425 271 467 313 53 0.8169 
 547 419 583 449 53 0.8145 
 590 504 627 537 53 0.8141 
 340 92 377 126 53 0.8125 
 342 441 382 477 53 0.8115 
 467 95 506 126 53 0.8091 
 212 306 250 334 53 0.8086 
 561 494 596 526 53 0.8081 
 251 291 292 322 53 0.8066 
 337 514 381 546 53 0.8037 
 493 459 532 491 53 0.8028 
 533 401 561 435 53 0.8027 
 231 327 270 360 53 0.8008 
 500 592 540 626 53 0.8003 
 292 175 320 206 53 0.7993 
 517 436 552 470 53 0.7959 
 331 186 365 217 53 0.7955 
 543 3 569 28 53 0.7945 
 294 67 331 101 53 0.792 
 667 444 704 488 53 0.7891 
 623 496 664 530 53 0.7809 
 246 29 287 64 53 0.7769 
 296 15 337 50 53 0.7695 
 216 32 250 61 53 0.7646 
 255 443 275 473 53 0.7563 
 183 565 219 598 53 0.7476 
 486 571 523 597 53 0.7402 
 394 256 420 293 53 0.7388 
 583 285 608 323 53 0.7378 
 627 408 671 435 53 0.7373 
 295 239 328 268 53 0.731 
 536 459 578 497 53 0.7065 
 596 208 619 237 53 0.7062 
 404 87 439 119 53 0.6958 
 674 235 703 271 53 0.6875 
 270 256 297 287 53 0.6851 
 670 515 703 561 53 0.6851 
 485 620 528 649 53 0.6768 
 492 220 526 258 53 0.6758 
 322 105 347 131 53 0.6699 
 458 637 501 671 53 0.6479 
 444 616 476 650 53 0.6162 
 575 579 611 608 53 0.6143 
 453 586 477 619 53 0.6001 
 328 54 346 76 53 0.5879 
 379 509 398 534 53 0.5869 
 346 136 384 166 53 0.5557 
 417 298 437 326 53 0.5469 
 275 261 316 294 53 0.5244 
 505 651 546 684 53 0.5186 
 543 616 583 653 53 0.5039 
 549 420 602 463 53 0.4692 
 632 100 690 145 53 0.3674 
 592 607 628 636 53 0.3408 
 570 429 639 473 53 0.3191 
 560 494 626 533 53 0.3044 
 406 451 446 516 53 0.2983 
 513 430 568 481 53 0.2612 
 246 0 252 14 53 0.251 
