352 235 387 268 53 0.8589 
 297 42 331 76 53 0.8428 
 115 140 147 167 53 0.8032 
 388 429 419 454 53 0.7944 
 466 19 500 44 53 0.7905 
 598 118 628 145 53 0.7886 
 117 74 152 105 53 0.7731 
 5 162 32 191 53 0.7721 
 105 106 140 134 53 0.769 
 486 141 517 171 53 0.7667 
 500 437 526 465 53 0.7657 
 588 366 610 390 53 0.7604 
 164 112 193 134 53 0.7563 
 205 74 233 109 53 0.7476 
 368 261 389 284 53 0.7443 
 348 163 377 187 53 0.7418 
 490 341 519 366 53 0.7319 
 230 88 261 115 53 0.7319 
 43 500 68 531 53 0.7059 
 663 323 689 349 53 0.7003 
 74 498 112 528 53 0.6895 
 56 514 90 541 53 0.687 
 577 48 609 77 53 0.6826 
 200 575 238 611 53 0.6826 
 31 163 52 188 53 0.6823 
 469 230 496 255 53 0.6816 
 147 91 168 115 53 0.6802 
 165 169 193 197 53 0.6779 
 424 17 455 39 53 0.6758 
 565 329 601 352 53 0.6704 
 236 594 268 622 53 0.6667 
 576 115 602 145 53 0.6608 
 366 416 394 442 53 0.6538 
 0 260 28 284 53 0.6494 
 433 89 459 113 53 0.6467 
 514 367 540 393 53 0.6463 
 386 302 420 326 53 0.644 
 40 117 64 146 53 0.6369 
 246 98 284 131 53 0.6318 
 548 34 566 61 53 0.6276 
 307 107 334 128 53 0.6226 
 500 388 525 415 53 0.6187 
 20 413 48 439 53 0.6152 
 560 4 585 26 53 0.6133 
 645 56 673 76 53 0.5889 
 581 0 602 22 53 0.5695 
 477 94 500 121 53 0.5649 
 449 251 477 278 53 0.5508 
 203 504 229 529 53 0.5459 
 549 480 584 514 53 0.5439 
 477 354 498 378 53 0.542 
 671 350 694 366 53 0.5271 
 649 350 673 369 53 0.5193 
 299 380 322 410 53 0.4949 
 666 70 688 93 53 0.4919 
 495 163 526 187 53 0.4912 
 516 473 535 491 53 0.4832 
 321 108 342 132 53 0.4727 
 96 534 124 558 53 0.4697 
 527 226 552 250 53 0.4543 
 677 467 701 490 53 0.4417 
 490 467 513 489 53 0.4407 
 112 515 154 534 53 0.4341 
 140 540 167 571 53 0.4272 
 553 51 572 74 53 0.4243 
 75 306 93 334 53 0.4102 
 621 59 653 88 53 0.4016 
 646 306 668 326 53 0.3721 
 503 227 530 253 53 0.3594 
 535 128 565 157 53 0.3567 
 379 304 406 330 53 0.3372 
 88 383 113 411 53 0.3345 
 132 222 152 244 53 0.3326 
 240 637 262 660 53 0.3174 
 378 91 399 122 53 0.3157 
 504 371 536 407 53 0.3108 
 180 78 197 97 53 0.3081 
 500 558 531 584 53 0.2974 
 538 319 560 344 53 0.2877 
 101 180 119 205 53 0.2845 
 603 494 642 533 53 0.2815 
 556 473 584 499 53 0.269 
 150 519 185 542 53 0.2644 
 501 200 515 221 53 0.2524 
