426 53 458 81 53 0.8457 
 260 58 293 86 53 0.8311 
 478 278 506 309 53 0.8214 
 595 150 627 174 53 0.8208 
 288 13 320 39 53 0.8164 
 403 71 439 101 53 0.8164 
 608 130 641 158 53 0.8115 
 169 30 197 57 53 0.8081 
 647 461 677 491 53 0.8042 
 190 354 218 381 53 0.8009 
 391 418 419 442 53 0.7995 
 300 118 332 146 53 0.7969 
 160 126 191 151 53 0.7969 
 350 114 383 142 53 0.7925 
 604 404 630 431 53 0.7906 
 2 237 35 263 53 0.7842 
 562 126 591 150 53 0.7798 
 500 256 533 281 53 0.7798 
 224 363 260 390 53 0.7798 
 539 135 570 166 53 0.7788 
 102 512 138 542 53 0.7744 
 120 237 147 263 53 0.7731 
 468 444 501 469 53 0.7686 
 192 63 221 86 53 0.7661 
 290 410 321 438 53 0.7594 
 214 158 239 181 53 0.7559 
 335 134 364 159 53 0.7549 
 139 166 165 189 53 0.7545 
 106 161 136 183 53 0.749 
 200 83 233 110 53 0.749 
 217 448 242 478 53 0.7485 
 533 230 562 250 53 0.7452 
 633 94 673 122 53 0.7441 
 68 371 95 397 53 0.7407 
 361 499 394 523 53 0.7393 
 450 402 478 429 53 0.7378 
 210 247 238 275 53 0.7378 
 227 398 256 422 53 0.7358 
 317 81 350 110 53 0.7334 
 445 464 472 492 53 0.7321 
 295 465 320 494 53 0.7282 
 398 125 429 150 53 0.7271 
 577 214 603 241 53 0.7213 
 348 476 376 501 53 0.7208 
 506 151 534 174 53 0.7065 
 428 0 464 18 53 0.7065 
 273 433 299 459 53 0.7038 
 640 72 674 97 53 0.7026 
 458 2 493 21 53 0.7007 
 388 268 419 293 53 0.6992 
 189 459 219 484 53 0.6989 
 517 549 553 572 53 0.6943 
 104 85 132 112 53 0.6895 
 437 378 460 406 53 0.6885 
 564 546 589 575 53 0.687 
 360 83 386 107 53 0.6792 
 246 94 269 115 53 0.6764 
 569 22 597 48 53 0.6714 
 627 119 654 139 53 0.6621 
 5 346 31 366 53 0.644 
 646 407 668 430 53 0.6413 
 118 445 153 465 53 0.6406 
 540 463 565 485 53 0.6403 
 0 114 20 145 53 0.6359 
 285 253 310 277 53 0.6359 
 342 216 370 238 53 0.6353 
 446 170 466 194 53 0.6343 
 681 551 702 578 53 0.632 
 412 536 447 559 53 0.6309 
 32 628 51 653 53 0.6247 
 247 304 267 323 53 0.6242 
 241 451 260 478 53 0.6232 
 609 511 635 535 53 0.6223 
 413 301 439 330 53 0.6152 
 651 549 680 575 53 0.6113 
 267 39 289 58 53 0.6091 
 353 339 383 362 53 0.604 
 327 444 359 471 53 0.5972 
 48 549 81 575 53 0.5918 
 448 340 480 363 53 0.5879 
 128 143 149 162 53 0.5876 
 522 386 543 409 53 0.5827 
 85 253 102 270 53 0.5754 
 139 516 172 541 53 0.5747 
 549 664 583 687 53 0.5728 
 566 88 596 113 53 0.5708 
 309 244 329 265 53 0.5702 
 211 45 239 64 53 0.563 
 125 410 154 430 53 0.561 
 537 309 563 334 53 0.5601 
 227 67 251 85 53 0.5598 
 523 485 544 507 53 0.5581 
 257 582 288 611 53 0.5537 
 591 514 616 541 53 0.5518 
 383 84 400 109 53 0.5488 
 685 629 703 660 53 0.5417 
 159 391 178 411 53 0.5398 
 558 515 589 539 53 0.5332 
 291 516 309 540 53 0.5225 
 414 277 434 302 53 0.5215 
 172 557 205 581 53 0.5137 
 502 1 532 27 53 0.5098 
 647 1 686 18 53 0.5078 
 595 70 627 95 53 0.5049 
 176 681 204 704 53 0.4922 
 582 420 609 443 53 0.4844 
 646 220 664 247 53 0.4834 
 538 109 561 129 53 0.4763 
 218 541 248 571 53 0.4697 
 381 403 397 426 53 0.4453 
 45 348 69 366 53 0.4351 
 46 137 59 155 53 0.43 
 391 105 406 128 53 0.4253 
 55 58 70 78 53 0.4204 
 475 199 495 219 53 0.4139 
 453 557 472 575 53 0.4119 
 207 587 242 614 53 0.4111 
 378 196 392 218 53 0.4102 
 170 622 187 647 53 0.4092 
 178 57 196 75 53 0.4063 
 275 607 294 623 53 0.4053 
 19 677 40 692 53 0.3757 
 127 468 145 485 53 0.3647 
 73 478 105 497 53 0.3594 
 639 392 656 414 53 0.3557 
 208 331 232 349 53 0.3502 
 576 347 603 369 53 0.3469 
 541 345 565 370 53 0.3452 
 166 623 199 651 53 0.332 
 685 485 703 508 53 0.3302 
 563 396 599 416 53 0.3218 
 246 451 270 477 53 0.3149 
 474 353 506 375 53 0.3081 
 206 520 219 541 53 0.3014 
 546 181 569 207 53 0.2903 
 535 201 564 230 53 0.2878 
 242 639 274 666 53 0.2861 
 644 657 669 680 53 0.2805 
 164 278 189 299 53 0.2766 
 198 279 223 297 53 0.2712 
 635 391 662 423 53 0.2605 
 460 104 472 118 53 0.2598 
 668 444 687 456 53 0.2517 
