515 50 550 82 53 0.8633 
 493 231 517 266 53 0.8624 
 263 278 295 307 53 0.8579 
 446 227 477 259 53 0.8569 
 651 315 693 347 53 0.8551 
 592 291 631 323 53 0.854 
 152 245 187 276 53 0.853 
 255 65 287 97 53 0.8511 
 223 412 256 439 53 0.8511 
 63 184 101 216 53 0.8497 
 440 386 478 418 53 0.8467 
 230 213 267 248 53 0.8428 
 126 113 161 146 53 0.8428 
 96 179 125 214 53 0.8361 
 177 429 211 456 53 0.8354 
 165 420 189 451 53 0.8336 
 599 187 633 219 53 0.8326 
 552 444 583 471 53 0.8311 
 461 436 495 472 53 0.8306 
 415 526 451 559 53 0.8301 
 610 212 646 248 53 0.8263 
 568 193 603 224 53 0.8262 
 466 343 497 370 53 0.8257 
 530 178 566 211 53 0.8232 
 263 336 297 366 53 0.8228 
 448 308 485 342 53 0.8224 
 82 597 115 624 53 0.8208 
 212 93 246 127 53 0.8198 
 229 32 268 66 53 0.818 
 189 249 230 280 53 0.817 
 491 520 521 550 53 0.8165 
 115 598 148 627 53 0.8164 
 340 541 365 569 53 0.8155 
 298 312 324 345 53 0.8154 
 262 515 295 547 53 0.8154 
 241 294 271 318 53 0.813 
 486 494 514 523 53 0.813 
 109 512 142 546 53 0.8105 
 469 229 498 264 53 0.8101 
 346 129 387 161 53 0.8086 
 99 236 129 262 53 0.8082 
 404 338 440 370 53 0.8081 
 369 608 405 641 53 0.8081 
 624 47 659 81 53 0.8057 
 403 488 443 520 53 0.8033 
 537 80 574 108 53 0.8032 
 285 193 313 223 53 0.8027 
 277 554 310 583 53 0.7993 
 551 513 579 541 53 0.7966 
 592 96 628 128 53 0.7949 
 99 31 136 60 53 0.7939 
 209 290 236 317 53 0.793 
 174 92 202 119 53 0.7905 
 645 405 676 436 53 0.7905 
 226 539 260 569 53 0.7871 
 326 318 348 350 53 0.7818 
 249 186 287 220 53 0.7818 
 646 343 685 372 53 0.7778 
 638 77 666 113 53 0.777 
 442 2 476 33 53 0.7759 
 503 187 537 216 53 0.7754 
 400 561 430 586 53 0.7744 
 540 485 578 516 53 0.7739 
 309 197 332 224 53 0.7695 
 458 42 499 73 53 0.7692 
 103 111 131 134 53 0.7676 
 159 586 193 621 53 0.7593 
 392 250 417 286 53 0.7555 
 552 117 584 142 53 0.7544 
 183 221 205 257 53 0.7529 
 629 249 663 284 53 0.7526 
 561 139 589 167 53 0.7515 
 496 357 528 391 53 0.7456 
 562 257 587 289 53 0.7417 
 483 426 515 454 53 0.7388 
 601 383 630 411 53 0.7363 
 610 345 641 372 53 0.7319 
 558 466 589 494 53 0.7202 
 445 531 471 558 53 0.7153 
 234 105 255 132 53 0.7135 
 481 453 522 489 53 0.7114 
 205 373 223 399 53 0.702 
 390 424 429 455 53 0.7017 
 520 356 548 383 53 0.7002 
 464 513 489 544 53 0.6989 
 689 429 703 459 53 0.6964 
 251 642 288 680 53 0.6919 
 624 301 654 335 53 0.6899 
 217 513 251 539 53 0.687 
 224 245 243 266 53 0.6867 
 75 118 97 148 53 0.6823 
 608 23 633 52 53 0.6807 
 142 212 170 240 53 0.6792 
 673 400 704 439 53 0.6758 
 554 340 582 362 53 0.6704 
 493 1 527 23 53 0.668 
 524 0 547 28 53 0.6655 
 231 62 261 82 53 0.6636 
 628 171 654 201 53 0.6626 
 117 576 139 600 53 0.6533 
 354 409 376 432 53 0.6393 
 408 405 436 435 53 0.6343 
 625 20 653 55 53 0.6323 
 336 289 364 312 53 0.6289 
 358 323 373 347 53 0.6276 
 444 210 467 235 53 0.6235 
 542 357 562 379 53 0.6206 
 393 599 421 629 53 0.6196 
 640 202 670 238 53 0.6143 
 627 382 649 408 53 0.612 
 295 657 328 682 53 0.6069 
 293 338 312 363 53 0.6018 
 331 608 369 639 53 0.5947 
 538 128 558 151 53 0.5905 
 555 220 581 246 53 0.5889 
 574 115 597 145 53 0.5859 
 257 167 279 187 53 0.5735 
 183 366 211 389 53 0.5708 
 221 265 245 286 53 0.5669 
 686 400 704 428 53 0.5361 
 149 575 170 605 53 0.5039 
 340 153 365 168 53 0.5017 
 293 414 309 435 53 0.4978 
 308 509 338 534 53 0.4863 
 180 244 199 271 53 0.4617 
 603 190 642 235 53 0.4539 
 622 94 649 120 53 0.4351 
 177 363 200 388 53 0.4148 
 153 361 173 384 53 0.4045 
 549 668 582 702 53 0.4045 
 599 342 624 373 53 0.4006 
 602 278 619 295 53 0.3999 
 239 521 266 549 53 0.3943 
 293 320 319 356 53 0.3943 
 97 544 122 568 53 0.3811 
 187 398 214 426 53 0.3711 
 484 435 523 471 53 0.3701 
 223 517 262 546 53 0.3611 
 156 216 178 242 53 0.353 
 649 227 685 250 53 0.3486 
 572 189 641 223 53 0.3345 
 541 673 566 701 53 0.3337 
 582 338 608 367 53 0.3293 
 614 338 650 367 53 0.2854 
 553 2 575 20 53 0.2679 
 277 338 306 364 53 0.2651 
 194 189 214 203 53 0.2596 
