524 397 557 432 53 0.7798 
 49 396 75 421 53 0.7505 
 0 218 30 249 53 0.7247 
 512 277 536 299 53 0.7028 
 9 386 37 409 53 0.6895 
 25 410 62 436 53 0.6802 
 58 93 87 122 53 0.6733 
 207 284 236 311 53 0.6704 
 134 435 156 457 53 0.6633 
 642 386 663 410 53 0.6467 
 576 352 593 375 53 0.5896 
 229 366 253 391 53 0.5859 
 568 450 585 474 53 0.563 
 261 635 293 666 53 0.5264 
 587 440 601 463 53 0.4648 
 605 658 642 688 53 0.4504 
 37 387 52 409 53 0.3958 
 235 277 259 302 53 0.3521 
 532 436 549 454 53 0.3494 
 695 332 701 353 53 0.3414 
 503 263 523 285 53 0.3293 
 21 5 41 24 53 0.3055 
 226 324 248 343 53 0.256 
