129 241 169 277 53 0.8364 
 662 201 692 233 53 0.8326 
 8 274 42 306 53 0.8257 
 510 530 549 569 53 0.8232 
 202 429 237 467 53 0.8174 
 0 404 27 433 53 0.814 
 425 103 475 161 53 0.8081 
 609 81 646 113 53 0.8052 
 576 438 611 468 53 0.8003 
 36 351 69 381 53 0.792 
 581 499 613 530 53 0.7905 
 231 431 265 465 53 0.7897 
 626 197 666 229 53 0.7886 
 56 448 89 477 53 0.7871 
 83 362 120 392 53 0.7842 
 467 350 515 397 53 0.7822 
 668 18 697 41 53 0.7818 
 531 176 561 207 53 0.7773 
 1 242 39 271 53 0.7744 
 504 239 542 269 53 0.7705 
 425 433 459 463 53 0.7686 
 131 53 158 78 53 0.7682 
 629 371 664 404 53 0.7656 
 602 611 642 651 53 0.7656 
 405 9 433 48 53 0.7642 
 21 0 63 29 53 0.7642 
 672 254 704 280 53 0.7637 
 510 66 543 99 53 0.7637 
 549 196 577 224 53 0.7627 
 373 565 419 606 53 0.7583 
 548 492 585 524 53 0.7574 
 87 69 128 104 53 0.7568 
 572 186 616 221 53 0.7529 
 123 143 164 177 53 0.7505 
 83 108 119 140 53 0.7505 
 649 135 689 166 53 0.7487 
 32 65 70 95 53 0.7476 
 27 478 58 508 53 0.7407 
 0 370 18 402 53 0.7399 
 150 418 180 447 53 0.7393 
 666 512 703 546 53 0.7378 
 0 516 29 544 53 0.7334 
 305 554 340 593 53 0.731 
 564 154 589 186 53 0.7305 
 64 32 102 69 53 0.7266 
 205 167 229 204 53 0.7227 
 264 0 306 22 53 0.7192 
 396 521 440 558 53 0.7188 
 53 508 87 540 53 0.7145 
 5 462 33 487 53 0.7139 
 86 208 119 236 53 0.7124 
 3 143 39 172 53 0.7104 
 179 95 215 126 53 0.71 
 504 128 545 165 53 0.709 
 610 307 648 335 53 0.709 
 92 24 118 49 53 0.7077 
 544 645 585 674 53 0.7051 
 100 252 133 282 53 0.7017 
 644 14 670 38 53 0.6979 
 582 119 604 148 53 0.6958 
 557 466 584 490 53 0.6953 
 599 70 622 97 53 0.693 
 0 0 25 27 53 0.6927 
 609 458 639 490 53 0.6872 
 489 579 530 616 53 0.687 
 563 16 602 46 53 0.6851 
 219 349 243 380 53 0.6837 
 570 412 603 440 53 0.6826 
 312 479 334 513 53 0.6792 
 468 276 498 300 53 0.6758 
 475 567 507 595 53 0.6758 
 441 61 469 95 53 0.6748 
 0 446 13 471 53 0.6704 
 158 104 187 136 53 0.6676 
 183 493 227 532 53 0.667 
 465 113 500 146 53 0.6636 
 690 60 703 87 53 0.6577 
 685 133 704 165 53 0.6545 
 139 388 175 418 53 0.6533 
 176 392 203 430 53 0.652 
 648 260 676 285 53 0.645 
 483 477 520 506 53 0.6387 
 618 486 653 515 53 0.6362 
 37 429 65 454 53 0.6362 
 213 0 247 20 53 0.6323 
 453 291 480 323 53 0.6299 
 598 242 627 269 53 0.6226 
 647 519 674 555 53 0.6216 
 503 618 541 654 53 0.6206 
 97 463 132 491 53 0.6104 
 621 262 645 285 53 0.604 
 563 592 606 631 53 0.6011 
 26 31 65 64 53 0.5991 
 31 538 65 566 53 0.5962 
 598 160 624 181 53 0.5947 
 661 2 683 25 53 0.5944 
 247 34 274 63 53 0.5898 
 131 94 167 129 53 0.585 
 338 559 371 594 53 0.583 
 568 279 591 303 53 0.5806 
 656 54 679 77 53 0.5744 
 690 437 703 464 53 0.5728 
 621 57 654 79 53 0.5718 
 553 65 587 103 53 0.5718 
 543 154 568 188 53 0.5669 
 89 503 120 534 53 0.5479 
 62 0 105 27 53 0.543 
 271 125 307 162 53 0.5368 
 370 83 411 127 53 0.5337 
 649 241 669 264 53 0.529 
 600 105 627 133 53 0.5215 
 289 432 316 456 53 0.5183 
 682 119 703 141 53 0.5017 
 593 551 633 588 53 0.5015 
 658 625 704 661 53 0.501 
 516 567 555 594 53 0.4932 
 689 199 703 229 53 0.4873 
 686 176 703 198 53 0.4812 
 252 390 295 422 53 0.4805 
 638 256 663 283 53 0.4766 
 0 497 20 521 53 0.459 
 0 450 29 482 53 0.4561 
 542 408 572 438 53 0.4543 
 546 42 563 73 53 0.4302 
 687 491 704 519 53 0.4292 
 588 253 605 272 53 0.4187 
 0 30 16 58 53 0.4158 
 523 131 558 160 53 0.4092 
 651 100 674 120 53 0.4034 
 568 1 589 13 53 0.3979 
 631 303 651 331 53 0.3923 
 425 375 451 395 53 0.3914 
 461 279 492 313 53 0.3804 
 427 612 462 641 53 0.3784 
 0 118 26 143 53 0.3694 
 430 556 466 586 53 0.3694 
 5 539 37 570 53 0.3469 
 465 95 501 125 53 0.3408 
 693 93 703 121 53 0.3364 
 67 485 89 514 53 0.3363 
 632 4 651 26 53 0.3354 
 237 598 266 626 53 0.3293 
 678 201 700 232 53 0.3286 
 604 35 629 62 53 0.3252 
 150 19 171 43 53 0.3235 
 192 475 226 504 53 0.3149 
 504 9 529 34 53 0.3032 
 251 13 283 39 53 0.3025 
 276 426 303 449 53 0.2991 
 273 349 292 375 53 0.283 
 13 206 39 227 53 0.2766 
 637 574 663 601 53 0.2705 
 530 21 552 43 53 0.2704 
 466 60 486 90 53 0.2673 
 0 538 23 573 53 0.2659 
 665 194 698 261 53 0.2637 
 585 114 617 146 53 0.2605 
 567 186 671 227 53 0.2556 
