507 351 538 377 53 0.8354 
 629 465 656 489 53 0.8082 
 354 338 388 367 53 0.8037 
 615 414 646 443 53 0.8033 
 379 331 409 354 53 0.7959 
 482 337 513 364 53 0.7905 
 631 433 663 464 53 0.7857 
 349 308 380 338 53 0.7759 
 51 91 82 116 53 0.7721 
 641 411 675 435 53 0.7686 
 424 309 457 338 53 0.7607 
 660 425 685 451 53 0.7306 
 134 371 161 403 53 0.7271 
 681 398 704 425 53 0.7153 
 116 379 139 408 53 0.715 
 377 424 411 453 53 0.7104 
 218 333 246 361 53 0.708 
 249 447 275 472 53 0.701 
 557 391 590 420 53 0.6958 
 308 326 333 351 53 0.694 
 190 271 225 296 53 0.6875 
 141 422 172 444 53 0.6875 
 200 256 228 279 53 0.6802 
 527 327 548 351 53 0.6704 
 327 434 348 461 53 0.6701 
 86 379 116 411 53 0.6598 
 393 233 426 267 53 0.6577 
 375 182 407 208 53 0.6567 
 26 345 60 374 53 0.6538 
 601 450 625 476 53 0.6476 
 166 320 190 342 53 0.6413 
 495 428 521 450 53 0.626 
 675 414 698 435 53 0.6245 
 179 560 209 587 53 0.6235 
 21 250 47 279 53 0.6216 
 268 57 302 84 53 0.6196 
 307 385 337 408 53 0.6187 
 291 368 313 389 53 0.6098 
 199 315 227 346 53 0.6069 
 209 388 239 409 53 0.603 
 0 270 16 299 53 0.5806 
 69 213 98 239 53 0.5776 
 372 259 403 296 53 0.5757 
 333 324 358 347 53 0.5737 
 145 245 173 269 53 0.5725 
 678 374 699 403 53 0.564 
 244 267 279 294 53 0.5449 
 569 428 587 449 53 0.5349 
 670 101 704 131 53 0.5293 
 359 204 388 232 53 0.5203 
 227 283 246 302 53 0.5203 
 679 38 704 64 53 0.4919 
 381 254 405 278 53 0.4902 
 596 314 625 334 53 0.4805 
 218 2 238 18 53 0.4766 
 160 264 183 280 53 0.4617 
 320 47 340 61 53 0.4534 
 158 294 183 321 53 0.4302 
 401 308 419 332 53 0.4302 
 123 163 143 187 53 0.429 
 121 482 144 505 53 0.4139 
 292 297 316 323 53 0.3999 
 547 391 576 418 53 0.3989 
 652 282 671 302 53 0.3838 
 134 278 155 298 53 0.3584 
 117 159 131 185 53 0.3496 
 136 386 161 410 53 0.3416 
 109 142 132 167 53 0.338 
 438 280 455 300 53 0.3343 
 693 493 702 514 53 0.3138 
 205 53 231 82 53 0.3081 
 265 605 302 630 53 0.2991 
 187 14 203 30 53 0.2949 
 689 74 703 97 53 0.2925 
 223 245 244 264 53 0.2822 
 292 67 309 90 53 0.2776 
 171 361 184 382 53 0.2681 
 146 285 166 300 53 0.2659 
 281 125 312 149 53 0.2637 
 674 319 697 342 53 0.251 
