636 276 668 304 53 0.7788 
 628 78 655 107 53 0.7687 
 562 263 593 287 53 0.6978 
 601 324 627 350 53 0.6413 
 490 187 520 208 53 0.6216 
 285 40 322 70 53 0.5815 
 510 165 541 197 53 0.5688 
 451 32 482 60 53 0.5547 
 465 142 486 167 53 0.5534 
 131 219 162 241 53 0.5439 
 689 31 702 59 53 0.543 
 671 293 699 317 53 0.5312 
 437 153 468 180 53 0.5283 
 5 546 38 569 53 0.5166 
 519 21 549 45 53 0.5117 
 225 1 266 18 53 0.4941 
 381 0 417 18 53 0.4922 
 369 10 402 36 53 0.4766 
 162 148 195 172 53 0.4717 
 261 190 291 216 53 0.4233 
 207 33 231 59 53 0.4026 
 406 151 436 179 53 0.3848 
 68 295 98 319 53 0.3557 
 602 565 638 608 53 0.3345 
 57 536 93 565 53 0.2878 
