214 384 240 413 53 0.8463 
 147 366 175 394 53 0.8302 
 151 244 185 276 53 0.8242 
 237 18 264 46 53 0.8141 
 230 311 257 335 53 0.7984 
 557 5 584 33 53 0.7921 
 342 83 370 111 53 0.7882 
 486 107 513 136 53 0.7867 
 239 257 272 287 53 0.7861 
 275 270 299 294 53 0.777 
 210 308 231 336 53 0.7755 
 592 82 625 110 53 0.7734 
 629 269 653 298 53 0.7706 
 517 79 543 102 53 0.7672 
 324 84 349 112 53 0.752 
 295 172 326 197 53 0.7446 
 324 0 354 18 53 0.7441 
 465 153 489 183 53 0.7413 
 487 214 513 243 53 0.7316 
 127 251 157 281 53 0.728 
 382 77 414 103 53 0.7241 
 380 384 417 417 53 0.7241 
 125 373 151 398 53 0.7199 
 506 1 529 22 53 0.7141 
 528 20 561 49 53 0.7104 
 443 289 472 316 53 0.7051 
 340 389 368 415 53 0.7013 
 314 284 340 305 53 0.6909 
 434 153 468 188 53 0.6895 
 649 43 671 65 53 0.6867 
 476 44 498 63 53 0.6768 
 312 240 330 261 53 0.6701 
 404 252 431 279 53 0.6686 
 381 340 404 359 53 0.6577 
 616 249 644 278 53 0.6514 
 399 411 426 440 53 0.644 
 466 191 502 218 53 0.6426 
 525 201 548 224 53 0.6362 
 577 80 592 104 53 0.634 
 411 344 440 375 53 0.6318 
 458 38 481 57 53 0.6296 
 367 244 390 268 53 0.6266 
 201 17 236 43 53 0.626 
 643 248 672 279 53 0.6216 
 637 25 661 48 53 0.6174 
 208 133 232 159 53 0.614 
 533 129 554 154 53 0.6001 
 356 355 380 384 53 0.5928 
 567 29 601 49 53 0.5859 
 299 350 324 370 53 0.5767 
 285 62 307 78 53 0.5767 
 242 125 269 154 53 0.5608 
 658 240 689 266 53 0.5591 
 275 426 295 448 53 0.5447 
 676 527 704 555 53 0.5408 
 532 405 563 429 53 0.5361 
 221 109 248 141 53 0.5312 
 685 3 704 27 53 0.5273 
 226 244 249 264 53 0.5232 
 510 218 527 241 53 0.5193 
 240 421 269 447 53 0.5186 
 435 347 451 370 53 0.5076 
 399 335 417 361 53 0.5039 
 434 130 454 150 53 0.5007 
 168 46 193 72 53 0.5 
 234 175 262 194 53 0.4902 
 444 76 461 87 53 0.4854 
 581 7 606 28 53 0.4854 
 378 216 393 239 53 0.4795 
 297 318 318 335 53 0.4783 
 413 150 437 170 53 0.4727 
 367 551 394 580 53 0.4714 
 523 435 552 463 53 0.4658 
 206 311 253 334 53 0.4648 
 559 404 582 431 53 0.4609 
 433 71 449 86 53 0.459 
 545 202 562 227 53 0.4568 
 364 398 382 421 53 0.4356 
 342 221 367 245 53 0.4331 
 197 461 214 483 53 0.4224 
 356 573 390 593 53 0.4177 
 346 69 360 85 53 0.4131 
 314 1 328 14 53 0.4111 
 508 191 531 215 53 0.4026 
 575 401 595 425 53 0.4026 
 336 158 354 174 53 0.3999 
 17 1 52 31 53 0.3794 
 203 79 220 110 53 0.3721 
 257 1 277 20 53 0.3719 
 525 568 562 601 53 0.3711 
 426 160 459 184 53 0.3674 
 512 124 534 149 53 0.3647 
 688 603 702 637 53 0.3636 
 580 271 604 300 53 0.3604 
 100 56 128 78 53 0.3594 
 462 190 480 216 53 0.3502 
 265 17 289 41 53 0.3477 
 532 200 566 224 53 0.3477 
 422 338 444 366 53 0.3389 
 681 1 700 18 53 0.3303 
 446 158 464 184 53 0.3149 
 425 154 440 173 53 0.3057 
 394 339 412 356 53 0.3032 
 130 47 146 73 53 0.3025 
 291 322 315 345 53 0.2972 
 154 224 177 245 53 0.2909 
 633 3 653 23 53 0.2886 
 672 0 704 20 53 0.2727 
 338 66 363 86 53 0.272 
 376 77 398 102 53 0.2546 
 407 264 428 280 53 0.2539 
