287 245 315 271 53 0.8364 
 20 137 50 166 53 0.8311 
 193 251 222 277 53 0.8188 
 160 342 192 367 53 0.8115 
 1 243 32 268 53 0.8105 
 340 403 373 431 53 0.7886 
 242 436 274 464 53 0.7832 
 70 179 104 204 53 0.7798 
 17 285 44 310 53 0.7788 
 340 214 370 239 53 0.769 
 406 318 436 346 53 0.7656 
 280 436 303 458 53 0.7609 
 48 108 74 135 53 0.7526 
 267 171 298 198 53 0.749 
 272 345 297 371 53 0.7438 
 25 468 58 490 53 0.7358 
 281 322 297 341 53 0.7256 
 437 440 468 462 53 0.7231 
 433 261 465 286 53 0.7192 
 104 434 134 457 53 0.709 
 565 437 590 462 53 0.7047 
 301 493 331 518 53 0.6974 
 10 70 34 93 53 0.687 
 437 357 459 374 53 0.6816 
 73 2 98 27 53 0.6789 
 64 372 86 396 53 0.6758 
 465 244 498 270 53 0.6748 
 10 459 28 484 53 0.6735 
 533 496 563 517 53 0.6416 
 447 466 467 488 53 0.6377 
 81 22 106 42 53 0.6374 
 564 169 600 197 53 0.6343 
 423 446 439 468 53 0.6323 
 498 208 536 235 53 0.6187 
 443 504 471 526 53 0.605 
 308 309 332 334 53 0.6021 
 133 199 153 216 53 0.6018 
 395 536 425 562 53 0.6011 
 578 404 607 426 53 0.5928 
 514 275 539 299 53 0.5676 
 331 314 347 333 53 0.5486 
 507 438 522 457 53 0.5339 
 31 340 47 359 53 0.5298 
 151 365 175 382 53 0.502 
 565 228 588 258 53 0.501 
 329 304 350 328 53 0.4783 
 162 367 185 385 53 0.4763 
 336 302 352 317 53 0.4707 
 547 353 569 371 53 0.4666 
 231 379 252 399 53 0.4558 
 243 283 266 300 53 0.427 
 489 577 516 599 53 0.3821 
 204 282 217 298 53 0.3767 
 42 364 60 380 53 0.3748 
 588 325 622 347 53 0.373 
 135 467 165 490 53 0.3584 
 183 215 216 235 53 0.3503 
 337 351 352 368 53 0.3477 
 318 375 333 391 53 0.3038 
 225 153 237 171 53 0.3025 
 634 394 654 413 53 0.2637 
 524 488 543 511 53 0.2611 
 418 446 464 464 53 0.259 
 421 532 437 552 53 0.2502 
