494 214 523 250 53 0.8428 
 0 372 34 400 53 0.8408 
 548 486 581 515 53 0.8398 
 292 14 335 50 53 0.8384 
 596 410 628 438 53 0.8286 
 550 193 589 225 53 0.8271 
 422 433 449 468 53 0.8233 
 468 616 503 653 53 0.8223 
 387 140 432 174 53 0.8165 
 2 630 45 666 53 0.8165 
 453 391 494 426 53 0.816 
 243 43 279 75 53 0.8155 
 629 108 665 138 53 0.8126 
 193 130 234 166 53 0.8125 
 629 451 663 483 53 0.8081 
 265 22 298 49 53 0.8032 
 130 34 162 67 53 0.8018 
 263 400 304 433 53 0.8008 
 35 369 80 401 53 0.7988 
 348 418 385 448 53 0.7988 
 629 139 670 173 53 0.797 
 581 593 609 627 53 0.7969 
 451 314 487 344 53 0.7944 
 560 388 591 424 53 0.793 
 430 614 469 649 53 0.7925 
 437 444 472 477 53 0.791 
 231 347 272 380 53 0.7906 
 118 276 155 313 53 0.7905 
 230 252 270 282 53 0.7897 
 400 80 437 112 53 0.7871 
 681 164 704 202 53 0.7867 
 612 657 651 695 53 0.7861 
 294 289 331 323 53 0.7852 
 417 248 451 280 53 0.7843 
 660 117 696 146 53 0.7773 
 222 154 261 188 53 0.774 
 570 108 614 148 53 0.7725 
 456 51 496 85 53 0.7725 
 353 145 389 177 53 0.7725 
 542 163 578 194 53 0.772 
 206 0 239 33 53 0.771 
 340 11 383 44 53 0.7701 
 684 284 704 317 53 0.7687 
 570 292 605 325 53 0.7671 
 510 625 550 657 53 0.7642 
 51 190 89 223 53 0.7604 
 671 55 704 86 53 0.7544 
 290 118 310 148 53 0.7531 
 569 0 606 23 53 0.7529 
 38 644 80 674 53 0.7461 
 227 72 262 99 53 0.7456 
 418 494 449 526 53 0.7422 
 469 433 504 474 53 0.7358 
 680 535 704 569 53 0.7349 
 301 378 332 415 53 0.7324 
 464 116 508 152 53 0.7319 
 556 619 593 651 53 0.7291 
 434 470 454 500 53 0.7262 
 208 607 249 638 53 0.7163 
 645 523 681 565 53 0.7163 
 369 177 392 206 53 0.7153 
 673 387 704 416 53 0.7153 
 46 75 81 108 53 0.708 
 433 95 463 134 53 0.7065 
 548 587 580 615 53 0.7031 
 186 381 218 416 53 0.6992 
 145 274 168 303 53 0.6906 
 228 379 259 405 53 0.6875 
 363 399 396 426 53 0.6836 
 561 422 589 451 53 0.6807 
 444 285 469 318 53 0.6802 
 488 252 514 285 53 0.6782 
 71 668 108 701 53 0.6768 
 364 641 404 672 53 0.6768 
 184 224 225 255 53 0.6748 
 60 419 91 449 53 0.6738 
 288 373 313 405 53 0.6665 
 514 0 551 23 53 0.6602 
 369 271 399 300 53 0.6489 
 220 359 242 385 53 0.6463 
 579 538 617 568 53 0.6436 
 445 248 469 281 53 0.6372 
 372 21 405 52 53 0.6333 
 602 178 627 206 53 0.626 
 622 180 644 207 53 0.6245 
 173 314 211 343 53 0.6162 
 35 412 55 434 53 0.613 
 77 553 122 584 53 0.605 
 343 227 366 255 53 0.5938 
 77 359 111 389 53 0.5928 
 457 500 471 527 53 0.5898 
 93 53 128 78 53 0.5898 
 459 423 482 447 53 0.5817 
 687 93 704 116 53 0.5796 
 45 415 74 445 53 0.5747 
 423 335 450 366 53 0.5737 
 297 416 321 436 53 0.5728 
 390 487 419 519 53 0.5698 
 622 266 641 297 53 0.5601 
 72 339 93 366 53 0.5449 
 0 195 20 219 53 0.5342 
 313 309 342 333 53 0.5205 
 483 428 503 460 53 0.5156 
 532 444 560 472 53 0.5029 
 510 137 534 165 53 0.4814 
 504 0 526 25 53 0.4705 
 599 227 634 264 53 0.4668 
 677 26 695 47 53 0.4607 
 142 385 163 412 53 0.4561 
 357 467 379 490 53 0.4543 
 157 35 177 61 53 0.4543 
 578 406 599 430 53 0.4531 
 55 666 80 689 53 0.4358 
 463 82 491 101 53 0.4309 
 20 71 51 98 53 0.4141 
 303 298 340 331 53 0.3989 
 283 529 326 562 53 0.3867 
 639 611 670 638 53 0.3831 
 666 496 704 537 53 0.3748 
 348 0 382 16 53 0.3738 
 329 293 365 317 53 0.3647 
 205 381 232 411 53 0.3621 
 467 679 503 704 53 0.3584 
 613 224 638 260 53 0.355 
 444 555 472 591 53 0.3496 
 502 426 525 457 53 0.3425 
 459 101 492 126 53 0.3286 
 517 25 545 64 53 0.3269 
 459 87 492 110 53 0.3269 
 130 272 165 308 53 0.3184 
 532 16 562 49 53 0.2869 
 433 438 502 480 53 0.2766 
 51 338 75 361 53 0.2751 
 0 48 18 74 53 0.2727 
 564 406 597 444 53 0.272 
 630 24 661 49 53 0.2681 
 233 550 268 580 53 0.2681 
 484 582 515 611 53 0.2576 
 451 404 490 440 53 0.2524 
