271 314 307 351 53 0.8608 
 491 321 536 357 53 0.8565 
 526 270 562 308 53 0.854 
 410 354 452 387 53 0.8521 
 542 251 577 281 53 0.8482 
 401 549 436 587 53 0.8481 
 400 105 438 140 53 0.8428 
 373 138 411 170 53 0.8424 
 658 356 692 387 53 0.8419 
 552 305 593 339 53 0.8413 
 484 27 525 60 53 0.8408 
 655 615 693 648 53 0.8408 
 402 636 443 680 53 0.8408 
 319 504 356 539 53 0.8389 
 331 82 373 112 53 0.8384 
 549 34 586 71 53 0.8364 
 568 196 606 227 53 0.8335 
 614 56 651 95 53 0.8301 
 325 113 363 144 53 0.8301 
 306 0 350 34 53 0.8291 
 466 137 509 168 53 0.8287 
 476 165 521 197 53 0.8267 
 400 314 428 352 53 0.8262 
 380 603 423 639 53 0.8208 
 449 5 488 41 53 0.8204 
 174 76 208 108 53 0.8198 
 574 536 611 575 53 0.8198 
 261 500 307 537 53 0.8198 
 553 371 596 406 53 0.8193 
 496 230 538 268 53 0.8184 
 340 404 376 443 53 0.8165 
 500 501 542 533 53 0.8164 
 540 166 574 203 53 0.8154 
 266 49 298 86 53 0.813 
 400 10 443 48 53 0.8125 
 565 600 609 644 53 0.8086 
 273 225 311 257 53 0.8086 
 150 496 191 533 53 0.8081 
 447 449 488 486 53 0.8081 
 612 602 657 639 53 0.8062 
 395 170 439 205 53 0.8042 
 445 387 489 428 53 0.8018 
 126 363 166 397 53 0.8014 
 612 467 656 503 53 0.8003 
 280 411 321 446 53 0.7993 
 563 475 607 511 53 0.7959 
 438 652 469 685 53 0.7959 
 278 143 322 179 53 0.7939 
 206 589 249 626 53 0.793 
 414 506 457 538 53 0.7926 
 323 42 371 83 53 0.7925 
 533 509 565 540 53 0.7916 
 352 255 389 287 53 0.791 
 420 59 465 91 53 0.7906 
 156 22 180 53 53 0.79 
 384 51 413 83 53 0.7852 
 409 232 456 276 53 0.7842 
 444 316 485 349 53 0.7823 
 534 569 580 607 53 0.7812 
 559 100 593 131 53 0.7788 
 598 307 639 340 53 0.7778 
 220 353 263 390 53 0.769 
 250 581 284 614 53 0.7671 
 649 503 687 535 53 0.7609 
 358 445 399 494 53 0.7568 
 364 656 407 697 53 0.7559 
 83 578 123 609 53 0.7529 
 495 651 540 685 53 0.7516 
 148 396 182 420 53 0.7485 
 588 61 614 90 53 0.7482 
 514 81 556 124 53 0.7461 
 685 454 704 489 53 0.7402 
 590 166 627 198 53 0.7378 
 229 284 275 330 53 0.7236 
 430 257 468 288 53 0.7129 
 163 365 189 399 53 0.71 
 332 315 368 353 53 0.709 
 70 343 107 374 53 0.709 
 584 318 609 353 53 0.7013 
 310 589 351 625 53 0.6934 
 426 188 455 216 53 0.6919 
 325 652 358 682 53 0.6851 
 372 390 407 416 53 0.6665 
 655 428 692 456 53 0.6567 
 172 678 217 702 53 0.6538 
 372 411 402 437 53 0.6538 
 618 553 657 589 53 0.6377 
 366 13 398 49 53 0.627 
 422 278 442 300 53 0.6245 
 646 451 685 480 53 0.6226 
 580 11 609 48 53 0.6187 
 261 399 292 434 53 0.6177 
 450 78 483 105 53 0.605 
 327 545 356 574 53 0.583 
 341 214 374 234 53 0.5786 
 293 548 311 580 53 0.5578 
 579 94 608 118 53 0.5508 
 677 302 699 323 53 0.5322 
 477 470 499 495 53 0.5303 
 10 164 44 188 53 0.5098 
 292 0 309 17 53 0.4727 
 692 352 702 379 53 0.4666 
 445 1 508 54 53 0.4495 
 441 524 477 549 53 0.4465 
 655 677 691 703 53 0.4436 
 681 154 703 186 53 0.4331 
 273 539 296 563 53 0.4082 
 644 626 667 659 53 0.3979 
 174 20 199 54 53 0.396 
 333 587 357 621 53 0.363 
 279 576 305 598 53 0.3496 
 427 402 450 426 53 0.3225 
 629 552 654 577 53 0.3208 
 512 87 537 123 53 0.2998 
 337 544 372 573 53 0.2966 
 84 664 126 704 53 0.283 
 229 13 246 30 53 0.2814 
 311 0 356 59 53 0.2705 
 479 687 525 704 53 0.2576 
