19 46 46 72 53 0.796 
 28 216 49 239 53 0.7373 
 618 156 641 175 53 0.7213 
 627 114 657 143 53 0.715 
 71 275 91 300 53 0.6979 
 152 23 174 45 53 0.6974 
 612 81 643 117 53 0.6768 
 76 26 103 48 53 0.672 
 44 212 75 241 53 0.6636 
 588 83 614 112 53 0.6436 
 487 115 509 141 53 0.6196 
 656 116 681 144 53 0.6047 
 568 229 603 253 53 0.6011 
 161 0 185 18 53 0.5666 
 114 220 142 249 53 0.5571 
 216 40 244 65 53 0.5459 
 484 164 504 188 53 0.531 
 509 143 533 165 53 0.5234 
 608 172 626 193 53 0.5195 
 60 192 79 217 53 0.5163 
 60 9 88 32 53 0.5039 
 144 77 168 103 53 0.5027 
 195 5 223 33 53 0.5 
 378 2 398 19 53 0.4959 
 217 14 233 41 53 0.4351 
 117 82 142 107 53 0.4302 
 67 299 88 327 53 0.4261 
 480 189 498 213 53 0.4233 
 448 153 477 187 53 0.4214 
 666 0 701 20 53 0.4158 
 584 409 603 432 53 0.4006 
 65 212 87 240 53 0.3999 
 596 9 623 35 53 0.3914 
 109 281 135 309 53 0.3821 
 669 246 701 272 53 0.3784 
 616 141 628 162 53 0.3709 
 308 250 329 274 53 0.3567 
 78 304 103 329 53 0.3459 
 328 268 347 289 53 0.3442 
 528 6 548 34 53 0.3408 
 535 84 561 109 53 0.3218 
 67 358 99 383 53 0.3218 
 57 197 85 226 53 0.3074 
 562 266 587 295 53 0.3057 
 142 0 160 14 53 0.2949 
 146 212 175 235 53 0.2869 
 652 113 669 138 53 0.2814 
 212 0 227 13 53 0.2611 
