251 348 280 381 53 0.855 
 409 404 444 433 53 0.8481 
 201 498 237 528 53 0.8423 
 273 445 304 474 53 0.8408 
 247 147 281 180 53 0.8364 
 20 287 57 317 53 0.8316 
 263 165 296 194 53 0.8311 
 96 63 132 96 53 0.8286 
 388 126 421 157 53 0.8223 
 444 458 483 488 53 0.8214 
 393 335 430 366 53 0.8198 
 473 114 512 141 53 0.813 
 136 467 171 494 53 0.8042 
 321 107 361 142 53 0.8018 
 85 364 118 391 53 0.7988 
 312 139 350 174 53 0.7959 
 25 430 51 457 53 0.7955 
 52 351 87 381 53 0.7925 
 524 210 562 239 53 0.7905 
 674 91 704 126 53 0.7897 
 496 70 529 102 53 0.7891 
 444 486 476 514 53 0.7871 
 200 296 231 324 53 0.7861 
 286 305 320 336 53 0.7734 
 51 574 79 605 53 0.7716 
 414 69 445 105 53 0.771 
 632 474 669 502 53 0.7695 
 328 38 353 63 53 0.7687 
 109 252 145 281 53 0.7687 
 533 184 565 212 53 0.7676 
 7 662 41 691 53 0.7627 
 34 195 61 226 53 0.7598 
 13 567 46 590 53 0.7598 
 510 366 544 393 53 0.756 
 76 444 106 470 53 0.7544 
 568 495 602 526 53 0.7441 
 61 198 93 231 53 0.7402 
 0 497 34 521 53 0.7319 
 597 256 636 290 53 0.7319 
 153 442 175 466 53 0.7291 
 349 35 374 67 53 0.7277 
 86 470 110 490 53 0.7277 
 531 308 552 335 53 0.7238 
 262 67 296 93 53 0.7031 
 359 38 387 64 53 0.7017 
 242 447 270 469 53 0.6992 
 40 553 59 579 53 0.6979 
 91 580 127 610 53 0.6958 
 183 145 214 173 53 0.6943 
 149 658 188 687 53 0.6934 
 476 306 507 343 53 0.6872 
 242 383 259 402 53 0.6857 
 650 593 684 621 53 0.6851 
 129 90 160 116 53 0.6841 
 211 620 244 652 53 0.6792 
 75 96 108 122 53 0.667 
 128 58 155 86 53 0.6655 
 194 527 230 551 53 0.6611 
 644 219 673 241 53 0.6514 
 174 29 210 59 53 0.6353 
 39 370 61 391 53 0.634 
 514 546 547 574 53 0.6187 
 434 120 473 152 53 0.5908 
 484 54 505 88 53 0.5905 
 530 457 557 479 53 0.5859 
 475 141 497 165 53 0.5569 
 182 530 197 549 53 0.5476 
 218 382 240 403 53 0.5427 
 328 477 361 503 53 0.541 
 27 81 61 108 53 0.5303 
 279 26 304 44 53 0.5205 
 107 0 132 14 53 0.5117 
 36 631 55 653 53 0.4851 
 668 501 692 523 53 0.4805 
 86 683 108 704 53 0.4795 
 196 145 232 176 53 0.4707 
 261 555 295 588 53 0.4216 
 458 583 476 607 53 0.408 
 166 3 178 13 53 0.4045 
 162 0 181 16 53 0.4045 
 183 253 200 279 53 0.4036 
 174 32 194 53 53 0.4016 
 359 466 384 494 53 0.3979 
 59 652 90 680 53 0.397 
 585 313 614 341 53 0.3831 
 671 597 702 630 53 0.3794 
 457 643 496 673 53 0.373 
 359 664 396 694 53 0.3684 
 480 382 498 401 53 0.3513 
 0 266 7 295 53 0.3364 
 578 253 601 273 53 0.3208 
 30 322 64 346 53 0.3208 
 29 82 43 105 53 0.3025 
 341 1 355 12 53 0.3025 
 124 678 147 701 53 0.2791 
 547 690 584 704 53 0.2698 
 249 213 271 234 53 0.2651 
 430 687 470 704 53 0.2622 
 487 63 503 84 53 0.2568 
