41 460 70 488 53 0.8408 
 104 58 125 93 53 0.7051 
 39 408 64 432 53 0.7003 
 21 399 45 426 53 0.6662 
 71 396 94 424 53 0.6652 
 489 1 513 20 53 0.6283 
 14 464 42 487 53 0.6279 
 62 429 86 449 53 0.6193 
 357 495 381 518 53 0.6133 
 44 100 80 124 53 0.6001 
 4 525 27 553 53 0.5869 
 261 17 281 43 53 0.5776 
 28 61 54 86 53 0.5688 
 342 496 358 524 53 0.5666 
 469 4 492 25 53 0.5581 
 216 368 239 391 53 0.5388 
 270 372 313 402 53 0.4961 
 0 536 20 558 53 0.4736 
 0 515 11 544 53 0.4717 
 87 480 109 506 53 0.458 
 119 112 142 133 53 0.4148 
 640 166 668 198 53 0.4141 
 143 12 164 33 53 0.3877 
 547 196 570 217 53 0.3782 
 689 289 703 312 53 0.3621 
 518 27 546 55 53 0.3567 
 343 51 368 81 53 0.354 
 40 362 70 387 53 0.3408 
 350 326 376 352 53 0.3389 
 245 416 269 443 53 0.3157 
 62 0 87 12 53 0.3074 
 107 547 126 567 53 0.3049 
 385 294 415 320 53 0.2837 
 477 88 502 115 53 0.283 
 221 438 253 468 53 0.2822 
 367 337 391 362 53 0.2681 
 235 511 253 529 53 0.251 
