468 272 502 301 53 0.6953 
 458 183 493 211 53 0.6792 
 152 220 180 249 53 0.6558 
 328 45 353 73 53 0.6554 
 320 430 354 462 53 0.6343 
 140 276 174 303 53 0.5972 
 493 244 527 277 53 0.562 
 346 31 377 58 53 0.5312 
 505 23 540 57 53 0.5283 
 642 118 679 147 53 0.5146 
 127 252 152 280 53 0.5056 
 656 190 691 221 53 0.4504 
 209 98 242 129 53 0.4485 
 233 456 251 483 53 0.407 
 164 34 193 59 53 0.3896 
 430 43 456 67 53 0.3885 
 294 686 333 704 53 0.3821 
 260 306 289 338 53 0.3594 
 451 45 485 73 53 0.3557 
 237 243 259 265 53 0.3208 
 478 115 508 143 53 0.3201 
 196 0 222 17 53 0.2847 
 258 458 300 496 53 0.2693 
 225 362 253 388 53 0.2651 
 378 96 394 123 53 0.251 
