2 309 27 335 53 0.8357 
 165 323 190 347 53 0.7199 
 648 608 675 634 53 0.7096 
 201 359 228 380 53 0.709 
 53 320 83 345 53 0.6802 
 164 284 189 311 53 0.6779 
 611 540 639 564 53 0.6353 
 582 285 612 312 53 0.634 
 30 421 52 444 53 0.6276 
 228 453 252 472 53 0.5918 
 112 358 131 379 53 0.5754 
 198 285 234 312 53 0.5659 
 336 382 365 402 53 0.5649 
 511 440 537 464 53 0.542 
 0 192 9 213 53 0.5049 
 38 161 67 183 53 0.5039 
 236 173 260 199 53 0.4941 
 541 418 572 446 53 0.4727 
 337 425 360 446 53 0.4531 
 1 247 14 265 53 0.4465 
 201 382 220 403 53 0.4426 
 289 328 310 350 53 0.407 
 5 276 23 300 53 0.4006 
 42 318 57 338 53 0.397 
 429 1 454 13 53 0.397 
 692 105 703 129 53 0.3667 
 464 653 490 679 53 0.3431 
 679 19 704 44 53 0.3425 
 1 47 22 66 53 0.3354 
 493 0 526 24 53 0.3091 
 86 345 112 365 53 0.3074 
 214 96 243 120 53 0.2681 
 101 3 126 24 53 0.2598 
 223 472 237 489 53 0.2546 
 568 412 592 438 53 0.2524 
