373 253 402 281 53 0.8521 
 448 278 480 307 53 0.8364 
 235 104 266 128 53 0.8242 
 325 454 356 481 53 0.7969 
 310 183 342 205 53 0.7832 
 329 203 354 232 53 0.7804 
 447 322 470 343 53 0.7739 
 321 93 353 121 53 0.7598 
 417 150 442 177 53 0.7404 
 331 118 353 135 53 0.7301 
 213 380 243 408 53 0.7301 
 42 368 78 395 53 0.7271 
 131 254 155 279 53 0.7244 
 361 274 386 298 53 0.7231 
 20 403 52 427 53 0.7139 
 243 46 263 70 53 0.7135 
 0 202 15 237 53 0.7072 
 383 286 403 311 53 0.6958 
 520 28 541 49 53 0.6925 
 275 155 304 179 53 0.6533 
 374 134 406 160 53 0.6494 
 123 236 146 263 53 0.6491 
 480 30 500 54 53 0.6286 
 505 13 524 37 53 0.6266 
 468 313 487 339 53 0.6242 
 169 306 192 333 53 0.6213 
 524 80 544 103 53 0.613 
 392 285 417 308 53 0.613 
 435 278 450 302 53 0.611 
 0 372 34 398 53 0.606 
 66 90 96 118 53 0.5786 
 395 116 423 142 53 0.5688 
 339 165 359 187 53 0.5598 
 45 561 70 584 53 0.5591 
 585 562 614 590 53 0.5508 
 359 10 386 38 53 0.5456 
 499 147 529 170 53 0.5449 
 622 454 647 481 53 0.5439 
 58 81 82 106 53 0.5417 
 457 641 485 674 53 0.5391 
 503 74 530 98 53 0.5388 
 249 308 268 331 53 0.5098 
 171 642 198 669 53 0.4971 
 324 106 353 134 53 0.4785 
 93 82 113 113 53 0.4639 
 693 396 702 421 53 0.46 
 591 587 607 615 53 0.4561 
 645 520 669 543 53 0.4475 
 190 277 220 307 53 0.4358 
 520 302 541 321 53 0.4243 
 481 489 504 514 53 0.4204 
 538 597 566 624 53 0.4121 
 531 174 558 202 53 0.4063 
 311 151 329 170 53 0.3979 
 105 613 132 636 53 0.3887 
 501 365 527 386 53 0.3831 
 216 530 237 551 53 0.3811 
 535 318 554 345 53 0.3757 
 23 68 46 87 53 0.3667 
 2 443 30 474 53 0.354 
 695 443 702 476 53 0.3469 
 651 464 670 492 53 0.3459 
 210 496 230 520 53 0.3354 
 558 586 582 619 53 0.3057 
 69 582 97 604 53 0.272 
 395 89 415 109 53 0.2611 
 230 475 257 497 53 0.251 
