97 249 133 282 53 0.8569 
 163 539 198 571 53 0.8511 
 62 188 92 219 53 0.8501 
 93 598 130 625 53 0.8501 
 406 343 443 381 53 0.8442 
 640 558 675 591 53 0.8408 
 148 477 184 511 53 0.835 
 5 146 48 176 53 0.8345 
 426 377 459 410 53 0.8291 
 112 156 150 192 53 0.8267 
 295 529 339 564 53 0.8252 
 152 610 191 642 53 0.8242 
 342 420 380 455 53 0.8223 
 47 563 83 592 53 0.8218 
 82 354 119 385 53 0.8193 
 191 298 228 333 53 0.8164 
 662 112 693 145 53 0.814 
 233 400 267 430 53 0.8135 
 33 7 70 39 53 0.8066 
 506 626 535 652 53 0.8058 
 607 169 641 204 53 0.8032 
 497 594 536 629 53 0.8032 
 130 190 168 223 53 0.8003 
 35 482 63 512 53 0.7999 
 173 77 209 114 53 0.7983 
 388 93 420 129 53 0.7983 
 297 610 341 645 53 0.7974 
 444 0 486 33 53 0.7969 
 349 298 386 336 53 0.7959 
 520 383 560 415 53 0.7905 
 405 564 448 609 53 0.7881 
 224 177 256 203 53 0.7867 
 417 96 459 135 53 0.7852 
 467 625 502 654 53 0.7812 
 383 7 421 37 53 0.7798 
 185 196 213 223 53 0.7725 
 360 511 384 545 53 0.7706 
 341 76 383 105 53 0.7657 
 260 255 289 282 53 0.7642 
 639 0 679 32 53 0.7642 
 620 579 657 615 53 0.7578 
 647 316 688 345 53 0.7574 
 574 613 611 649 53 0.7534 
 669 418 704 451 53 0.752 
 472 129 501 158 53 0.752 
 80 222 112 258 53 0.7511 
 385 509 417 545 53 0.7456 
 31 675 68 702 53 0.7456 
 245 586 287 619 53 0.7407 
 605 337 631 367 53 0.7407 
 101 295 128 322 53 0.7373 
 628 116 670 150 53 0.7363 
 325 22 362 49 53 0.7227 
 628 150 656 184 53 0.7217 
 292 359 328 389 53 0.7202 
 80 308 114 332 53 0.7148 
 19 370 45 396 53 0.7072 
 592 160 626 185 53 0.6982 
 343 547 367 569 53 0.694 
 545 538 586 565 53 0.6934 
 0 1 21 21 53 0.6885 
 115 205 133 231 53 0.6881 
 0 272 28 298 53 0.6841 
 332 676 364 701 53 0.6665 
 159 217 192 242 53 0.6655 
 535 210 575 258 53 0.6494 
 354 652 378 681 53 0.647 
 428 210 458 235 53 0.6362 
 368 561 401 590 53 0.6123 
 119 1 142 24 53 0.5991 
 247 114 281 142 53 0.5879 
 509 523 537 548 53 0.5859 
 223 426 249 467 53 0.5737 
 297 29 328 54 53 0.564 
 34 555 55 579 53 0.561 
 258 175 280 200 53 0.5564 
 642 111 683 154 53 0.5332 
 89 499 107 521 53 0.531 
 302 685 339 703 53 0.5283 
 85 300 126 328 53 0.4893 
 15 176 32 196 53 0.4854 
 403 542 440 563 53 0.4844 
 685 669 703 695 53 0.4763 
 345 99 368 120 53 0.4688 
 155 106 188 140 53 0.4619 
 325 50 350 81 53 0.4111 
 651 665 688 693 53 0.4111 
 305 63 334 92 53 0.4045 
 0 376 10 395 53 0.4016 
 17 274 33 297 53 0.3914 
 546 105 581 128 53 0.373 
 265 409 285 432 53 0.3303 
 157 103 182 128 53 0.3269 
 395 128 416 151 53 0.3233 
 547 394 576 426 53 0.3208 
 445 12 465 39 53 0.3189 
 459 380 488 404 53 0.3174 
 102 530 131 550 53 0.3157 
 525 148 561 167 53 0.2886 
 450 114 472 139 53 0.2869 
 180 215 209 240 53 0.2681 
 260 68 280 91 53 0.2666 
 627 92 656 117 53 0.2651 
 280 677 296 699 53 0.2644 
 222 644 244 668 53 0.2539 
