132 16 161 43 53 0.8697 
 116 499 148 528 53 0.8662 
 470 242 501 271 53 0.8521 
 221 23 244 48 53 0.8492 
 81 209 114 240 53 0.8389 
 452 76 485 106 53 0.8374 
 176 541 207 571 53 0.8364 
 576 100 611 129 53 0.8345 
 98 328 124 349 53 0.8335 
 334 246 365 274 53 0.8301 
 334 431 362 456 53 0.8291 
 463 188 492 214 53 0.8232 
 377 354 403 378 53 0.8229 
 369 453 397 483 53 0.8223 
 611 38 644 68 53 0.8131 
 53 171 86 199 53 0.813 
 197 90 223 114 53 0.8121 
 231 372 257 399 53 0.8058 
 470 105 505 134 53 0.8048 
 406 279 437 305 53 0.8008 
 264 430 290 455 53 0.8008 
 465 451 496 474 53 0.8008 
 82 557 114 581 53 0.8008 
 307 215 336 236 53 0.7983 
 167 3 195 28 53 0.7974 
 482 32 510 61 53 0.7959 
 605 239 636 265 53 0.7959 
 349 514 370 537 53 0.7921 
 439 32 474 61 53 0.791 
 331 29 365 56 53 0.7901 
 598 310 624 334 53 0.7897 
 487 0 528 22 53 0.7886 
 409 424 437 448 53 0.7857 
 552 479 579 508 53 0.7857 
 85 305 111 334 53 0.7852 
 165 372 194 396 53 0.7842 
 258 669 290 697 53 0.7827 
 434 277 465 299 53 0.7778 
 83 279 108 303 53 0.7773 
 187 386 211 403 53 0.7773 
 70 476 95 497 53 0.777 
 678 530 703 556 53 0.774 
 561 496 593 522 53 0.7739 
 199 464 220 488 53 0.7721 
 137 76 167 104 53 0.772 
 232 130 253 151 53 0.7701 
 557 143 590 175 53 0.7686 
 104 242 136 270 53 0.7676 
 42 267 70 290 53 0.7667 
 575 474 598 501 53 0.7653 
 111 58 141 84 53 0.7607 
 563 543 592 569 53 0.7589 
 357 113 389 135 53 0.7568 
 340 473 361 495 53 0.7522 
 617 562 650 592 53 0.7515 
 63 73 89 93 53 0.7424 
 241 14 254 37 53 0.7413 
 360 45 388 68 53 0.7388 
 100 289 126 311 53 0.7388 
 589 374 617 399 53 0.7378 
 143 355 170 379 53 0.7378 
 60 238 86 258 53 0.7363 
 634 244 658 266 53 0.736 
 486 432 514 461 53 0.733 
 188 263 213 285 53 0.731 
 482 355 513 381 53 0.7285 
 588 209 612 238 53 0.7213 
 222 493 254 515 53 0.7212 
 638 50 660 71 53 0.7202 
 650 599 683 628 53 0.7192 
 192 248 217 268 53 0.7188 
 436 430 456 447 53 0.718 
 405 310 433 331 53 0.7153 
 327 639 356 666 53 0.7148 
 112 453 143 476 53 0.7148 
 289 499 317 524 53 0.708 
 57 403 76 422 53 0.7013 
 50 464 77 489 53 0.6982 
 379 619 423 657 53 0.6968 
 471 544 502 566 53 0.6953 
 324 172 351 191 53 0.6929 
 294 13 320 33 53 0.6919 
 314 3 334 26 53 0.6916 
 445 304 465 325 53 0.6909 
 293 38 320 61 53 0.6895 
 601 123 633 157 53 0.6891 
 552 123 577 151 53 0.6885 
 289 330 309 356 53 0.6847 
 5 269 28 293 53 0.6837 
 439 652 475 682 53 0.6823 
 468 523 492 544 53 0.6802 
 36 456 61 482 53 0.6768 
 539 203 564 224 53 0.6758 
 267 159 293 182 53 0.672 
 92 518 119 546 53 0.672 
 148 198 166 218 53 0.6633 
 599 581 627 615 53 0.6608 
 14 459 38 485 53 0.6567 
 153 50 167 69 53 0.6564 
 512 164 536 188 53 0.6564 
 223 113 243 134 53 0.651 
 193 674 222 700 53 0.6504 
 309 149 332 173 53 0.6374 
 296 534 314 552 53 0.6372 
 11 334 39 356 53 0.6349 
 328 104 349 125 53 0.6315 
 142 437 163 461 53 0.6296 
 392 116 416 137 53 0.6289 
 655 381 685 400 53 0.6289 
 588 413 611 434 53 0.6266 
 523 256 553 281 53 0.625 
 566 200 586 223 53 0.6184 
 350 349 367 367 53 0.618 
 459 319 477 333 53 0.6149 
 2 85 30 108 53 0.6133 
 38 288 64 312 53 0.6066 
 87 259 107 280 53 0.606 
 348 66 371 90 53 0.604 
 326 87 356 111 53 0.6001 
 227 475 248 496 53 0.5972 
 28 421 47 446 53 0.5959 
 280 415 301 439 53 0.5837 
 91 71 113 90 53 0.5806 
 668 586 700 608 53 0.5786 
 555 218 571 239 53 0.5744 
 432 405 450 423 53 0.563 
 426 412 448 431 53 0.5598 
 45 398 74 423 53 0.5544 
 545 263 561 283 53 0.5527 
 435 347 457 371 53 0.5466 
 661 499 680 529 53 0.5459 
 356 238 373 256 53 0.5437 
 68 513 91 539 53 0.54 
 302 475 327 496 53 0.531 
 655 243 678 262 53 0.5303 
 27 475 47 492 53 0.5283 
 630 521 660 551 53 0.5163 
 226 638 249 659 53 0.5085 
 662 561 684 582 53 0.501 
 570 659 593 682 53 0.4988 
 0 185 11 206 53 0.4971 
 580 609 604 633 53 0.4961 
 644 267 660 289 53 0.4919 
 122 181 148 208 53 0.4912 
 91 145 112 165 53 0.4851 
 500 617 536 648 53 0.4834 
 380 480 399 493 53 0.4773 
 150 645 177 670 53 0.4727 
 359 620 382 646 53 0.458 
 226 120 252 142 53 0.4561 
 444 13 463 34 53 0.4473 
 337 506 352 523 53 0.4331 
 56 470 94 494 53 0.4272 
 329 65 361 91 53 0.4226 
 0 505 6 530 53 0.4224 
 108 41 120 63 53 0.4131 
 559 217 585 239 53 0.4131 
 20 462 49 493 53 0.4111 
 97 657 117 681 53 0.4082 
 579 679 607 699 53 0.4082 
 103 525 126 547 53 0.4045 
 147 509 162 528 53 0.4016 
 448 261 467 279 53 0.4006 
 29 301 56 325 53 0.3979 
 226 481 245 502 53 0.3933 
 431 320 449 335 53 0.3867 
 676 84 695 104 53 0.3809 
 210 263 227 281 53 0.3802 
 677 151 703 170 53 0.373 
 341 597 354 615 53 0.3619 
 44 398 59 420 53 0.3594 
 348 498 365 516 53 0.3521 
 658 77 678 100 53 0.3503 
 249 169 265 190 53 0.3345 
 85 264 104 291 53 0.3293 
 65 229 90 249 53 0.3233 
 451 314 474 335 53 0.304 
 16 554 43 575 53 0.2998 
 346 610 367 641 53 0.2974 
 386 334 403 355 53 0.2878 
 366 526 384 543 53 0.2847 
 283 72 296 90 53 0.2815 
 56 519 73 537 53 0.2791 
 217 327 238 347 53 0.2789 
 592 264 609 283 53 0.2644 
 172 612 192 638 53 0.2539 
