327 63 366 102 53 0.8624 
 199 194 235 226 53 0.8535 
 329 393 361 419 53 0.853 
 102 176 124 199 53 0.8502 
 69 532 101 567 53 0.8467 
 512 167 547 200 53 0.8457 
 106 389 138 418 53 0.8457 
 130 244 167 275 53 0.8452 
 430 113 466 147 53 0.8286 
 368 480 402 512 53 0.8257 
 263 158 299 190 53 0.8228 
 402 543 436 575 53 0.8198 
 94 153 120 180 53 0.8189 
 18 258 53 288 53 0.8188 
 235 573 266 602 53 0.8188 
 166 149 193 178 53 0.8174 
 153 441 181 471 53 0.8169 
 117 159 147 187 53 0.815 
 35 22 66 48 53 0.814 
 192 150 210 178 53 0.8131 
 131 456 170 491 53 0.8126 
 442 83 473 111 53 0.8125 
 405 181 433 207 53 0.8125 
 295 165 319 194 53 0.8106 
 527 35 559 65 53 0.8105 
 266 395 302 426 53 0.8105 
 30 187 60 214 53 0.8042 
 358 240 385 270 53 0.8042 
 263 115 302 158 53 0.8032 
 249 0 285 31 53 0.8018 
 82 370 117 400 53 0.8018 
 187 98 208 128 53 0.8009 
 413 476 436 497 53 0.7984 
 76 504 114 537 53 0.797 
 248 508 281 533 53 0.7969 
 399 492 430 517 53 0.7944 
 318 611 349 640 53 0.7944 
 99 442 130 465 53 0.793 
 50 254 76 277 53 0.7891 
 529 575 557 599 53 0.7881 
 340 569 360 600 53 0.7857 
 62 368 86 400 53 0.7852 
 211 118 245 145 53 0.7847 
 345 535 374 564 53 0.7812 
 424 405 449 429 53 0.7798 
 437 546 471 577 53 0.7734 
 35 350 62 370 53 0.7695 
 107 261 133 284 53 0.7661 
 452 405 479 427 53 0.7656 
 420 306 455 336 53 0.7646 
 362 514 396 540 53 0.7637 
 545 657 569 692 53 0.7594 
 516 663 548 691 53 0.7529 
 402 214 437 242 53 0.7515 
 419 375 450 401 53 0.7393 
 316 213 341 245 53 0.7384 
 501 19 532 40 53 0.7349 
 96 32 131 61 53 0.7334 
 297 370 315 398 53 0.731 
 8 229 41 255 53 0.7305 
 205 337 229 362 53 0.7199 
 272 231 302 255 53 0.7178 
 119 125 163 155 53 0.7168 
 178 0 208 16 53 0.7163 
 200 656 239 692 53 0.7124 
 446 668 475 704 53 0.7031 
 391 395 422 417 53 0.6982 
 201 7 227 35 53 0.6979 
 231 404 261 431 53 0.6968 
 419 664 456 703 53 0.6958 
 337 516 357 538 53 0.6925 
 546 11 571 40 53 0.6909 
 179 179 204 202 53 0.686 
 342 665 367 696 53 0.6826 
 253 137 275 168 53 0.6807 
 299 215 331 241 53 0.6802 
 419 156 436 178 53 0.6769 
 144 159 165 190 53 0.6738 
 413 644 440 671 53 0.6704 
 483 158 510 182 53 0.6689 
 211 275 234 304 53 0.6538 
 230 80 257 113 53 0.6538 
 411 106 437 132 53 0.6538 
 351 678 376 704 53 0.653 
 212 15 245 48 53 0.6489 
 395 149 420 180 53 0.645 
 140 378 150 396 53 0.6403 
 453 634 484 658 53 0.6396 
 258 373 290 396 53 0.6323 
 403 585 440 613 53 0.6289 
 180 256 204 285 53 0.6152 
 366 541 388 569 53 0.6123 
 419 594 450 629 53 0.605 
 261 412 286 436 53 0.6011 
 237 49 263 79 53 0.6001 
 38 82 62 112 53 0.583 
 444 366 475 387 53 0.583 
 85 31 102 56 53 0.5676 
 371 676 403 704 53 0.5601 
 322 373 344 398 53 0.5569 
 396 235 420 256 53 0.5527 
 139 559 171 589 53 0.5479 
 136 378 156 398 53 0.5459 
 407 86 437 112 53 0.5447 
 461 581 487 611 53 0.542 
 315 152 347 177 53 0.501 
 569 15 586 40 53 0.4795 
 154 583 185 608 53 0.4775 
 370 638 403 664 53 0.4756 
 411 667 437 702 53 0.4736 
 219 588 239 612 53 0.4717 
 415 58 443 83 53 0.4688 
 142 440 180 489 53 0.459 
 213 2 247 23 53 0.4292 
 182 3 225 21 53 0.4216 
 454 577 479 604 53 0.4214 
 419 614 448 633 53 0.4131 
 108 596 140 625 53 0.4026 
 294 675 305 696 53 0.3958 
 15 505 49 531 53 0.3821 
 68 345 83 359 53 0.3819 
 34 231 51 250 53 0.3647 
 179 557 212 582 53 0.355 
 482 141 512 166 53 0.3477 
 262 660 278 689 53 0.345 
 354 674 396 704 53 0.3408 
 574 599 606 623 53 0.3252 
 207 604 235 630 53 0.3149 
 118 675 148 702 53 0.3132 
 31 491 53 519 53 0.2966 
 325 379 354 415 53 0.2925 
 199 598 221 627 53 0.2869 
 68 362 92 408 53 0.2759 
 388 189 412 217 53 0.272 
 208 590 242 627 53 0.2612 
