371 176 416 217 53 0.8413 
 475 337 519 380 53 0.832 
 417 442 465 482 53 0.832 
 542 246 581 283 53 0.793 
 386 68 434 116 53 0.7793 
 263 295 307 336 53 0.7671 
 296 266 330 304 53 0.7627 
 461 438 485 473 53 0.7334 
 323 323 366 360 53 0.7256 
 340 3 386 40 53 0.7256 
 495 258 539 294 53 0.7241 
 398 111 442 153 53 0.7207 
 368 18 405 53 53 0.7168 
 458 642 503 678 53 0.7163 
 467 373 501 406 53 0.7153 
 528 404 575 449 53 0.7119 
 617 119 662 164 53 0.7104 
 439 76 477 111 53 0.7065 
 675 188 703 229 53 0.7002 
 410 184 442 225 53 0.6992 
 30 641 73 680 53 0.6982 
 605 2 652 42 53 0.6777 
 561 122 599 159 53 0.6724 
 125 85 170 125 53 0.6694 
 132 431 173 469 53 0.6489 
 352 641 394 682 53 0.6392 
 547 549 591 585 53 0.6333 
 194 274 237 304 53 0.6235 
 451 109 487 149 53 0.6162 
 680 145 704 182 53 0.6152 
 650 309 690 344 53 0.6094 
 642 541 689 583 53 0.5742 
 674 279 704 310 53 0.5566 
 551 479 588 510 53 0.5518 
 122 553 164 592 53 0.5337 
 207 496 254 540 53 0.5039 
 31 606 76 646 53 0.449 
 250 386 294 426 53 0.4475 
 514 579 554 618 53 0.4407 
 461 137 498 162 53 0.4321 
 198 18 243 58 53 0.4248 
 472 177 501 209 53 0.4233 
 692 76 702 104 53 0.4167 
 12 340 58 380 53 0.3938 
 600 476 632 508 53 0.3804 
 101 32 143 63 53 0.3767 
 128 460 172 480 53 0.3757 
 653 605 704 635 53 0.3328 
 494 0 515 20 53 0.3184 
 693 33 702 58 53 0.2502 
