113 309 146 337 53 0.8057 
 31 385 70 412 53 0.7827 
 89 26 110 53 53 0.7706 
 196 426 228 459 53 0.7672 
 65 480 99 511 53 0.7316 
 468 283 504 312 53 0.7017 
 209 341 245 370 53 0.7007 
 61 419 88 450 53 0.6943 
 102 439 128 462 53 0.6885 
 26 526 61 553 53 0.6802 
 0 625 18 653 53 0.6623 
 575 162 605 198 53 0.6486 
 421 36 455 61 53 0.6406 
 241 0 274 24 53 0.6353 
 505 297 534 319 53 0.6353 
 216 628 253 659 53 0.625 
 196 657 229 683 53 0.6133 
 160 553 186 580 53 0.5757 
 126 447 148 469 53 0.5725 
 48 521 74 554 53 0.5705 
 66 43 90 63 53 0.5676 
 181 225 212 249 53 0.5581 
 155 293 188 320 53 0.541 
 516 463 544 487 53 0.5332 
 128 501 167 528 53 0.5225 
 550 180 579 205 53 0.5186 
 195 557 232 585 53 0.5127 
 158 510 189 539 53 0.4941 
 367 17 396 41 53 0.4861 
 353 1 395 18 53 0.4775 
 35 562 65 584 53 0.4668 
 657 279 679 305 53 0.4629 
 144 305 173 335 53 0.4397 
 650 356 685 388 53 0.4351 
 687 45 702 74 53 0.427 
 655 27 678 52 53 0.4141 
 0 531 10 560 53 0.4111 
 73 421 104 449 53 0.4072 
 322 82 343 104 53 0.4043 
 0 667 36 696 53 0.3943 
 247 664 270 687 53 0.3923 
 355 270 392 298 53 0.3923 
 154 298 174 322 53 0.385 
 598 27 628 62 53 0.3811 
 292 71 326 96 53 0.3647 
 661 408 688 430 53 0.3638 
 499 267 531 293 53 0.3621 
 150 627 187 670 53 0.3481 
 373 2 399 23 53 0.3442 
 421 377 458 404 53 0.3345 
 599 330 622 354 53 0.3276 
 424 0 451 15 53 0.3276 
 151 555 177 580 53 0.3269 
 611 271 641 297 53 0.3259 
 95 659 130 686 53 0.3091 
 359 4 396 31 53 0.3025 
 303 122 335 145 53 0.2949 
 661 228 687 252 53 0.283 
 204 155 236 180 53 0.2776 
 173 164 211 191 53 0.2744 
 229 194 261 223 53 0.2712 
 648 281 672 305 53 0.2546 
