505 116 536 149 53 0.8457 
 463 64 500 96 53 0.8335 
 273 370 306 401 53 0.8232 
 24 53 57 83 53 0.8198 
 534 464 570 503 53 0.8081 
 571 261 610 299 53 0.8052 
 522 429 554 466 53 0.8042 
 491 449 527 480 53 0.7993 
 40 127 79 163 53 0.7983 
 320 384 354 418 53 0.791 
 142 292 170 322 53 0.7897 
 457 368 488 401 53 0.7809 
 300 545 329 572 53 0.7716 
 312 437 336 465 53 0.7701 
 308 340 338 376 53 0.7692 
 160 262 188 290 53 0.7668 
 630 33 668 77 53 0.7646 
 5 198 40 226 53 0.7642 
 528 48 562 79 53 0.7622 
 304 236 342 278 53 0.7578 
 607 497 642 532 53 0.7568 
 1 24 40 56 53 0.7544 
 248 556 284 589 53 0.754 
 658 364 695 398 53 0.7529 
 591 190 627 230 53 0.752 
 88 44 127 84 53 0.752 
 121 58 156 90 53 0.7501 
 251 325 267 356 53 0.7472 
 318 314 349 351 53 0.7378 
 560 0 605 28 53 0.7373 
 284 467 310 502 53 0.7369 
 356 55 395 98 53 0.7363 
 583 226 613 255 53 0.7324 
 1 458 31 490 53 0.7324 
 684 401 704 425 53 0.7306 
 491 3 518 35 53 0.7247 
 597 281 630 308 53 0.7202 
 504 387 533 416 53 0.7178 
 275 344 308 373 53 0.7178 
 659 85 689 114 53 0.7153 
 0 178 23 202 53 0.7125 
 604 342 626 368 53 0.7117 
 668 49 702 79 53 0.7065 
 201 516 239 555 53 0.7041 
 660 492 692 519 53 0.7031 
 438 336 463 372 53 0.7026 
 463 300 496 334 53 0.7026 
 434 371 460 404 53 0.7023 
 225 418 260 451 53 0.6992 
 556 244 596 277 53 0.6982 
 250 86 285 117 53 0.6968 
 400 372 435 404 53 0.6968 
 439 29 467 59 53 0.693 
 241 0 270 23 53 0.6899 
 514 497 543 521 53 0.6899 
 652 450 689 478 53 0.6895 
 412 537 440 571 53 0.6885 
 510 96 538 119 53 0.687 
 572 329 606 363 53 0.6816 
 328 453 359 484 53 0.6807 
 127 315 156 340 53 0.6802 
 649 197 685 227 53 0.6768 
 150 80 184 110 53 0.6758 
 268 528 296 563 53 0.6733 
 386 304 418 334 53 0.6724 
 470 130 500 165 53 0.668 
 569 150 602 173 53 0.667 
 585 28 616 54 53 0.6665 
 160 404 184 437 53 0.6642 
 581 95 615 128 53 0.6621 
 334 632 371 667 53 0.6602 
 237 139 265 177 53 0.6577 
 189 491 223 526 53 0.6558 
 399 463 428 499 53 0.653 
 558 97 585 125 53 0.647 
 360 117 399 140 53 0.647 
 149 453 178 475 53 0.644 
 573 391 599 420 53 0.6426 
 0 1 18 25 53 0.6406 
 275 310 306 343 53 0.6372 
 406 14 432 46 53 0.6349 
 419 43 443 72 53 0.6315 
 316 373 340 392 53 0.6289 
 330 85 359 112 53 0.6279 
 163 115 191 135 53 0.626 
 186 377 217 404 53 0.626 
 160 0 194 18 53 0.625 
 466 419 490 443 53 0.6213 
 635 228 678 265 53 0.6187 
 237 506 264 540 53 0.6177 
 481 429 507 456 53 0.6164 
 346 128 376 157 53 0.6152 
 390 37 413 67 53 0.6133 
 564 188 597 221 53 0.6104 
 678 466 704 502 53 0.606 
 299 525 320 554 53 0.6027 
 436 459 464 488 53 0.5928 
 77 421 99 452 53 0.5889 
 414 505 450 538 53 0.5879 
 222 491 256 522 53 0.5815 
 436 570 470 602 53 0.5796 
 372 238 401 267 53 0.5786 
 289 422 316 452 53 0.5757 
 516 365 549 392 53 0.5728 
 117 428 157 460 53 0.5698 
 82 564 118 591 53 0.5649 
 380 472 403 503 53 0.5598 
 516 189 546 218 53 0.5591 
 643 99 668 128 53 0.5508 
 136 336 156 365 53 0.5469 
 581 72 605 96 53 0.5459 
 332 481 364 510 53 0.5449 
 584 471 616 501 53 0.5449 
 339 163 363 191 53 0.542 
 661 343 680 361 53 0.54 
 590 369 616 401 53 0.5391 
 687 302 703 328 53 0.5376 
 318 500 351 525 53 0.5361 
 631 293 662 324 53 0.5361 
 532 1 560 31 53 0.5342 
 633 241 658 266 53 0.5322 
 560 383 584 408 53 0.531 
 484 354 510 385 53 0.5283 
 183 428 209 453 53 0.5205 
 432 316 461 338 53 0.5107 
 479 330 508 364 53 0.5098 
 33 26 54 50 53 0.5088 
 204 153 230 176 53 0.5078 
 622 459 659 492 53 0.502 
 367 602 397 624 53 0.502 
 610 12 635 39 53 0.5017 
 629 360 657 385 53 0.501 
 344 105 365 133 53 0.499 
 364 510 391 536 53 0.4971 
 380 431 404 459 53 0.4932 
 43 0 72 15 53 0.4932 
 490 407 505 433 53 0.4834 
 673 1 703 23 53 0.4834 
 469 532 498 563 53 0.4785 
 267 0 295 19 53 0.4756 
 150 44 169 65 53 0.4717 
 621 649 652 683 53 0.4697 
 294 502 317 528 53 0.4688 
 644 14 670 44 53 0.4629 
 609 33 636 68 53 0.4609 
 661 564 683 593 53 0.46 
 446 177 482 209 53 0.4561 
 446 521 468 541 53 0.4514 
 180 410 205 446 53 0.4504 
 357 96 391 117 53 0.4504 
 452 332 479 368 53 0.4504 
 151 336 175 362 53 0.4407 
 319 517 349 542 53 0.4407 
 357 143 385 171 53 0.4351 
 0 446 18 473 53 0.4331 
 692 373 703 403 53 0.4329 
 490 381 514 410 53 0.43 
 601 97 634 134 53 0.4292 
 253 523 276 556 53 0.4263 
 627 104 652 137 53 0.4261 
 555 40 579 66 53 0.4251 
 587 89 621 114 53 0.4243 
 438 75 460 99 53 0.4207 
 500 33 529 57 53 0.4207 
 583 354 605 383 53 0.4167 
 333 8 364 43 53 0.4148 
 6 32 48 77 53 0.4121 
 682 478 704 513 53 0.4119 
 298 472 317 506 53 0.4111 
 638 470 673 501 53 0.4102 
 272 300 301 331 53 0.4045 
 660 406 671 432 53 0.4016 
 350 497 385 531 53 0.3979 
 263 145 289 174 53 0.397 
 624 220 649 247 53 0.3943 
 615 89 639 115 53 0.3933 
 55 463 73 483 53 0.3933 
 551 324 581 351 53 0.3923 
 493 96 515 127 53 0.3887 
 275 322 310 366 53 0.3877 
 309 472 339 509 53 0.3857 
 629 279 653 295 53 0.3767 
 199 415 231 444 53 0.3748 
 165 48 196 81 53 0.3738 
 466 398 498 424 53 0.3667 
 384 346 417 374 53 0.3604 
 312 80 336 113 53 0.3577 
 623 192 646 215 53 0.355 
 274 420 295 446 53 0.353 
 344 405 369 427 53 0.3523 
 206 387 229 415 53 0.3513 
 270 170 294 192 53 0.3477 
 649 560 670 591 53 0.3442 
 24 642 59 670 53 0.3442 
 441 498 467 529 53 0.3441 
 370 620 404 653 53 0.3433 
 303 304 328 341 53 0.3398 
 211 70 233 93 53 0.3389 
 183 81 207 104 53 0.3372 
 334 60 359 90 53 0.3364 
 543 115 572 143 53 0.3328 
 242 55 261 80 53 0.332 
 371 64 404 99 53 0.332 
 501 66 525 87 53 0.3191 
 533 30 553 51 53 0.3189 
 345 658 376 678 53 0.3174 
 337 448 375 482 53 0.3149 
 253 471 271 497 53 0.3121 
 157 558 180 585 53 0.3091 
 627 561 662 590 53 0.3081 
 96 411 131 444 53 0.3081 
 347 46 364 64 53 0.3015 
 580 356 612 397 53 0.3015 
 204 377 237 410 53 0.3008 
 688 37 704 67 53 0.2998 
 578 55 600 83 53 0.2991 
 220 140 243 168 53 0.2991 
 390 640 421 669 53 0.291 
 601 434 621 462 53 0.2869 
 629 279 658 315 53 0.2869 
 311 482 349 526 53 0.2847 
 282 230 313 267 53 0.2783 
 206 220 233 249 53 0.2705 
 419 12 454 40 53 0.269 
 32 456 56 485 53 0.2673 
 645 224 673 254 53 0.2673 
 443 453 472 496 53 0.2666 
 479 179 514 210 53 0.2659 
 0 450 27 481 53 0.2651 
 358 0 387 25 53 0.2637 
 561 72 577 93 53 0.2622 
 591 48 620 70 53 0.2622 
 257 117 276 135 53 0.2598 
 614 438 638 462 53 0.2598 
 462 408 507 438 53 0.2598 
 392 14 411 38 53 0.2583 
 152 56 172 84 53 0.2583 
 638 347 667 375 53 0.2554 
 465 423 504 451 53 0.2546 
 653 148 664 172 53 0.2517 
