242 481 265 513 53 0.8492 
 502 399 530 425 53 0.8405 
 572 285 599 316 53 0.8336 
 516 342 543 376 53 0.8154 
 207 431 242 461 53 0.7993 
 106 517 140 541 53 0.7798 
 2 484 35 508 53 0.7734 
 442 373 472 397 53 0.7622 
 226 476 243 504 53 0.7579 
 439 406 461 431 53 0.7545 
 475 370 499 393 53 0.7534 
 38 396 69 419 53 0.7388 
 643 393 670 416 53 0.7363 
 612 324 640 350 53 0.6958 
 281 478 303 500 53 0.6916 
 407 419 434 444 53 0.6895 
 647 557 669 582 53 0.6867 
 267 464 285 484 53 0.6857 
 228 355 264 381 53 0.6792 
 163 460 194 482 53 0.6782 
 58 597 83 625 53 0.6636 
 317 511 348 536 53 0.6582 
 516 423 538 440 53 0.6473 
 89 524 109 548 53 0.6447 
 163 417 180 439 53 0.6432 
 87 617 117 637 53 0.6333 
 48 496 88 525 53 0.6279 
 622 383 651 410 53 0.6235 
 462 412 482 430 53 0.6229 
 644 33 672 53 53 0.6113 
 297 499 326 521 53 0.5962 
 451 432 470 449 53 0.584 
 536 515 564 540 53 0.5815 
 310 364 333 382 53 0.5806 
 638 42 663 62 53 0.5767 
 332 453 358 472 53 0.5728 
 50 334 70 352 53 0.5666 
 0 561 12 576 53 0.5449 
 288 494 306 514 53 0.5381 
 200 462 214 478 53 0.5132 
 103 539 122 558 53 0.5029 
 416 354 438 377 53 0.501 
 475 397 498 417 53 0.4912 
 435 456 456 481 53 0.49 
 580 0 605 21 53 0.4814 
 526 310 550 330 53 0.4495 
 40 497 68 525 53 0.4358 
 83 596 102 625 53 0.4292 
 409 613 442 636 53 0.4226 
 146 463 169 486 53 0.4165 
 658 687 689 703 53 0.4102 
 689 71 703 87 53 0.4055 
 201 525 222 543 53 0.3943 
 131 604 155 631 53 0.3912 
 621 366 632 384 53 0.3782 
 543 496 565 516 53 0.3694 
 542 359 569 382 53 0.3674 
 1 413 28 442 53 0.353 
 684 68 704 84 53 0.3442 
 543 616 575 638 53 0.3354 
 622 679 657 703 53 0.3235 
 554 362 572 382 53 0.3157 
 263 467 297 487 53 0.314 
 160 560 200 582 53 0.3074 
 0 558 15 588 53 0.3032 
 575 475 591 494 53 0.2997 
 669 639 697 660 53 0.2878 
 63 475 91 495 53 0.2837 
 566 554 598 573 53 0.2798 
 207 527 231 544 53 0.2651 
 565 396 583 412 53 0.2628 
 8 410 28 429 53 0.2605 
