39 116 71 144 53 0.8438 
 478 199 516 227 53 0.8311 
 0 301 34 335 53 0.8208 
 67 418 103 451 53 0.8198 
 111 79 148 106 53 0.813 
 225 326 258 355 53 0.8115 
 405 248 435 275 53 0.8091 
 154 388 190 420 53 0.8082 
 6 451 38 481 53 0.8081 
 98 207 129 237 53 0.8072 
 51 271 84 304 53 0.8008 
 378 373 409 400 53 0.8008 
 230 501 266 538 53 0.7983 
 648 563 682 594 53 0.7959 
 57 469 94 499 53 0.7949 
 560 340 591 368 53 0.7944 
 424 562 459 592 53 0.793 
 137 408 161 436 53 0.7867 
 136 204 158 236 53 0.7857 
 635 165 674 199 53 0.7842 
 97 149 126 175 53 0.7788 
 315 334 347 366 53 0.7778 
 408 179 431 205 53 0.7716 
 371 443 404 474 53 0.771 
 432 219 463 252 53 0.7676 
 674 254 703 280 53 0.7671 
 117 474 159 503 53 0.7661 
 339 549 372 579 53 0.7627 
 586 324 613 349 53 0.7598 
 539 300 571 328 53 0.7549 
 614 401 641 427 53 0.7545 
 154 43 188 72 53 0.7531 
 0 223 20 252 53 0.7529 
 480 345 514 376 53 0.7526 
 14 33 45 64 53 0.749 
 651 401 680 427 53 0.749 
 169 271 200 297 53 0.7485 
 412 376 440 411 53 0.7485 
 566 291 598 316 53 0.7456 
 414 440 448 469 53 0.7422 
 519 362 550 389 53 0.7417 
 36 445 64 470 53 0.7417 
 611 497 643 526 53 0.7402 
 99 416 139 448 53 0.7373 
 150 426 183 457 53 0.7345 
 655 593 693 624 53 0.7334 
 651 117 685 148 53 0.728 
 515 529 557 561 53 0.7192 
 273 43 311 76 53 0.7188 
 620 341 646 368 53 0.7164 
 323 555 344 583 53 0.7164 
 396 37 430 68 53 0.7153 
 485 586 515 617 53 0.7148 
 218 436 254 469 53 0.7017 
 462 214 482 243 53 0.6955 
 588 348 623 381 53 0.6934 
 75 201 104 228 53 0.6875 
 377 199 408 230 53 0.687 
 359 680 391 704 53 0.686 
 394 121 424 150 53 0.6851 
 61 516 95 544 53 0.6841 
 404 64 439 90 53 0.6826 
 301 329 321 353 53 0.6803 
 307 432 335 457 53 0.6792 
 480 46 510 71 53 0.6738 
 150 492 177 517 53 0.6733 
 624 626 663 654 53 0.6704 
 344 193 378 222 53 0.668 
 665 301 695 321 53 0.667 
 374 348 400 372 53 0.6646 
 538 173 566 199 53 0.6626 
 615 579 652 609 53 0.6626 
 626 424 659 457 53 0.6582 
 83 455 119 482 53 0.6548 
 223 382 252 416 53 0.6533 
 267 512 292 541 53 0.6494 
 438 152 468 177 53 0.647 
 78 500 111 533 53 0.6426 
 673 214 700 233 53 0.6393 
 22 285 45 308 53 0.627 
 437 483 460 510 53 0.6162 
 588 281 616 305 53 0.6069 
 521 661 547 690 53 0.6069 
 348 380 378 408 53 0.604 
 230 158 269 192 53 0.6027 
 46 296 69 317 53 0.6021 
 493 468 530 499 53 0.5962 
 404 2 434 23 53 0.5957 
 311 490 347 518 53 0.5957 
 682 600 704 635 53 0.5935 
 342 441 363 462 53 0.5886 
 474 561 507 594 53 0.5879 
 410 510 432 532 53 0.5866 
 688 634 704 649 53 0.5815 
 199 167 220 194 53 0.5591 
 593 113 624 140 53 0.5581 
 621 162 644 189 53 0.5571 
 674 182 701 215 53 0.5508 
 305 586 335 619 53 0.5479 
 202 578 227 604 53 0.5391 
 592 444 621 471 53 0.5391 
 613 242 651 269 53 0.5361 
 287 78 324 116 53 0.522 
 434 584 469 611 53 0.5215 
 543 661 574 690 53 0.5127 
 593 476 614 497 53 0.5095 
 110 518 137 548 53 0.5068 
 169 590 195 615 53 0.4971 
 183 437 218 466 53 0.4961 
 301 617 334 650 53 0.4951 
 219 628 254 658 53 0.4873 
 453 1 487 31 53 0.4814 
 398 44 437 83 53 0.4741 
 446 581 481 613 53 0.4697 
 674 190 694 209 53 0.4639 
 171 612 210 644 53 0.4619 
 189 66 227 98 53 0.4619 
 686 285 704 310 53 0.4543 
 551 474 582 503 53 0.4534 
 0 536 40 567 53 0.4514 
 154 511 198 541 53 0.4495 
 28 561 54 591 53 0.4407 
 677 113 704 144 53 0.4387 
 479 387 508 414 53 0.4341 
 507 416 522 438 53 0.4233 
 534 562 558 582 53 0.4131 
 578 464 602 489 53 0.4121 
 35 351 64 375 53 0.3979 
 352 532 373 557 53 0.397 
 107 489 136 519 53 0.3943 
 418 0 461 20 53 0.3933 
 124 152 150 173 53 0.3877 
 606 302 630 323 53 0.3831 
 127 306 156 335 53 0.3721 
 320 553 367 584 53 0.3416 
 332 366 350 391 53 0.3293 
 1 532 22 559 53 0.3225 
 393 644 421 666 53 0.3184 
 335 602 371 632 53 0.3091 
 642 245 665 269 53 0.3038 
 331 583 351 607 53 0.3032 
 303 219 337 249 53 0.3008 
 357 369 379 388 53 0.2998 
 650 248 663 268 53 0.2837 
 575 284 610 316 53 0.2778 
 608 163 633 190 53 0.269 
 603 140 630 164 53 0.2583 
 581 470 610 494 53 0.2524 
