665 280 685 308 53 0.8224 
 150 375 172 401 53 0.8214 
 170 210 198 235 53 0.8121 
 45 227 69 254 53 0.7984 
 585 525 612 551 53 0.7938 
 527 350 553 375 53 0.7897 
 170 442 198 463 53 0.7881 
 91 484 118 510 53 0.7866 
 403 378 425 401 53 0.7732 
 176 370 210 392 53 0.7671 
 623 429 649 451 53 0.7671 
 673 173 701 199 53 0.7637 
 553 447 577 472 53 0.76 
 642 198 668 223 53 0.7598 
 302 577 330 607 53 0.754 
 601 423 620 445 53 0.7487 
 117 8 147 32 53 0.7456 
 511 281 532 301 53 0.7413 
 436 136 461 158 53 0.7339 
 14 227 34 248 53 0.728 
 154 158 177 186 53 0.7262 
 453 199 480 221 53 0.7251 
 379 498 405 524 53 0.7227 
 102 364 134 384 53 0.7129 
 74 503 85 527 53 0.7125 
 666 533 699 558 53 0.7104 
 641 73 668 99 53 0.6989 
 318 3 345 29 53 0.6925 
 215 439 232 459 53 0.6916 
 90 107 111 131 53 0.6895 
 56 372 78 394 53 0.6891 
 332 515 348 537 53 0.6833 
 175 4 199 29 53 0.6745 
 496 254 516 281 53 0.6738 
 261 99 286 124 53 0.673 
 210 203 244 227 53 0.6699 
 135 496 155 518 53 0.6662 
 453 169 476 190 53 0.6548 
 532 421 549 445 53 0.6545 
 195 422 221 440 53 0.6396 
 346 522 365 545 53 0.634 
 684 486 698 513 53 0.6257 
 119 295 139 315 53 0.6133 
 180 148 199 167 53 0.6081 
 648 367 670 388 53 0.6057 
 483 212 504 230 53 0.5988 
 401 578 416 602 53 0.5988 
 222 486 238 508 53 0.5969 
 112 313 128 329 53 0.5925 
 85 375 105 392 53 0.5863 
 464 350 484 369 53 0.5857 
 120 483 140 505 53 0.5776 
 641 14 661 43 53 0.5774 
 249 181 271 209 53 0.5676 
 527 502 552 528 53 0.5515 
 112 606 130 628 53 0.5271 
 47 140 66 162 53 0.5205 
 284 259 307 288 53 0.5176 
 178 196 199 211 53 0.5154 
 56 556 82 580 53 0.5117 
 230 0 252 14 53 0.5098 
 480 586 495 604 53 0.5046 
 641 182 656 196 53 0.5029 
 275 206 297 225 53 0.4941 
 661 82 680 98 53 0.4902 
 130 26 154 46 53 0.4861 
 380 214 391 231 53 0.4763 
 195 625 215 646 53 0.4695 
 400 663 418 685 53 0.4648 
 0 100 8 123 53 0.4609 
 432 600 447 618 53 0.46 
 495 319 508 334 53 0.4473 
 201 0 216 14 53 0.4456 
 53 76 81 101 53 0.4436 
 502 503 527 528 53 0.4368 
 300 280 320 296 53 0.4319 
 523 613 547 637 53 0.4302 
 327 607 357 644 53 0.4282 
 107 431 123 447 53 0.4263 
 486 520 513 537 53 0.4131 
 407 406 436 427 53 0.4072 
 518 176 539 196 53 0.4016 
 47 608 68 631 53 0.3989 
 147 44 166 64 53 0.3875 
 69 0 81 16 53 0.3709 
 331 317 345 338 53 0.3667 
 689 268 703 285 53 0.3657 
 341 1 359 21 53 0.3636 
 283 673 293 694 53 0.363 
 302 408 323 425 53 0.3604 
 112 290 137 310 53 0.3502 
 23 172 48 189 53 0.3496 
 157 255 173 271 53 0.3469 
 191 1 218 20 53 0.3328 
 271 455 290 477 53 0.3286 
 108 287 129 301 53 0.3216 
 654 506 669 523 53 0.3155 
 330 358 354 379 53 0.314 
 365 509 392 536 53 0.3132 
 406 635 420 654 53 0.3131 
 120 492 156 511 53 0.3008 
 688 64 704 82 53 0.2983 
 0 657 6 682 53 0.291 
 353 515 382 544 53 0.2903 
 591 608 610 628 53 0.2869 
 447 258 461 282 53 0.286 
 435 435 454 453 53 0.2743 
 567 519 580 536 53 0.2726 
 156 622 172 642 53 0.269 
 581 448 600 461 53 0.2657 
 603 103 613 121 53 0.2651 
 494 37 516 56 53 0.2651 
 127 15 146 40 53 0.2629 
 0 658 9 683 53 0.2554 
