272 34 300 62 53 0.8395 
 677 80 704 110 53 0.8346 
 388 231 414 259 53 0.8267 
 411 83 439 112 53 0.8066 
 459 6 485 35 53 0.8009 
 104 489 142 524 53 0.7969 
 614 27 649 54 53 0.7969 
 677 528 704 556 53 0.7936 
 355 81 384 109 53 0.7905 
 321 41 353 67 53 0.7881 
 226 162 258 193 53 0.7881 
 592 148 621 177 53 0.7842 
 207 11 239 41 53 0.7705 
 411 0 443 25 53 0.7695 
 15 408 50 438 53 0.7695 
 553 340 586 365 53 0.7686 
 278 102 305 126 53 0.7627 
 166 425 193 456 53 0.7589 
 406 122 433 150 53 0.7563 
 381 208 411 238 53 0.7545 
 405 174 433 195 53 0.754 
 372 297 398 318 53 0.7529 
 174 92 212 121 53 0.7511 
 311 190 343 218 53 0.7485 
 239 0 278 23 53 0.7422 
 506 180 527 202 53 0.7418 
 187 212 214 241 53 0.7373 
 447 336 476 365 53 0.7306 
 453 203 482 228 53 0.7247 
 388 150 417 174 53 0.7192 
 553 154 588 183 53 0.7124 
 436 375 462 400 53 0.7121 
 427 201 455 228 53 0.7096 
 197 1 224 21 53 0.708 
 149 215 179 246 53 0.7038 
 131 171 159 200 53 0.7026 
 196 236 225 260 53 0.7026 
 387 356 416 382 53 0.7017 
 502 154 528 181 53 0.6964 
 181 456 210 481 53 0.6953 
 651 250 674 278 53 0.687 
 487 236 518 258 53 0.687 
 316 314 344 344 53 0.6851 
 571 483 597 517 53 0.6841 
 523 164 552 191 53 0.6823 
 257 340 294 367 53 0.6802 
 50 372 84 397 53 0.6802 
 307 597 336 626 53 0.6711 
 260 529 288 555 53 0.6626 
 504 355 527 381 53 0.6579 
 207 322 238 352 53 0.6577 
 339 15 368 43 53 0.6567 
 212 293 247 322 53 0.6538 
 176 590 207 621 53 0.6533 
 391 423 417 447 53 0.645 
 197 373 220 403 53 0.6436 
 392 189 419 215 53 0.6436 
 22 365 55 398 53 0.6436 
 433 638 464 671 53 0.6323 
 468 651 493 679 53 0.6289 
 259 67 290 93 53 0.625 
 342 438 374 471 53 0.6206 
 197 610 232 640 53 0.6094 
 153 466 183 492 53 0.5918 
 359 359 384 384 53 0.5869 
 326 562 344 589 53 0.5869 
 538 489 580 526 53 0.5835 
 164 512 187 536 53 0.582 
 269 387 295 412 53 0.5767 
 607 490 627 513 53 0.5617 
 204 451 231 477 53 0.5571 
 125 1 152 28 53 0.5527 
 151 0 174 23 53 0.5515 
 303 380 339 410 53 0.5469 
 294 219 317 244 53 0.5427 
 126 672 154 701 53 0.5381 
 226 415 258 441 53 0.5352 
 374 383 398 402 53 0.5215 
 231 385 249 404 53 0.5195 
 633 253 650 280 53 0.5049 
 194 494 218 521 53 0.4968 
 104 579 138 608 53 0.4961 
 239 330 261 357 53 0.4959 
 133 69 155 97 53 0.4922 
 290 401 314 424 53 0.4773 
 627 413 655 448 53 0.4678 
 588 559 625 590 53 0.4678 
 235 609 264 638 53 0.459 
 264 409 287 432 53 0.4541 
 494 317 521 344 53 0.4495 
 460 502 494 531 53 0.4436 
 659 514 687 533 53 0.4387 
 201 429 223 454 53 0.4377 
 628 534 651 560 53 0.4175 
 62 553 96 590 53 0.4111 
 386 193 418 228 53 0.4016 
 499 631 534 660 53 0.397 
 359 543 390 571 53 0.3896 
 131 0 148 15 53 0.3865 
 100 194 144 222 53 0.3811 
 418 354 428 381 53 0.3804 
 23 528 67 562 53 0.3638 
 352 301 370 327 53 0.3594 
 1 257 18 288 53 0.3594 
 690 563 704 589 53 0.355 
 547 33 575 57 53 0.3381 
 632 502 657 524 53 0.3337 
 198 35 214 61 53 0.3006 
 693 200 702 221 53 0.2991 
 92 192 120 223 53 0.2815 
 344 193 377 217 53 0.2681 
