429 291 467 324 53 0.8311 
 330 382 364 412 53 0.8257 
 350 418 378 451 53 0.8198 
 405 480 443 513 53 0.8198 
 471 448 508 480 53 0.8154 
 483 259 518 287 53 0.813 
 225 202 265 236 53 0.8081 
 234 281 269 310 53 0.8057 
 507 108 544 144 53 0.7959 
 320 419 350 447 53 0.7959 
 557 21 599 58 53 0.7945 
 323 134 358 168 53 0.793 
 436 181 466 220 53 0.7881 
 363 620 399 655 53 0.7798 
 510 523 547 558 53 0.7754 
 165 298 197 328 53 0.7744 
 378 314 422 356 53 0.7744 
 622 193 656 226 53 0.7705 
 558 291 596 326 53 0.7607 
 405 194 433 219 53 0.7578 
 668 288 704 320 53 0.7578 
 492 363 525 401 53 0.752 
 380 99 414 126 53 0.749 
 347 598 380 629 53 0.7393 
 561 523 602 560 53 0.7363 
 299 56 332 87 53 0.7334 
 132 69 167 95 53 0.7256 
 296 498 332 523 53 0.7148 
 576 190 616 225 53 0.7124 
 154 0 194 21 53 0.708 
 0 12 22 41 53 0.7077 
 666 458 704 500 53 0.7061 
 165 234 202 259 53 0.6953 
 214 189 238 226 53 0.6909 
 452 552 488 582 53 0.687 
 24 351 49 382 53 0.6738 
 100 229 127 255 53 0.6621 
 259 58 283 82 53 0.6598 
 542 119 561 144 53 0.6545 
 321 59 345 88 53 0.6276 
 297 593 336 635 53 0.5791 
 163 75 181 104 53 0.5728 
 377 64 414 93 53 0.5728 
 52 365 79 390 53 0.561 
 154 301 171 324 53 0.5378 
 527 557 550 591 53 0.5205 
 70 1 103 18 53 0.5195 
 73 69 99 90 53 0.4961 
 72 442 104 472 53 0.4775 
 105 40 131 68 53 0.4756 
 554 292 576 322 53 0.4658 
 151 92 167 118 53 0.4207 
 53 63 78 94 53 0.4065 
 448 359 469 386 53 0.3738 
 133 92 159 119 53 0.3674 
 264 39 284 61 53 0.3345 
 242 360 263 382 53 0.3132 
 598 191 627 221 53 0.2822 
 611 22 632 45 53 0.2757 
 152 80 181 111 53 0.2568 
 297 218 322 247 53 0.2524 
