540 178 569 203 53 0.7789 
 586 301 613 326 53 0.7706 
 568 90 600 119 53 0.7422 
 5 288 36 317 53 0.7402 
 585 240 612 265 53 0.728 
 247 118 270 144 53 0.715 
 241 0 267 27 53 0.6985 
 557 160 588 193 53 0.6964 
 292 0 321 25 53 0.6958 
 182 114 214 138 53 0.686 
 199 307 231 334 53 0.6807 
 211 0 240 26 53 0.6733 
 26 30 63 55 53 0.6621 
 146 229 176 255 53 0.6533 
 610 390 631 416 53 0.653 
 638 211 667 239 53 0.6501 
 678 315 704 344 53 0.6491 
 19 4 46 32 53 0.6467 
 361 12 397 43 53 0.6437 
 211 30 238 55 53 0.6426 
 597 278 625 302 53 0.6377 
 595 90 632 114 53 0.6353 
 611 355 638 378 53 0.6266 
 190 17 219 45 53 0.6235 
 51 48 78 77 53 0.611 
 95 52 125 90 53 0.6104 
 145 345 176 372 53 0.5806 
 337 72 364 96 53 0.5757 
 323 326 357 358 53 0.5669 
 84 312 109 338 53 0.5537 
 106 309 134 334 53 0.5515 
 405 332 435 356 53 0.5508 
 483 376 516 406 53 0.5479 
 254 314 284 337 53 0.5371 
 376 240 408 268 53 0.5332 
 68 75 102 98 53 0.5322 
 444 171 470 203 53 0.5303 
 31 371 57 399 53 0.5242 
 401 268 430 294 53 0.5186 
 65 348 101 375 53 0.5186 
 319 82 344 109 53 0.5183 
 100 377 133 403 53 0.5107 
 225 221 254 244 53 0.4951 
 115 243 137 270 53 0.4871 
 265 144 284 163 53 0.4795 
 259 287 292 311 53 0.4766 
 621 70 649 97 53 0.4561 
 152 411 181 436 53 0.4387 
 585 404 609 426 53 0.4348 
 533 33 555 55 53 0.4282 
 659 283 686 313 53 0.4197 
 401 102 433 128 53 0.4121 
 1 0 24 17 53 0.4102 
 596 366 615 383 53 0.407 
 621 151 645 175 53 0.3943 
 197 395 230 418 53 0.3933 
 333 245 352 265 53 0.3923 
 37 0 65 24 53 0.3904 
 680 67 704 94 53 0.384 
 149 98 166 121 53 0.3804 
 286 358 313 386 53 0.3721 
 146 435 173 462 53 0.3647 
 483 257 501 278 53 0.3414 
 565 292 586 317 53 0.3381 
 0 359 18 383 53 0.3354 
 444 428 478 452 53 0.3293 
 17 339 47 364 53 0.304 
 311 245 333 267 53 0.2949 
 379 0 405 25 53 0.2644 
 609 437 629 457 53 0.2629 
 452 343 484 369 53 0.2568 
