85 74 123 102 53 0.8389 
 35 324 71 357 53 0.8364 
 163 400 201 432 53 0.8364 
 392 20 430 52 53 0.8355 
 178 234 215 267 53 0.835 
 648 276 690 307 53 0.8237 
 584 463 618 492 53 0.8223 
 322 16 355 49 53 0.8218 
 83 500 122 535 53 0.8184 
 247 442 282 476 53 0.8174 
 560 197 597 234 53 0.817 
 371 308 405 337 53 0.814 
 219 183 252 211 53 0.8115 
 229 46 257 78 53 0.8105 
 13 355 45 384 53 0.8105 
 245 159 274 191 53 0.8105 
 663 399 702 431 53 0.8101 
 590 323 616 351 53 0.8097 
 166 266 197 299 53 0.8091 
 332 264 358 293 53 0.8086 
 40 507 80 538 53 0.8033 
 389 238 431 270 53 0.8028 
 427 344 465 378 53 0.8023 
 674 46 704 74 53 0.7983 
 642 51 677 82 53 0.7949 
 454 197 486 226 53 0.7944 
 334 51 372 81 53 0.7886 
 147 28 182 57 53 0.7842 
 611 440 631 472 53 0.7828 
 550 278 595 317 53 0.7828 
 673 195 703 225 53 0.7808 
 370 517 403 551 53 0.7661 
 268 83 299 111 53 0.7656 
 527 0 562 27 53 0.7637 
 168 163 209 201 53 0.7598 
 86 297 107 332 53 0.7593 
 0 598 33 632 53 0.7583 
 179 21 205 47 53 0.7563 
 286 422 316 452 53 0.7544 
 630 559 673 591 53 0.7529 
 0 540 33 569 53 0.75 
 433 168 467 199 53 0.749 
 111 362 144 391 53 0.7482 
 87 439 110 463 53 0.7373 
 538 139 571 166 53 0.7339 
 0 339 26 373 53 0.7321 
 19 177 45 200 53 0.7305 
 573 351 602 384 53 0.7295 
 392 133 427 160 53 0.7285 
 382 600 419 629 53 0.728 
 557 351 581 383 53 0.7251 
 23 412 59 436 53 0.7227 
 411 468 437 507 53 0.7178 
 526 46 563 79 53 0.7135 
 257 474 295 501 53 0.7129 
 196 141 225 170 53 0.7124 
 545 517 587 555 53 0.708 
 356 265 382 295 53 0.7031 
 234 519 270 552 53 0.7017 
 350 162 379 197 53 0.7002 
 429 116 467 149 53 0.6802 
 540 610 578 642 53 0.6802 
 296 373 323 398 53 0.6782 
 104 401 124 422 53 0.6764 
 495 486 524 513 53 0.6733 
 159 0 193 31 53 0.6655 
 676 613 704 643 53 0.6626 
 578 603 610 632 53 0.6558 
 340 492 368 522 53 0.6523 
 447 382 465 409 53 0.647 
 348 0 373 22 53 0.644 
 295 51 311 79 53 0.6436 
 585 655 626 689 53 0.6426 
 579 427 608 458 53 0.626 
 19 677 55 703 53 0.6206 
 428 496 449 518 53 0.6167 
 657 392 674 415 53 0.6094 
 562 234 597 253 53 0.603 
 245 413 270 438 53 0.6027 
 551 583 581 612 53 0.5908 
 637 357 658 380 53 0.5806 
 19 123 53 142 53 0.5796 
 88 184 109 212 53 0.5774 
 237 641 279 680 53 0.5669 
 23 100 60 124 53 0.5601 
 110 679 153 703 53 0.5557 
 108 190 145 222 53 0.5544 
 122 227 154 253 53 0.5479 
 112 555 151 583 53 0.542 
 664 194 677 216 53 0.5271 
 269 52 297 79 53 0.5264 
 633 541 670 562 53 0.4941 
 371 590 385 619 53 0.4824 
 246 318 263 344 53 0.4766 
 438 41 474 71 53 0.4736 
 691 101 702 118 53 0.4668 
 85 650 123 682 53 0.4619 
 266 0 286 22 53 0.4485 
 2 207 14 227 53 0.4282 
 594 446 630 481 53 0.4187 
 329 522 364 548 53 0.4006 
 600 61 613 85 53 0.3757 
 378 248 396 272 53 0.3748 
 0 688 27 704 53 0.3621 
 577 437 602 466 53 0.355 
 2 143 27 166 53 0.355 
 298 231 320 260 53 0.3486 
 0 378 14 396 53 0.3372 
 692 392 703 418 53 0.3184 
 688 148 700 171 53 0.3182 
 415 480 447 512 53 0.3115 
 345 524 372 551 53 0.304 
 15 326 63 379 53 0.3003 
 193 657 227 685 53 0.2893 
 0 683 47 704 53 0.2837 
 466 44 485 71 53 0.2798 
 453 280 487 311 53 0.2786 
 352 346 374 364 53 0.2743 
 131 365 158 391 53 0.2644 
 376 560 404 584 53 0.2637 
 560 211 598 250 53 0.2629 
 246 2 287 17 53 0.2622 
 106 557 127 581 53 0.2605 
 131 526 152 556 53 0.2583 
 223 139 255 169 53 0.2524 
