518 393 554 426 53 0.8335 
 632 44 664 75 53 0.832 
 572 196 611 227 53 0.8228 
 326 259 360 287 53 0.8223 
 204 247 238 276 53 0.8193 
 310 97 345 126 53 0.8081 
 647 227 683 258 53 0.8057 
 103 260 129 290 53 0.8009 
 487 339 522 368 53 0.7974 
 17 196 50 225 53 0.7939 
 334 2 369 30 53 0.7866 
 597 8 623 37 53 0.7843 
 175 113 213 142 53 0.7822 
 123 266 160 299 53 0.7812 
 535 339 558 367 53 0.7804 
 120 412 156 444 53 0.7759 
 651 157 682 180 53 0.7734 
 79 249 113 281 53 0.7653 
 232 48 265 80 53 0.7642 
 78 659 114 691 53 0.7627 
 117 204 148 241 53 0.7476 
 287 107 321 138 53 0.7446 
 130 13 157 38 53 0.7358 
 186 659 220 688 53 0.7339 
 155 458 189 489 53 0.7295 
 65 140 94 167 53 0.7251 
 63 216 93 248 53 0.7202 
 255 63 280 90 53 0.7121 
 47 675 87 703 53 0.7104 
 153 234 184 261 53 0.7056 
 238 591 279 625 53 0.7007 
 18 0 37 22 53 0.6999 
 132 358 167 390 53 0.6929 
 91 5 130 30 53 0.6875 
 532 131 570 158 53 0.686 
 107 44 143 73 53 0.6813 
 561 6 588 30 53 0.6782 
 31 472 66 511 53 0.6779 
 247 116 266 143 53 0.6423 
 453 398 481 429 53 0.6343 
 220 118 246 150 53 0.6299 
 55 18 75 42 53 0.6276 
 629 292 663 318 53 0.6235 
 584 283 605 308 53 0.6226 
 266 319 295 350 53 0.6152 
 55 396 89 429 53 0.5918 
 667 2 704 26 53 0.5879 
 684 116 704 143 53 0.563 
 134 208 161 238 53 0.541 
 270 515 307 542 53 0.541 
 31 390 60 419 53 0.54 
 112 69 143 95 53 0.5391 
 6 481 38 509 53 0.5195 
 647 18 678 40 53 0.5068 
 288 659 315 688 53 0.4851 
 272 347 297 370 53 0.4841 
 327 381 362 412 53 0.4814 
 613 420 645 451 53 0.4668 
 633 141 656 165 53 0.4341 
 276 627 304 650 53 0.3999 
 450 160 487 198 53 0.3867 
 31 227 60 250 53 0.3821 
 494 57 526 80 53 0.3784 
 450 391 478 419 53 0.3711 
 254 618 286 648 53 0.3667 
 402 669 422 699 53 0.3657 
 681 416 702 439 53 0.353 
 647 181 672 201 53 0.3442 
 225 118 267 143 53 0.3442 
 481 244 510 269 53 0.3416 
 353 459 377 483 53 0.3345 
 675 0 703 17 53 0.3252 
 482 159 515 191 53 0.3252 
 371 598 403 623 53 0.3208 
 241 9 256 33 53 0.3201 
 5 530 37 561 53 0.3108 
 21 683 54 704 53 0.2998 
 655 396 688 418 53 0.2903 
 272 411 307 439 53 0.2886 
 630 218 657 244 53 0.2759 
 222 485 263 509 53 0.2727 
 258 49 287 89 53 0.2705 
 68 337 110 368 53 0.2637 
 410 308 433 337 53 0.2611 
 458 412 482 427 53 0.2605 
 414 195 437 221 53 0.2539 
