314 28 343 57 53 0.838 
 36 183 69 214 53 0.8091 
 473 173 502 202 53 0.7866 
 59 113 90 144 53 0.7842 
 320 292 347 320 53 0.7773 
 366 227 398 262 53 0.7739 
 312 224 348 253 53 0.7676 
 350 140 383 172 53 0.7656 
 162 177 192 204 53 0.7574 
 567 341 602 373 53 0.752 
 392 56 419 81 53 0.7493 
 490 348 519 377 53 0.7378 
 313 436 343 468 53 0.7285 
 211 346 235 376 53 0.7277 
 228 577 261 605 53 0.7271 
 171 110 200 135 53 0.7256 
 440 429 474 462 53 0.7188 
 48 237 74 259 53 0.7184 
 496 326 527 352 53 0.7148 
 133 150 163 177 53 0.7111 
 367 426 403 453 53 0.709 
 193 224 221 250 53 0.6978 
 52 66 88 95 53 0.6704 
 528 260 559 286 53 0.6699 
 282 378 315 408 53 0.6646 
 384 330 419 356 53 0.6514 
 289 285 313 310 53 0.651 
 455 2 490 31 53 0.6362 
 585 430 614 457 53 0.6353 
 292 42 316 64 53 0.6343 
 35 388 69 418 53 0.6323 
 220 502 245 528 53 0.6306 
 242 249 267 270 53 0.6302 
 453 250 483 279 53 0.6216 
 197 648 233 676 53 0.6187 
 306 402 324 428 53 0.5783 
 129 200 151 221 53 0.5564 
 205 82 236 106 53 0.5547 
 92 1 127 16 53 0.542 
 619 89 654 115 53 0.5205 
 142 439 176 468 53 0.5107 
 43 624 69 652 53 0.4534 
 520 311 540 335 53 0.4351 
 492 437 519 464 53 0.4263 
 237 159 262 179 53 0.4216 
 628 297 646 317 53 0.4043 
 577 323 601 342 53 0.3933 
 110 372 144 396 53 0.3933 
 194 346 214 368 53 0.3923 
 11 667 45 692 53 0.3877 
 210 566 229 585 53 0.3829 
 14 624 48 650 53 0.3711 
 0 530 14 554 53 0.3657 
 682 249 701 266 53 0.3469 
 195 44 235 68 53 0.3364 
 457 294 484 319 53 0.3065 
 143 310 167 328 53 0.2604 
