184 389 221 425 53 0.8438 
 89 358 124 394 53 0.8408 
 19 27 64 70 53 0.8369 
 306 93 338 127 53 0.833 
 625 615 672 665 53 0.8232 
 73 85 115 125 53 0.8184 
 284 65 322 99 53 0.8125 
 11 446 54 484 53 0.8086 
 641 432 682 466 53 0.8076 
 100 259 144 296 53 0.8037 
 147 327 182 358 53 0.8037 
 16 347 58 385 53 0.8018 
 594 533 637 567 53 0.7969 
 79 241 118 284 53 0.7959 
 567 95 605 131 53 0.7944 
 495 626 536 663 53 0.792 
 169 137 213 169 53 0.7887 
 483 285 522 324 53 0.7881 
 127 43 167 79 53 0.7847 
 102 467 127 502 53 0.7812 
 33 186 71 222 53 0.777 
 544 516 587 549 53 0.7695 
 523 468 565 505 53 0.7692 
 375 221 414 254 53 0.7661 
 230 241 270 273 53 0.7642 
 387 135 427 171 53 0.7638 
 317 655 357 690 53 0.7578 
 0 281 24 314 53 0.7545 
 401 0 443 26 53 0.7529 
 366 663 402 696 53 0.7407 
 529 654 568 684 53 0.7363 
 280 284 327 323 53 0.7231 
 454 53 496 89 53 0.7163 
 542 1 592 20 53 0.7041 
 616 260 647 285 53 0.7041 
 242 17 262 48 53 0.6909 
 231 673 268 704 53 0.6857 
 336 188 376 224 53 0.6841 
 662 668 691 696 53 0.6816 
 285 344 325 378 53 0.6714 
 358 635 395 664 53 0.6582 
 345 340 386 373 53 0.6572 
 139 609 172 644 53 0.645 
 596 598 621 625 53 0.6432 
 517 265 545 303 53 0.6123 
 581 209 624 238 53 0.6101 
 690 676 704 703 53 0.606 
 602 149 618 178 53 0.6057 
 138 498 169 525 53 0.584 
 574 235 618 257 53 0.582 
 353 658 373 685 53 0.5488 
 260 631 278 659 53 0.5368 
 359 0 379 16 53 0.5332 
 484 542 524 571 53 0.5068 
 12 637 53 678 53 0.4985 
 392 474 430 511 53 0.4941 
 225 111 250 136 53 0.489 
 589 485 618 511 53 0.4727 
 581 356 608 379 53 0.459 
 345 75 375 99 53 0.3914 
 158 30 171 54 53 0.3821 
 240 591 258 619 53 0.3433 
 688 559 700 583 53 0.2972 
