18 313 52 344 53 0.7744 
 390 348 433 383 53 0.7529 
 597 14 631 43 53 0.7526 
 353 308 390 345 53 0.7515 
 58 126 89 159 53 0.7505 
 33 234 60 268 53 0.7501 
 355 404 393 435 53 0.75 
 97 131 126 162 53 0.7231 
 480 490 513 523 53 0.7188 
 15 36 50 67 53 0.7168 
 186 105 218 138 53 0.708 
 17 83 48 112 53 0.6807 
 153 0 185 17 53 0.6699 
 110 43 147 80 53 0.6597 
 177 196 215 227 53 0.6577 
 443 332 483 369 53 0.6455 
 527 537 559 575 53 0.6372 
 543 498 578 530 53 0.6333 
 483 450 516 482 53 0.6213 
 638 448 668 476 53 0.6193 
 0 268 23 298 53 0.6027 
 282 393 323 424 53 0.5938 
 403 0 430 16 53 0.5869 
 532 571 565 605 53 0.5688 
 563 267 600 296 53 0.5591 
 389 422 417 448 53 0.5581 
 384 392 410 424 53 0.5564 
 319 46 346 79 53 0.5479 
 31 369 53 395 53 0.543 
 252 0 293 15 53 0.5244 
 45 386 61 415 53 0.5046 
 61 97 95 124 53 0.499 
 21 4 50 26 53 0.4863 
 266 250 306 277 53 0.4766 
 683 221 702 257 53 0.4697 
 96 262 130 291 53 0.4688 
 443 484 475 518 53 0.4668 
 207 355 230 381 53 0.4639 
 260 36 289 59 53 0.4524 
 656 434 694 456 53 0.4524 
 296 134 333 165 53 0.4485 
 80 137 98 166 53 0.4475 
 276 308 293 335 53 0.4465 
 196 321 232 345 53 0.4465 
 123 204 165 238 53 0.4421 
 17 138 53 165 53 0.4141 
 577 467 615 499 53 0.4121 
 5 7 43 35 53 0.3831 
 233 87 270 122 53 0.3816 
 429 410 457 439 53 0.3784 
 118 381 139 407 53 0.3646 
 70 130 96 160 53 0.3567 
 150 392 186 418 53 0.3452 
 315 184 349 210 53 0.2651 
