468 278 503 310 53 0.8414 
 673 35 704 66 53 0.8408 
 226 11 262 38 53 0.8311 
 618 162 651 192 53 0.8301 
 102 189 133 218 53 0.8198 
 218 3 240 33 53 0.8165 
 639 79 678 113 53 0.8135 
 585 147 620 178 53 0.8091 
 162 216 192 241 53 0.8091 
 61 369 97 405 53 0.8066 
 146 45 182 80 53 0.8027 
 48 195 83 223 53 0.7959 
 6 656 40 685 53 0.7939 
 103 516 143 555 53 0.792 
 160 310 198 344 53 0.7905 
 261 0 295 24 53 0.7891 
 136 204 168 231 53 0.7871 
 65 496 101 525 53 0.7866 
 516 31 548 63 53 0.7842 
 676 6 703 38 53 0.7828 
 96 448 130 481 53 0.7773 
 548 31 583 67 53 0.7765 
 5 147 41 174 53 0.7739 
 37 651 75 680 53 0.7735 
 19 54 44 91 53 0.7646 
 0 337 15 370 53 0.7555 
 565 606 605 636 53 0.7545 
 610 261 648 293 53 0.7544 
 203 74 222 103 53 0.7384 
 287 96 318 129 53 0.7363 
 510 102 545 137 53 0.7363 
 1 370 24 395 53 0.736 
 574 0 613 22 53 0.7305 
 178 55 201 86 53 0.7277 
 134 8 166 33 53 0.7271 
 200 565 232 587 53 0.7212 
 683 174 702 207 53 0.7199 
 166 451 198 478 53 0.7188 
 527 402 563 435 53 0.708 
 514 309 541 333 53 0.6929 
 16 199 41 222 53 0.6875 
 394 154 413 186 53 0.6857 
 231 147 256 176 53 0.6836 
 438 271 466 296 53 0.6826 
 660 133 687 155 53 0.6782 
 193 187 220 216 53 0.6772 
 24 596 66 630 53 0.6772 
 215 132 246 155 53 0.6689 
 684 81 703 110 53 0.6602 
 523 77 550 103 53 0.6538 
 248 225 269 247 53 0.6467 
 691 216 702 243 53 0.6413 
 83 519 107 542 53 0.6377 
 325 62 347 91 53 0.626 
 636 275 668 303 53 0.6164 
 129 190 150 220 53 0.613 
 221 80 240 101 53 0.6074 
 109 481 159 519 53 0.6021 
 162 86 193 114 53 0.5938 
 176 16 193 41 53 0.5896 
 43 181 68 206 53 0.585 
 225 517 252 541 53 0.5847 
 39 65 70 90 53 0.583 
 157 22 178 49 53 0.5796 
 307 515 334 539 53 0.5776 
 357 1 376 17 53 0.5676 
 90 297 129 332 53 0.5591 
 424 337 454 371 53 0.5588 
 377 269 415 308 53 0.5566 
 421 312 451 337 53 0.5508 
 182 243 204 269 53 0.5469 
 224 206 249 229 53 0.54 
 258 95 283 121 53 0.5371 
 200 634 221 658 53 0.5303 
 425 62 440 83 53 0.5273 
 61 625 91 652 53 0.5264 
 382 534 411 562 53 0.5254 
 541 655 570 684 53 0.5156 
 265 595 289 621 53 0.5124 
 595 398 638 423 53 0.5039 
 417 336 438 360 53 0.4932 
 118 681 159 704 53 0.4902 
 28 1 64 15 53 0.4746 
 208 377 235 404 53 0.4727 
 602 540 626 564 53 0.4648 
 380 553 410 587 53 0.4551 
 600 463 633 496 53 0.4524 
 433 493 459 520 53 0.4453 
 0 88 27 118 53 0.4407 
 661 310 702 335 53 0.4368 
 228 322 259 349 53 0.4331 
 648 227 670 251 53 0.4321 
 395 283 417 313 53 0.4263 
 403 411 429 435 53 0.4233 
 653 670 684 702 53 0.4167 
 395 457 415 482 53 0.4165 
 678 336 704 362 53 0.4055 
 609 523 639 550 53 0.4055 
 512 359 529 385 53 0.4026 
 17 370 44 393 53 0.3989 
 494 391 525 437 53 0.397 
 532 18 561 44 53 0.3804 
 456 270 477 293 53 0.3757 
 340 188 357 216 53 0.3738 
 272 73 296 93 53 0.3684 
 118 21 140 43 53 0.3557 
 591 522 614 547 53 0.354 
 550 544 586 576 53 0.353 
 676 444 704 474 53 0.3496 
 447 333 467 358 53 0.3452 
 390 627 425 652 53 0.3452 
 48 613 75 640 53 0.3364 
 29 56 66 95 53 0.3242 
 657 270 687 294 53 0.3191 
 38 416 72 442 53 0.314 
 503 454 540 480 53 0.3115 
 384 509 413 534 53 0.3081 
 240 217 270 244 53 0.3074 
 598 453 625 479 53 0.3049 
 286 121 300 149 53 0.2903 
 483 91 504 119 53 0.2805 
 577 383 607 412 53 0.2805 
 165 76 194 95 53 0.2705 
 494 661 521 689 53 0.2666 
 97 517 115 542 53 0.2583 
 606 374 647 407 53 0.2583 
 109 483 124 514 53 0.2517 
