621 53 660 85 53 0.857 
 169 449 204 484 53 0.8511 
 634 443 668 470 53 0.8501 
 569 99 601 137 53 0.8491 
 303 146 341 181 53 0.8468 
 139 609 180 645 53 0.8403 
 632 138 669 167 53 0.8389 
 393 224 426 257 53 0.838 
 91 217 122 250 53 0.8374 
 408 314 446 345 53 0.8345 
 26 245 58 275 53 0.8301 
 643 538 678 570 53 0.8267 
 536 1 569 27 53 0.8242 
 420 82 455 117 53 0.8208 
 625 371 658 396 53 0.8204 
 426 464 457 495 53 0.8198 
 347 227 381 257 53 0.8188 
 502 443 527 474 53 0.8141 
 388 130 426 164 53 0.813 
 372 409 409 443 53 0.8126 
 471 132 508 165 53 0.8105 
 625 510 670 546 53 0.8062 
 115 642 155 674 53 0.8042 
 38 39 79 70 53 0.7965 
 37 394 73 427 53 0.7965 
 573 548 609 588 53 0.7936 
 229 326 262 356 53 0.7925 
 521 669 557 704 53 0.7905 
 573 385 608 418 53 0.79 
 164 30 196 62 53 0.7886 
 641 332 678 365 53 0.7881 
 482 420 516 446 53 0.7842 
 669 105 704 135 53 0.774 
 178 124 216 152 53 0.7739 
 201 265 228 304 53 0.7721 
 141 469 176 500 53 0.772 
 322 0 354 26 53 0.7695 
 306 205 341 232 53 0.7676 
 228 518 255 554 53 0.7661 
 315 344 351 372 53 0.7661 
 468 279 504 307 53 0.7637 
 557 362 593 403 53 0.7505 
 221 276 256 310 53 0.7446 
 509 376 549 414 53 0.7432 
 548 171 578 203 53 0.7422 
 35 97 60 118 53 0.7402 
 190 15 210 41 53 0.7399 
 148 96 174 126 53 0.7345 
 223 45 256 77 53 0.7316 
 207 156 232 176 53 0.7282 
 501 65 542 96 53 0.7266 
 52 245 83 272 53 0.7256 
 155 300 180 323 53 0.7231 
 182 158 208 181 53 0.7189 
 441 137 471 164 53 0.7153 
 590 519 609 548 53 0.7145 
 600 543 620 578 53 0.7007 
 667 675 704 702 53 0.6982 
 600 374 629 398 53 0.6929 
 552 587 573 625 53 0.6836 
 31 330 66 354 53 0.6816 
 302 184 336 209 53 0.6724 
 3 35 24 62 53 0.6714 
 256 142 278 169 53 0.6696 
 622 2 658 35 53 0.6689 
 278 177 307 207 53 0.6567 
 87 450 101 470 53 0.6429 
 58 79 85 106 53 0.6426 
 541 430 558 457 53 0.6406 
 104 64 141 94 53 0.6396 
 291 449 322 477 53 0.6396 
 399 311 411 343 53 0.633 
 505 490 529 523 53 0.6177 
 437 548 475 581 53 0.6177 
 21 42 41 68 53 0.6094 
 438 318 456 344 53 0.6001 
 331 563 367 595 53 0.5947 
 647 357 683 378 53 0.582 
 198 319 223 345 53 0.5786 
 328 448 358 473 53 0.5571 
 464 125 490 147 53 0.5525 
 66 200 90 223 53 0.5381 
 239 221 267 238 53 0.5283 
 178 320 200 338 53 0.5193 
 362 0 395 15 53 0.5098 
 241 406 261 428 53 0.4883 
 668 3 688 23 53 0.4854 
 483 51 503 77 53 0.4746 
 525 125 552 146 53 0.4495 
 4 38 41 66 53 0.4446 
 343 359 369 376 53 0.3857 
 176 318 215 340 53 0.3496 
 161 119 174 139 53 0.3328 
 100 50 143 85 53 0.3216 
 609 686 649 704 53 0.3191 
 286 506 310 530 53 0.2854 
 215 295 243 315 53 0.2822 
 198 517 225 541 53 0.2783 
 431 599 456 628 53 0.2673 
 321 444 341 471 53 0.2583 
