645 498 673 523 53 0.8258 
 104 415 128 444 53 0.8189 
 473 135 504 165 53 0.8174 
 2 412 33 440 53 0.8105 
 7 538 43 565 53 0.8018 
 512 283 545 311 53 0.7983 
 441 10 470 40 53 0.7965 
 560 120 588 146 53 0.7812 
 570 189 602 214 53 0.7734 
 129 405 164 430 53 0.7646 
 23 432 54 456 53 0.7642 
 0 222 17 251 53 0.754 
 656 520 693 552 53 0.75 
 520 507 550 534 53 0.749 
 654 20 688 45 53 0.7461 
 501 530 536 554 53 0.7441 
 266 426 300 456 53 0.7413 
 328 97 363 127 53 0.7407 
 228 443 256 476 53 0.7402 
 310 130 339 155 53 0.7212 
 322 187 352 216 53 0.7208 
 476 226 500 250 53 0.7192 
 153 314 184 342 53 0.7168 
 175 22 201 48 53 0.7164 
 594 0 623 17 53 0.7148 
 442 111 466 141 53 0.7139 
 159 134 191 162 53 0.709 
 223 371 257 406 53 0.6982 
 469 466 495 494 53 0.6968 
 684 19 704 49 53 0.6964 
 624 219 651 248 53 0.695 
 511 61 538 82 53 0.6929 
 481 99 507 121 53 0.6929 
 285 163 311 182 53 0.6916 
 156 166 191 197 53 0.6909 
 68 185 104 216 53 0.6899 
 65 378 104 410 53 0.6891 
 396 274 427 302 53 0.6857 
 1 20 37 47 53 0.6851 
 491 277 515 306 53 0.6782 
 475 412 509 454 53 0.6738 
 348 386 372 413 53 0.668 
 295 87 326 115 53 0.6655 
 387 24 408 46 53 0.6579 
 392 191 410 222 53 0.652 
 108 113 142 142 53 0.6514 
 145 81 171 103 53 0.6501 
 357 312 391 339 53 0.6479 
 690 506 702 532 53 0.6447 
 667 207 695 234 53 0.644 
 26 3 60 29 53 0.6416 
 383 116 411 144 53 0.6396 
 449 438 471 463 53 0.6393 
 534 3 564 31 53 0.6377 
 502 326 530 355 53 0.6372 
 509 623 529 654 53 0.6309 
 52 401 82 432 53 0.6279 
 407 535 447 566 53 0.6279 
 248 0 280 18 53 0.625 
 646 322 670 350 53 0.6226 
 221 43 248 68 53 0.6193 
 487 510 510 544 53 0.6177 
 129 365 163 400 53 0.6162 
 290 451 318 475 53 0.6162 
 678 0 701 19 53 0.6104 
 474 491 502 525 53 0.6094 
 415 4 439 24 53 0.6081 
 538 265 568 295 53 0.5991 
 293 339 324 367 53 0.5981 
 403 663 436 694 53 0.5908 
 534 100 556 121 53 0.5889 
 310 468 332 501 53 0.583 
 164 84 195 112 53 0.583 
 462 33 498 63 53 0.5806 
 694 474 703 503 53 0.5776 
 586 48 600 66 53 0.5754 
 631 317 649 345 53 0.5747 
 675 145 701 176 53 0.5737 
 105 386 140 410 53 0.563 
 172 0 202 20 53 0.5591 
 617 643 642 672 53 0.5578 
 454 183 485 221 53 0.5537 
 159 13 185 37 53 0.5515 
 145 153 171 177 53 0.5417 
 0 338 16 358 53 0.5322 
 24 68 59 96 53 0.5283 
 495 0 521 16 53 0.5232 
 494 513 521 542 53 0.5225 
 640 303 664 322 53 0.5163 
 520 266 542 288 53 0.5095 
 6 78 28 105 53 0.5059 
 598 103 621 125 53 0.5046 
 0 545 13 576 53 0.502 
 522 163 543 189 53 0.4988 
 80 413 97 432 53 0.4951 
 277 83 303 116 53 0.4922 
 481 20 505 47 53 0.4746 
 130 667 164 699 53 0.4746 
 389 55 413 76 53 0.4707 
 90 354 117 380 53 0.4707 
 439 524 466 548 53 0.4678 
 693 67 702 88 53 0.4607 
 480 175 506 199 53 0.4588 
 632 517 654 534 53 0.4397 
 92 126 117 153 53 0.4341 
 252 490 280 521 53 0.4341 
 250 97 271 121 53 0.4195 
 645 214 672 246 53 0.4148 
 535 366 558 386 53 0.4139 
 249 342 284 370 53 0.4131 
 281 116 307 136 53 0.4065 
 603 495 620 521 53 0.4006 
 426 325 454 350 53 0.3914 
 399 478 428 503 53 0.3904 
 228 306 262 330 53 0.3896 
 80 248 104 272 53 0.3895 
 121 359 148 395 53 0.3857 
 588 421 613 449 53 0.3857 
 559 0 580 16 53 0.3811 
 114 659 137 690 53 0.3673 
 245 407 270 433 53 0.3557 
 140 286 156 312 53 0.355 
 143 156 182 187 53 0.353 
 191 409 216 448 53 0.3469 
 381 597 421 626 53 0.3425 
 544 276 583 309 53 0.3398 
 168 260 197 285 53 0.3381 
 514 488 535 504 53 0.3337 
 517 449 538 470 53 0.3311 
 493 1 532 25 53 0.3057 
 692 233 704 254 53 0.3049 
 291 629 324 654 53 0.3015 
 88 530 119 556 53 0.2949 
 667 221 695 247 53 0.2917 
 34 406 60 428 53 0.272 
 533 320 553 340 53 0.2622 
 8 414 47 451 53 0.2612 
 195 172 213 191 53 0.2598 
