631 87 663 120 53 0.7701 
 128 26 163 52 53 0.7695 
 535 41 565 71 53 0.7682 
 658 72 692 104 53 0.7559 
 202 450 234 479 53 0.7534 
 166 18 195 46 53 0.7388 
 675 145 702 178 53 0.7349 
 560 288 591 314 53 0.7339 
 27 10 63 36 53 0.7319 
 15 85 52 121 53 0.731 
 226 306 258 338 53 0.7266 
 187 437 217 463 53 0.7217 
 113 1 137 29 53 0.7208 
 571 322 601 348 53 0.7202 
 473 32 508 61 53 0.7145 
 0 7 21 36 53 0.7086 
 506 14 533 41 53 0.6976 
 162 402 192 430 53 0.6875 
 667 440 702 471 53 0.6867 
 134 1 159 30 53 0.6792 
 259 518 296 555 53 0.6748 
 509 78 536 106 53 0.6735 
 388 0 419 18 53 0.668 
 658 98 685 121 53 0.6548 
 91 269 127 295 53 0.6504 
 158 0 182 19 53 0.6387 
 178 101 217 136 53 0.6323 
 478 128 501 152 53 0.627 
 340 499 371 524 53 0.6226 
 13 0 36 23 53 0.6223 
 91 62 122 82 53 0.6069 
 638 249 662 274 53 0.5988 
 270 158 297 193 53 0.5972 
 147 70 180 98 53 0.5728 
 313 478 341 510 53 0.561 
 442 433 469 465 53 0.5527 
 162 258 192 286 53 0.5459 
 462 444 482 476 53 0.5449 
 561 263 588 287 53 0.5234 
 639 271 664 291 53 0.501 
 158 209 203 248 53 0.4795 
 538 307 561 331 53 0.4785 
 566 361 600 388 53 0.4785 
 508 432 535 460 53 0.4736 
 83 397 117 416 53 0.4736 
 0 310 22 340 53 0.4707 
 150 431 184 456 53 0.4678 
 139 392 162 415 53 0.4666 
 350 625 378 658 53 0.4543 
 309 511 341 536 53 0.4504 
 58 372 84 395 53 0.4465 
 274 19 305 42 53 0.4417 
 240 172 264 210 53 0.4397 
 231 395 276 439 53 0.4045 
 535 82 553 100 53 0.4016 
 358 308 381 329 53 0.3999 
 69 352 94 376 53 0.395 
 426 202 459 233 53 0.3857 
 622 395 652 421 53 0.3857 
 594 329 617 355 53 0.3838 
 492 83 518 107 53 0.3667 
 243 641 285 671 53 0.3638 
 690 0 702 18 53 0.3611 
 0 401 23 427 53 0.3604 
 283 560 298 589 53 0.3577 
 692 1 701 14 53 0.3477 
 406 149 433 171 53 0.3477 
 375 622 401 652 53 0.3477 
 587 152 616 177 53 0.3372 
 97 297 117 318 53 0.3354 
 496 20 533 58 53 0.3289 
 15 3 51 29 53 0.3174 
 429 490 458 520 53 0.3157 
 640 94 687 124 53 0.3149 
 177 482 213 524 53 0.3091 
 73 102 102 132 53 0.3057 
 497 356 533 388 53 0.3015 
 46 395 80 424 53 0.2869 
 178 247 202 275 53 0.2869 
 618 248 649 277 53 0.2861 
 300 481 319 515 53 0.2705 
 1 340 7 364 53 0.2659 
 685 249 704 287 53 0.2629 
 535 264 562 288 53 0.2568 
 406 202 428 236 53 0.2539 
 207 492 238 522 53 0.2517 
