379 244 412 276 53 0.8521 
 471 495 510 529 53 0.8389 
 614 409 645 438 53 0.8263 
 70 462 105 489 53 0.8164 
 437 340 473 368 53 0.814 
 547 343 586 374 53 0.8087 
 90 443 125 472 53 0.8072 
 548 546 587 577 53 0.8057 
 562 228 591 262 53 0.8009 
 237 505 270 541 53 0.793 
 572 370 608 399 53 0.7925 
 95 133 130 162 53 0.7905 
 24 464 57 491 53 0.7891 
 557 595 587 624 53 0.7891 
 467 416 496 446 53 0.7843 
 33 441 67 473 53 0.7842 
 645 507 690 543 53 0.769 
 646 418 675 445 53 0.7607 
 326 575 359 605 53 0.7529 
 500 276 530 300 53 0.7471 
 627 42 663 70 53 0.7358 
 267 266 295 295 53 0.7349 
 66 154 100 182 53 0.7271 
 509 86 541 113 53 0.7256 
 90 160 122 190 53 0.7178 
 624 166 654 192 53 0.7163 
 589 556 625 592 53 0.7077 
 208 508 241 543 53 0.6934 
 658 46 686 75 53 0.693 
 153 450 196 479 53 0.6909 
 476 305 500 329 53 0.6782 
 175 513 207 545 53 0.6772 
 389 638 420 667 53 0.667 
 112 117 141 147 53 0.6554 
 117 158 141 187 53 0.6535 
 304 523 344 556 53 0.644 
 590 285 621 314 53 0.6343 
 546 619 574 640 53 0.627 
 331 604 359 630 53 0.563 
 493 101 520 124 53 0.5601 
 337 660 357 690 53 0.5527 
 426 311 443 334 53 0.5525 
 304 656 338 687 53 0.5508 
 584 595 608 615 53 0.5449 
 693 2 702 31 53 0.5312 
 269 582 298 621 53 0.5186 
 452 1 488 18 53 0.5156 
 46 174 81 197 53 0.5098 
 438 44 473 69 53 0.5068 
 617 648 655 674 53 0.499 
 688 621 701 646 53 0.49 
 590 667 628 695 53 0.4893 
 426 635 464 665 53 0.4775 
 690 105 702 129 53 0.4668 
 152 120 176 149 53 0.46 
 203 353 225 380 53 0.4543 
 643 184 666 207 53 0.4375 
 530 277 546 297 53 0.4368 
 624 580 654 607 53 0.4368 
 411 524 441 552 53 0.4351 
 466 610 505 638 53 0.397 
 377 354 395 375 53 0.3914 
 496 664 520 691 53 0.3784 
 82 373 121 396 53 0.3701 
 251 330 291 360 53 0.3523 
 534 615 552 638 53 0.3442 
 387 333 411 351 53 0.3167 
 102 125 140 157 53 0.3081 
 689 0 704 33 53 0.2949 
 541 621 582 649 53 0.2815 
 127 138 145 162 53 0.2644 
 412 56 442 82 53 0.2576 
 434 589 469 617 53 0.2568 
