295 229 322 260 53 0.8683 
 366 58 399 97 53 0.8623 
 386 3 418 37 53 0.8608 
 45 339 74 374 53 0.8604 
 613 384 651 417 53 0.8472 
 0 161 24 199 53 0.838 
 511 365 549 402 53 0.8359 
 227 245 265 275 53 0.835 
 541 231 574 268 53 0.8301 
 667 471 704 501 53 0.8297 
 647 281 679 317 53 0.8292 
 547 513 584 549 53 0.8188 
 563 372 605 405 53 0.811 
 400 402 435 440 53 0.8105 
 564 442 607 474 53 0.8087 
 135 271 172 305 53 0.8086 
 453 301 487 332 53 0.8077 
 681 548 704 579 53 0.8058 
 208 51 249 89 53 0.8037 
 435 421 475 456 53 0.8027 
 152 319 188 355 53 0.7988 
 219 308 252 342 53 0.7984 
 153 553 189 584 53 0.7969 
 133 465 157 495 53 0.796 
 16 338 46 368 53 0.7959 
 406 36 441 67 53 0.7959 
 74 40 111 76 53 0.7944 
 191 522 223 555 53 0.793 
 407 521 449 565 53 0.7891 
 259 214 298 253 53 0.7882 
 27 481 70 517 53 0.7812 
 494 395 536 427 53 0.774 
 115 237 149 269 53 0.7725 
 606 447 638 479 53 0.772 
 326 369 370 410 53 0.771 
 210 468 235 497 53 0.7702 
 431 310 457 337 53 0.7695 
 477 473 520 509 53 0.7687 
 98 200 140 237 53 0.7682 
 125 328 156 362 53 0.7676 
 391 445 431 476 53 0.7638 
 153 603 190 633 53 0.7638 
 307 301 343 334 53 0.7622 
 206 565 242 595 53 0.7612 
 524 515 550 549 53 0.7472 
 183 448 214 477 53 0.7358 
 166 579 191 605 53 0.7319 
 623 358 659 381 53 0.7256 
 72 453 109 481 53 0.7256 
 161 137 194 170 53 0.7164 
 147 409 174 438 53 0.7139 
 497 319 530 349 53 0.7051 
 56 211 88 234 53 0.7031 
 509 568 549 609 53 0.7031 
 471 0 517 19 53 0.6978 
 513 231 548 270 53 0.6968 
 689 250 703 288 53 0.6934 
 89 624 109 656 53 0.6899 
 315 20 346 48 53 0.6885 
 387 169 411 199 53 0.6782 
 609 30 643 60 53 0.668 
 504 231 528 266 53 0.6655 
 208 286 239 313 53 0.6582 
 629 445 655 474 53 0.6523 
 670 281 698 313 53 0.6396 
 120 466 140 496 53 0.6279 
 653 570 686 602 53 0.6235 
 166 384 196 407 53 0.6196 
 646 21 690 67 53 0.6099 
 205 674 246 704 53 0.6074 
 644 404 666 428 53 0.5962 
 550 369 571 390 53 0.5947 
 328 0 350 17 53 0.5938 
 436 397 460 430 53 0.5879 
 180 668 220 694 53 0.5806 
 174 482 209 513 53 0.5679 
 38 273 75 306 53 0.5659 
 0 110 15 140 53 0.5591 
 0 73 30 105 53 0.5571 
 107 432 125 456 53 0.5417 
 137 402 158 429 53 0.5381 
 222 138 258 171 53 0.5361 
 379 415 402 442 53 0.5078 
 688 288 704 317 53 0.4912 
 268 406 292 426 53 0.4854 
 211 291 246 329 53 0.4697 
 172 446 202 472 53 0.4609 
 275 93 300 119 53 0.4524 
 412 1 439 27 53 0.4397 
 73 292 105 320 53 0.4329 
 174 301 208 326 53 0.4272 
 490 200 508 233 53 0.4251 
 172 65 191 89 53 0.4231 
 438 406 465 443 53 0.384 
 410 472 434 495 53 0.3407 
 380 154 411 187 53 0.3049 
 489 314 516 345 53 0.2991 
 188 422 202 441 53 0.2966 
 657 368 683 390 53 0.2751 
 222 139 235 165 53 0.2698 
 264 469 299 501 53 0.2583 
