488 434 522 468 53 0.8687 
 514 218 546 242 53 0.8311 
 507 256 541 286 53 0.8242 
 519 80 556 112 53 0.8208 
 668 325 703 355 53 0.8052 
 384 48 405 75 53 0.7936 
 570 270 592 294 53 0.7917 
 442 387 469 415 53 0.7812 
 6 328 36 356 53 0.7754 
 359 36 389 60 53 0.7671 
 436 595 475 630 53 0.7622 
 531 417 565 445 53 0.7622 
 497 186 529 222 53 0.7593 
 379 300 408 331 53 0.7589 
 36 466 67 491 53 0.7578 
 543 296 583 327 53 0.7568 
 375 225 405 259 53 0.7565 
 653 80 692 109 53 0.7529 
 452 329 490 361 53 0.7471 
 462 398 493 428 53 0.7441 
 593 394 621 421 53 0.7334 
 552 123 586 149 53 0.7266 
 427 338 453 368 53 0.7202 
 581 517 615 549 53 0.7192 
 250 531 280 559 53 0.7139 
 659 229 701 263 53 0.7056 
 485 482 517 509 53 0.7051 
 646 366 669 393 53 0.7013 
 585 188 609 219 53 0.694 
 181 391 215 420 53 0.6875 
 645 56 674 83 53 0.6789 
 517 280 549 304 53 0.6733 
 564 325 587 349 53 0.6704 
 446 311 476 337 53 0.6626 
 486 379 507 403 53 0.6574 
 117 283 141 309 53 0.6523 
 646 531 670 558 53 0.647 
 50 401 76 422 53 0.6434 
 530 203 555 223 53 0.6429 
 311 490 339 516 53 0.6416 
 557 0 588 28 53 0.6396 
 688 455 703 485 53 0.6349 
 614 626 655 660 53 0.6094 
 168 228 197 254 53 0.606 
 622 26 645 51 53 0.6047 
 12 249 36 274 53 0.6021 
 133 166 160 193 53 0.5813 
 546 13 566 36 53 0.5656 
 579 51 606 78 53 0.5647 
 214 648 251 679 53 0.5601 
 61 474 83 505 53 0.5566 
 72 121 102 150 53 0.5498 
 578 134 599 156 53 0.5427 
 207 102 234 130 53 0.5368 
 318 90 352 117 53 0.5156 
 447 63 486 83 53 0.5127 
 662 384 691 417 53 0.4912 
 19 557 51 588 53 0.4814 
 91 266 104 287 53 0.4607 
 0 352 15 383 53 0.458 
 610 413 630 436 53 0.4495 
 665 181 687 198 53 0.4485 
 111 406 135 429 53 0.4483 
 68 28 88 47 53 0.4463 
 99 113 128 144 53 0.4397 
 193 274 217 301 53 0.4377 
 688 652 702 683 53 0.4309 
 484 1 501 17 53 0.4216 
 652 667 685 696 53 0.4207 
 230 485 258 517 53 0.41 
 361 488 384 516 53 0.4026 
 171 59 188 79 53 0.4016 
 177 302 200 324 53 0.384 
 174 365 203 391 53 0.3831 
 669 385 697 406 53 0.3804 
 34 174 59 193 53 0.3619 
 680 36 699 55 53 0.3604 
 410 72 441 96 53 0.3442 
 317 66 339 96 53 0.3354 
 47 545 70 576 53 0.3293 
 635 643 659 670 53 0.3225 
 401 218 421 238 53 0.3115 
 520 201 557 232 53 0.3108 
 399 384 420 405 53 0.3081 
 505 625 540 655 53 0.3074 
 533 16 558 38 53 0.3025 
 0 230 23 259 53 0.2949 
 174 152 199 177 53 0.2917 
 439 389 490 421 53 0.2837 
 263 594 288 622 53 0.2751 
 51 260 85 279 53 0.2698 
 514 218 545 280 53 0.259 
 637 199 657 220 53 0.2582 
 497 547 528 575 53 0.2532 
