577 487 610 528 53 0.8467 
 122 149 152 183 53 0.8457 
 575 165 615 202 53 0.8311 
 210 305 240 335 53 0.8286 
 521 37 552 77 53 0.8257 
 342 244 378 267 53 0.8218 
 146 343 179 376 53 0.8155 
 14 497 51 529 53 0.8115 
 549 389 586 417 53 0.8086 
 627 205 665 237 53 0.8081 
 98 257 133 288 53 0.8081 
 166 372 198 398 53 0.8018 
 187 335 216 359 53 0.7969 
 363 177 394 205 53 0.7959 
 216 261 248 294 53 0.7959 
 481 349 519 381 53 0.7926 
 563 528 595 558 53 0.7921 
 652 307 681 338 53 0.792 
 280 291 311 317 53 0.791 
 223 159 252 185 53 0.7891 
 131 555 158 587 53 0.7867 
 192 544 222 579 53 0.7866 
 662 40 698 71 53 0.7866 
 354 431 389 462 53 0.7847 
 443 41 482 71 53 0.7755 
 228 484 265 516 53 0.772 
 356 28 385 55 53 0.7687 
 63 7 88 32 53 0.7672 
 73 155 110 187 53 0.7672 
 499 419 522 444 53 0.7637 
 351 78 383 111 53 0.7583 
 518 388 548 418 53 0.7534 
 53 471 84 499 53 0.7485 
 19 603 57 637 53 0.7471 
 36 484 66 509 53 0.7461 
 448 504 486 538 53 0.7457 
 109 451 137 477 53 0.7456 
 143 209 168 243 53 0.7422 
 546 51 588 83 53 0.7402 
 193 132 229 160 53 0.7393 
 183 312 213 336 53 0.7393 
 489 30 517 57 53 0.7384 
 94 310 130 339 53 0.7378 
 247 602 276 634 53 0.7358 
 625 105 661 135 53 0.7349 
 260 412 290 437 53 0.7334 
 633 39 666 67 53 0.7295 
 258 234 286 260 53 0.7285 
 288 520 317 548 53 0.7251 
 155 530 190 557 53 0.7251 
 313 498 349 533 53 0.7227 
 660 285 690 309 53 0.7188 
 1 396 30 422 53 0.7178 
 169 601 204 630 53 0.7178 
 406 455 440 486 53 0.7168 
 415 414 448 441 53 0.7153 
 484 54 519 81 53 0.7114 
 338 220 365 245 53 0.7065 
 165 28 185 55 53 0.7047 
 35 436 66 462 53 0.7002 
 464 522 503 556 53 0.7002 
 589 53 616 83 53 0.6992 
 535 494 570 523 53 0.6992 
 499 506 526 534 53 0.6909 
 5 677 43 700 53 0.6826 
 241 268 272 297 53 0.6772 
 608 209 624 232 53 0.6769 
 164 179 194 212 53 0.6724 
 15 105 50 133 53 0.6714 
 404 159 428 183 53 0.6704 
 594 345 620 368 53 0.6646 
 342 205 371 229 53 0.6621 
 28 400 60 430 53 0.6592 
 535 407 560 431 53 0.6577 
 302 585 337 616 53 0.646 
 81 353 102 375 53 0.6423 
 333 598 360 624 53 0.6353 
 545 241 572 267 53 0.6232 
 313 214 342 250 53 0.6206 
 46 8 67 27 53 0.6162 
 84 284 110 310 53 0.6143 
 460 429 479 453 53 0.614 
 672 169 702 200 53 0.6123 
 513 363 530 388 53 0.612 
 241 385 269 425 53 0.6069 
 683 286 704 317 53 0.6057 
 188 162 215 193 53 0.6047 
 350 367 376 399 53 0.6037 
 84 142 112 164 53 0.5981 
 340 477 359 504 53 0.5954 
 632 277 662 310 53 0.563 
 513 37 529 66 53 0.5591 
 392 442 414 479 53 0.5439 
 167 213 185 237 53 0.5273 
 321 449 339 472 53 0.5222 
 123 226 149 250 53 0.5186 
 155 550 179 575 53 0.5078 
 114 645 150 665 53 0.5039 
 613 678 655 704 53 0.4961 
 316 431 343 453 53 0.4707 
 150 607 168 633 53 0.4648 
 477 658 509 689 53 0.4648 
 563 232 583 253 53 0.4646 
 182 40 205 65 53 0.458 
 251 273 280 299 53 0.4534 
 393 287 410 314 53 0.4524 
 307 659 337 685 53 0.4514 
 604 99 627 122 53 0.4465 
 137 453 158 478 53 0.4456 
 0 518 12 541 53 0.4436 
 340 456 365 481 53 0.4341 
 584 549 615 570 53 0.4187 
 347 315 375 334 53 0.4111 
 433 420 458 445 53 0.3978 
 696 312 701 338 53 0.3948 
 178 29 209 58 53 0.3933 
 564 645 594 675 53 0.3914 
 363 617 399 644 53 0.3811 
 402 301 425 322 53 0.3773 
 573 476 593 497 53 0.3767 
 208 624 228 646 53 0.3721 
 202 333 223 354 53 0.3694 
 209 64 234 84 53 0.3684 
 398 371 412 392 53 0.3665 
 510 35 542 71 53 0.3584 
 658 687 704 703 53 0.3577 
 423 485 446 513 53 0.3567 
 694 365 702 395 53 0.3502 
 491 457 512 472 53 0.3398 
 328 579 351 606 53 0.3354 
 691 316 704 337 53 0.3345 
 642 137 674 165 53 0.3345 
 462 369 490 391 53 0.3337 
 663 215 680 233 53 0.3235 
 212 472 227 496 53 0.3233 
 150 208 188 242 53 0.3201 
 536 492 553 518 53 0.3121 
 421 590 449 613 53 0.3091 
 365 349 398 372 53 0.2991 
 198 61 214 80 53 0.2972 
 339 222 376 264 53 0.2893 
 248 396 287 437 53 0.2639 
 158 685 180 702 53 0.2622 
 237 398 261 429 53 0.2612 
 253 290 278 314 53 0.2605 
 140 662 157 679 53 0.2605 
 391 290 425 321 53 0.2598 
 454 344 481 367 53 0.2532 
 522 409 543 429 53 0.2517 
 316 440 343 468 53 0.2517 
