241 300 276 331 53 0.8228 
 100 0 140 31 53 0.8159 
 13 340 43 370 53 0.8091 
 276 494 305 526 53 0.8081 
 192 180 216 213 53 0.7984 
 274 325 308 355 53 0.7974 
 72 0 103 21 53 0.7827 
 153 252 185 283 53 0.7798 
 121 444 153 477 53 0.7798 
 585 373 616 399 53 0.7734 
 243 499 279 533 53 0.772 
 119 58 152 87 53 0.7716 
 502 31 535 63 53 0.7661 
 383 157 417 189 53 0.7661 
 143 67 178 95 53 0.7656 
 488 412 520 437 53 0.7627 
 82 114 114 142 53 0.749 
 307 221 343 250 53 0.749 
 181 1 211 27 53 0.7485 
 48 88 83 121 53 0.7461 
 226 392 263 422 53 0.7446 
 165 221 194 247 53 0.7432 
 379 349 406 378 53 0.7301 
 237 243 270 274 53 0.7295 
 190 151 222 179 53 0.7153 
 303 482 339 509 53 0.7129 
 456 336 486 365 53 0.709 
 48 60 72 91 53 0.6989 
 314 120 350 149 53 0.6895 
 189 400 224 432 53 0.687 
 374 434 406 461 53 0.6772 
 444 32 477 56 53 0.6704 
 346 352 379 382 53 0.6655 
 535 149 572 180 53 0.6558 
 540 50 575 77 53 0.6504 
 605 42 641 71 53 0.6494 
 345 27 370 53 53 0.6486 
 332 3 364 28 53 0.646 
 554 307 589 333 53 0.6333 
 282 240 309 268 53 0.6309 
 628 29 660 54 53 0.6206 
 24 422 62 454 53 0.6196 
 357 1 385 24 53 0.6187 
 426 97 461 127 53 0.6187 
 159 399 191 432 53 0.6177 
 236 467 269 498 53 0.6162 
 431 443 450 470 53 0.6123 
 498 223 528 251 53 0.6094 
 62 421 98 455 53 0.6074 
 292 453 319 482 53 0.5991 
 324 55 356 85 53 0.5972 
 598 0 630 20 53 0.583 
 12 612 50 643 53 0.583 
 645 170 675 197 53 0.5776 
 412 142 437 170 53 0.5361 
 265 280 291 304 53 0.5134 
 628 287 662 311 53 0.501 
 36 58 52 84 53 0.4961 
 443 213 468 242 53 0.4844 
 289 1 308 15 53 0.4714 
 416 10 446 40 53 0.4707 
 185 261 209 286 53 0.4658 
 370 191 402 211 53 0.4658 
 40 56 64 88 53 0.458 
 241 589 277 617 53 0.4514 
 80 182 114 211 53 0.4495 
 230 90 264 120 53 0.4426 
 88 513 128 540 53 0.4407 
 394 521 423 550 53 0.4407 
 219 615 260 647 53 0.4377 
 556 22 585 47 53 0.4282 
 242 453 269 470 53 0.4185 
 605 399 634 427 53 0.4102 
 0 506 21 533 53 0.385 
 307 602 343 637 53 0.3647 
 182 354 205 382 53 0.3577 
 13 217 36 237 53 0.3567 
 129 598 164 631 53 0.3252 
 57 286 89 307 53 0.304 
 142 517 177 543 53 0.2983 
 264 469 277 496 53 0.2966 
 606 403 622 423 53 0.2958 
 144 470 162 490 53 0.2949 
 104 591 137 622 53 0.291 
 468 264 488 283 53 0.2828 
 208 5 237 26 53 0.2783 
 0 530 13 564 53 0.2744 
 649 324 666 342 53 0.2727 
 290 580 324 610 53 0.259 
 238 342 264 369 53 0.2539 
