24 593 59 620 53 0.8501 
 562 90 592 122 53 0.8419 
 407 390 444 423 53 0.8345 
 217 324 252 353 53 0.8345 
 22 510 59 542 53 0.8306 
 463 391 500 422 53 0.8262 
 510 443 550 472 53 0.8199 
 294 24 334 57 53 0.8165 
 114 310 141 338 53 0.8164 
 57 412 92 439 53 0.8131 
 174 53 206 81 53 0.813 
 67 334 101 363 53 0.8115 
 554 420 587 448 53 0.811 
 390 418 425 445 53 0.8101 
 133 80 172 112 53 0.8062 
 119 506 145 530 53 0.8048 
 594 297 629 322 53 0.8042 
 75 78 109 108 53 0.8032 
 593 11 627 41 53 0.7944 
 260 537 289 563 53 0.7936 
 192 481 228 509 53 0.793 
 456 364 491 390 53 0.792 
 623 86 652 118 53 0.7905 
 79 477 110 505 53 0.7891 
 255 224 290 254 53 0.7827 
 381 199 411 228 53 0.7808 
 325 288 361 315 53 0.7808 
 293 402 334 435 53 0.7793 
 331 257 364 287 53 0.7788 
 365 407 394 439 53 0.7773 
 464 453 496 481 53 0.7759 
 357 278 384 301 53 0.7754 
 643 460 678 492 53 0.7725 
 583 401 618 428 53 0.7725 
 27 431 58 456 53 0.771 
 253 274 278 300 53 0.7706 
 437 227 464 253 53 0.7692 
 98 330 126 349 53 0.7676 
 128 484 155 509 53 0.7638 
 284 272 307 296 53 0.7633 
 549 375 583 406 53 0.7627 
 539 285 564 311 53 0.7612 
 210 28 244 53 53 0.7612 
 57 537 88 568 53 0.7594 
 485 126 516 162 53 0.7549 
 86 588 114 620 53 0.7529 
 158 33 185 64 53 0.75 
 119 258 158 285 53 0.75 
 237 652 271 685 53 0.7485 
 86 542 110 567 53 0.7472 
 462 165 495 192 53 0.7461 
 248 131 282 154 53 0.7422 
 305 169 340 201 53 0.7404 
 233 216 255 243 53 0.7369 
 435 20 470 53 53 0.7363 
 590 89 624 116 53 0.7358 
 245 348 269 372 53 0.7335 
 491 266 524 295 53 0.7324 
 308 569 339 598 53 0.7319 
 341 434 373 457 53 0.7319 
 323 204 359 233 53 0.7285 
 416 334 450 363 53 0.7256 
 55 154 90 180 53 0.7251 
 344 149 381 179 53 0.7251 
 588 195 621 222 53 0.7241 
 659 161 694 187 53 0.7231 
 403 140 430 167 53 0.7228 
 154 390 191 420 53 0.7178 
 544 74 578 104 53 0.7104 
 15 233 52 256 53 0.709 
 227 164 251 191 53 0.7056 
 317 58 350 85 53 0.7056 
 660 559 694 588 53 0.7047 
 489 483 520 506 53 0.7031 
 404 234 424 256 53 0.7028 
 0 585 32 614 53 0.7013 
 141 303 161 326 53 0.7007 
 330 574 359 604 53 0.6968 
 307 647 339 678 53 0.6943 
 194 315 222 343 53 0.6929 
 156 6 182 33 53 0.6895 
 393 24 414 53 53 0.6881 
 85 207 112 237 53 0.6807 
 256 638 280 665 53 0.6779 
 566 585 601 618 53 0.6711 
 589 603 622 633 53 0.667 
 470 505 496 536 53 0.6665 
 572 164 599 189 53 0.6652 
 310 440 346 478 53 0.6626 
 62 103 92 130 53 0.6577 
 243 511 265 540 53 0.6564 
 547 510 580 537 53 0.6548 
 185 83 214 109 53 0.6538 
 517 265 537 286 53 0.6514 
 341 530 367 553 53 0.6489 
 199 298 218 324 53 0.645 
 610 61 635 92 53 0.6432 
 452 336 488 368 53 0.626 
 335 410 363 435 53 0.6245 
 428 86 463 115 53 0.6235 
 180 669 215 697 53 0.6152 
 648 144 673 172 53 0.611 
 579 34 605 63 53 0.6107 
 486 365 507 389 53 0.6104 
 514 140 546 163 53 0.6084 
 631 226 663 250 53 0.6069 
 214 524 239 549 53 0.606 
 131 284 158 308 53 0.605 
 639 61 662 85 53 0.604 
 194 588 226 615 53 0.603 
 375 17 401 42 53 0.603 
 631 604 660 632 53 0.5925 
 11 152 40 176 53 0.584 
 141 564 158 584 53 0.5627 
 138 0 167 23 53 0.543 
 39 262 61 287 53 0.54 
 291 685 333 703 53 0.5391 
 30 5 49 35 53 0.5234 
 91 178 120 202 53 0.5176 
 369 64 408 97 53 0.5098 
 434 1 472 23 53 0.4961 
 409 574 442 602 53 0.4951 
 427 184 462 210 53 0.4873 
 317 133 330 154 53 0.4841 
 49 185 68 203 53 0.4802 
 50 105 64 124 53 0.4775 
 206 581 234 610 53 0.4504 
 519 5 554 26 53 0.4341 
 248 81 278 104 53 0.4141 
 313 429 345 463 53 0.4036 
 451 133 472 158 53 0.3958 
 516 337 536 357 53 0.3958 
 552 79 589 116 53 0.3943 
 512 290 532 312 53 0.3933 
 484 508 508 535 53 0.3914 
 104 628 136 652 53 0.3794 
 350 530 378 552 53 0.3721 
 615 65 642 101 53 0.3477 
 627 572 653 602 53 0.3416 
 38 266 52 285 53 0.3363 
 429 596 460 628 53 0.3337 
 448 392 464 417 53 0.3286 
 505 640 537 667 53 0.3108 
 8 586 50 620 53 0.3108 
 383 21 412 44 53 0.3049 
 210 202 230 220 53 0.2903 
 159 532 179 552 53 0.2815 
 161 41 199 81 53 0.2629 
 0 11 18 34 53 0.2612 
