174 370 198 397 53 0.7812 
 411 376 442 402 53 0.7388 
 206 270 232 297 53 0.6929 
 122 459 155 486 53 0.6836 
 277 42 301 70 53 0.6646 
 326 406 352 434 53 0.6318 
 245 271 274 297 53 0.626 
 275 305 307 329 53 0.6226 
 138 254 158 280 53 0.6193 
 47 211 76 237 53 0.6177 
 48 480 82 510 53 0.6094 
 280 274 308 306 53 0.604 
 62 198 91 229 53 0.5708 
 169 305 208 331 53 0.5581 
 273 91 308 119 53 0.541 
 96 316 121 341 53 0.5283 
 238 474 262 494 53 0.5232 
 115 382 128 401 53 0.5193 
 476 200 505 227 53 0.4951 
 448 183 473 209 53 0.49 
 86 335 109 355 53 0.4697 
 418 309 437 330 53 0.4666 
 352 405 373 425 53 0.4387 
 345 294 374 317 53 0.4131 
 348 0 374 20 53 0.3904 
 213 123 245 151 53 0.3774 
 383 230 414 253 53 0.3767 
 377 310 400 330 53 0.363 
 132 3 153 13 53 0.3493 
 401 399 424 417 53 0.3302 
 284 178 312 207 53 0.3149 
 46 306 72 332 53 0.2903 
 32 363 63 388 53 0.2893 
 528 18 537 37 53 0.2711 
 38 190 67 208 53 0.2539 
