268 170 307 200 53 0.8253 
 583 224 613 253 53 0.7866 
 242 243 274 269 53 0.7827 
 112 262 151 298 53 0.7773 
 388 182 426 211 53 0.7725 
 475 217 504 246 53 0.7676 
 457 242 486 271 53 0.7646 
 467 61 499 91 53 0.7612 
 503 332 534 361 53 0.7544 
 0 252 22 281 53 0.7496 
 510 532 544 568 53 0.749 
 460 22 490 50 53 0.7461 
 178 351 218 392 53 0.7402 
 355 192 390 220 53 0.7334 
 644 651 679 685 53 0.7266 
 446 80 476 106 53 0.7231 
 584 293 614 317 53 0.7231 
 435 347 468 381 53 0.7163 
 293 118 325 148 53 0.7114 
 247 425 286 457 53 0.7047 
 534 562 560 592 53 0.7007 
 568 264 603 293 53 0.7007 
 531 130 561 159 53 0.6958 
 495 196 526 226 53 0.6934 
 548 221 577 245 53 0.6934 
 621 286 642 313 53 0.6906 
 674 17 704 46 53 0.6899 
 181 271 215 300 53 0.6899 
 532 613 564 642 53 0.6841 
 526 17 558 44 53 0.6802 
 652 408 686 434 53 0.6772 
 622 42 642 70 53 0.6768 
 356 117 384 142 53 0.6768 
 508 0 538 21 53 0.6748 
 414 53 444 87 53 0.6711 
 237 363 263 394 53 0.6711 
 638 98 667 128 53 0.6676 
 304 329 340 369 53 0.6667 
 404 0 444 22 53 0.6636 
 91 254 118 284 53 0.6582 
 395 45 420 75 53 0.6387 
 282 307 315 342 53 0.6279 
 0 52 14 82 53 0.627 
 340 340 370 367 53 0.625 
 655 121 683 150 53 0.6226 
 494 437 532 466 53 0.6206 
 660 159 689 189 53 0.6196 
 230 215 254 237 53 0.6152 
 522 197 544 226 53 0.613 
 643 142 672 166 53 0.6113 
 335 305 364 338 53 0.6037 
 448 557 484 590 53 0.603 
 666 66 692 95 53 0.5981 
 548 368 577 396 53 0.5972 
 657 208 691 242 53 0.5889 
 655 433 680 459 53 0.5866 
 324 459 355 490 53 0.583 
 260 524 292 553 53 0.583 
 428 160 458 191 53 0.582 
 452 482 488 508 53 0.5815 
 482 143 508 172 53 0.5813 
 526 452 563 483 53 0.5776 
 668 288 702 319 53 0.5767 
 506 599 540 630 53 0.5767 
 74 66 113 108 53 0.5732 
 272 108 301 134 53 0.5688 
 339 479 363 505 53 0.5649 
 513 490 542 519 53 0.5547 
 670 374 692 400 53 0.5544 
 125 617 159 652 53 0.5527 
 191 516 230 546 53 0.5469 
 561 62 589 90 53 0.543 
 480 644 517 678 53 0.543 
 597 340 627 363 53 0.5427 
 38 366 68 393 53 0.5381 
 511 45 536 71 53 0.5352 
 609 260 635 286 53 0.5339 
 450 188 480 216 53 0.5312 
 616 82 648 113 53 0.5273 
 553 315 593 342 53 0.5264 
 411 477 441 506 53 0.5244 
 367 0 405 22 53 0.5195 
 238 174 270 220 53 0.5137 
 692 266 703 292 53 0.5115 
 37 453 74 477 53 0.5039 
 692 71 703 100 53 0.5027 
 259 359 278 389 53 0.4959 
 219 364 241 395 53 0.491 
 391 245 406 272 53 0.488 
 146 311 171 341 53 0.4834 
 476 421 502 448 53 0.4824 
 114 84 150 114 53 0.4824 
 455 371 480 400 53 0.4805 
 511 175 546 200 53 0.4766 
 394 657 426 687 53 0.4736 
 483 550 512 575 53 0.4697 
 150 601 189 634 53 0.4668 
 693 170 701 196 53 0.4666 
 622 0 649 15 53 0.4648 
 368 382 402 408 53 0.459 
 206 59 229 87 53 0.4543 
 471 449 496 479 53 0.4514 
 567 648 609 682 53 0.45 
 326 124 350 150 53 0.4495 
 692 241 703 264 53 0.4395 
 266 197 289 217 53 0.4351 
 341 169 370 200 53 0.4226 
 517 114 538 143 53 0.4177 
 666 266 691 290 53 0.4131 
 580 110 606 131 53 0.4065 
 174 366 206 392 53 0.3999 
 486 585 514 613 53 0.395 
 111 547 153 585 53 0.3928 
 429 588 466 621 53 0.3904 
 428 269 458 299 53 0.3887 
 220 393 245 410 53 0.3684 
 268 83 287 116 53 0.3584 
 469 323 496 352 53 0.3584 
 382 451 406 482 53 0.353 
 517 182 549 222 53 0.3503 
 272 308 290 335 53 0.3345 
 605 426 635 458 53 0.3337 
 694 215 703 241 53 0.3172 
 489 321 508 353 53 0.3167 
 563 182 599 204 53 0.3157 
 211 594 249 618 53 0.3081 
 177 145 216 175 53 0.3074 
 0 276 15 301 53 0.3057 
 672 579 704 609 53 0.2974 
 368 668 393 696 53 0.2869 
 318 71 357 102 53 0.2727 
