432 259 465 288 53 0.7744 
 120 195 153 226 53 0.7676 
 53 336 82 365 53 0.7638 
 226 190 260 221 53 0.7559 
 420 240 445 269 53 0.7282 
 454 0 485 22 53 0.709 
 491 87 522 116 53 0.6582 
 218 256 254 287 53 0.6387 
 404 23 430 48 53 0.6374 
 465 213 493 240 53 0.6164 
 98 223 132 255 53 0.6123 
 168 636 197 664 53 0.6094 
 74 245 93 265 53 0.6037 
 206 302 235 328 53 0.564 
 650 164 684 192 53 0.5312 
 429 665 467 698 53 0.5244 
 53 190 72 213 53 0.5154 
 87 128 118 155 53 0.5078 
 279 394 314 421 53 0.4961 
 130 0 164 15 53 0.4932 
 556 275 583 303 53 0.4873 
 186 108 222 136 53 0.4863 
 192 174 217 192 53 0.4832 
 272 449 305 476 53 0.4727 
 0 126 20 151 53 0.4685 
 131 614 163 646 53 0.4648 
 101 238 125 255 53 0.4187 
 618 68 646 98 53 0.4148 
 130 317 152 337 53 0.4129 
 624 273 651 304 53 0.3997 
 342 106 371 137 53 0.3978 
 48 0 79 25 53 0.3943 
 103 360 130 380 53 0.3794 
 80 337 104 359 53 0.3629 
 130 228 142 245 53 0.3503 
 298 619 333 651 53 0.3496 
 189 203 213 223 53 0.3452 
 572 1 603 16 53 0.3066 
 692 449 701 475 53 0.2837 
 247 89 279 124 53 0.2739 
 181 0 203 27 53 0.269 
