38 356 78 395 53 0.8457 
 237 353 277 395 53 0.8408 
 664 135 703 172 53 0.8374 
 212 108 257 150 53 0.832 
 471 227 514 261 53 0.8311 
 199 400 240 433 53 0.8237 
 66 560 105 596 53 0.8223 
 51 20 91 67 53 0.8223 
 427 17 469 61 53 0.8218 
 3 356 43 391 53 0.8194 
 246 418 283 448 53 0.8169 
 112 259 150 291 53 0.8101 
 148 321 192 366 53 0.8101 
 159 500 198 533 53 0.8097 
 4 76 49 113 53 0.8086 
 509 121 551 158 53 0.8072 
 124 32 154 62 53 0.8058 
 659 207 693 240 53 0.8057 
 177 545 216 579 53 0.8027 
 86 9 129 50 53 0.8013 
 617 117 649 142 53 0.7969 
 501 45 543 84 53 0.7959 
 48 242 91 286 53 0.7959 
 18 151 55 188 53 0.7926 
 118 213 160 251 53 0.7926 
 666 406 704 440 53 0.7926 
 291 84 336 119 53 0.7891 
 46 81 92 120 53 0.7886 
 351 93 386 131 53 0.7857 
 179 195 219 227 53 0.7808 
 96 181 140 219 53 0.7798 
 544 106 584 142 53 0.7794 
 142 533 180 566 53 0.7769 
 87 492 128 526 53 0.775 
 380 325 422 369 53 0.7715 
 331 11 373 51 53 0.769 
 0 155 21 192 53 0.7671 
 162 293 200 325 53 0.7656 
 370 34 417 68 53 0.7642 
 434 314 476 350 53 0.7642 
 605 155 642 192 53 0.7583 
 421 426 462 460 53 0.756 
 509 247 548 279 53 0.7529 
 460 30 507 66 53 0.7515 
 608 194 650 231 53 0.7515 
 509 185 554 225 53 0.7471 
 595 357 631 393 53 0.7358 
 39 642 82 679 53 0.7334 
 225 202 261 236 53 0.7324 
 581 424 625 464 53 0.731 
 535 46 561 73 53 0.728 
 21 314 57 352 53 0.7266 
 620 355 653 389 53 0.7241 
 645 358 674 390 53 0.7231 
 674 320 704 360 53 0.7217 
 613 453 657 488 53 0.7163 
 495 162 531 191 53 0.7114 
 644 0 693 30 53 0.7075 
 445 402 478 432 53 0.7056 
 468 467 506 513 53 0.689 
 246 130 282 163 53 0.6885 
 548 408 583 442 53 0.687 
 362 257 404 301 53 0.687 
 97 615 133 649 53 0.6851 
 625 19 657 46 53 0.6768 
 99 530 138 567 53 0.6738 
 353 155 389 188 53 0.6689 
 443 170 483 203 53 0.6676 
 308 54 346 84 53 0.667 
 185 335 223 370 53 0.667 
 622 426 667 461 53 0.6655 
 517 504 548 537 53 0.6582 
 197 298 229 326 53 0.6548 
 0 640 40 676 53 0.6494 
 370 502 412 539 53 0.6396 
 651 464 697 496 53 0.6323 
 385 100 413 130 53 0.6318 
 121 479 151 520 53 0.6299 
 534 524 573 553 53 0.6143 
 113 1 157 18 53 0.6094 
 539 151 573 176 53 0.6069 
 462 204 504 232 53 0.603 
 649 389 683 420 53 0.583 
 681 84 702 112 53 0.5783 
 90 664 125 702 53 0.5737 
 389 668 422 701 53 0.5728 
 152 160 181 190 53 0.5698 
 406 403 435 432 53 0.5688 
 641 249 690 284 53 0.5552 
 153 565 181 586 53 0.5498 
 356 649 394 683 53 0.543 
 22 395 50 422 53 0.5368 
 339 178 368 203 53 0.5342 
 119 63 155 90 53 0.5127 
 235 232 275 265 53 0.5068 
 51 162 72 191 53 0.5027 
 153 0 175 17 53 0.499 
 144 93 181 122 53 0.4971 
 494 481 522 510 53 0.4902 
 570 156 598 180 53 0.4795 
 177 604 216 636 53 0.4746 
 78 656 101 689 53 0.4629 
 172 34 199 65 53 0.4312 
 347 681 388 704 53 0.4292 
 591 183 617 211 53 0.4243 
 114 158 140 180 53 0.4197 
 634 97 659 126 53 0.4121 
 684 448 704 481 53 0.3979 
 611 15 647 49 53 0.3856 
 108 519 143 545 53 0.3821 
 0 70 18 98 53 0.3694 
 500 166 538 207 53 0.3599 
 0 268 10 298 53 0.3477 
 529 41 551 70 53 0.304 
 20 313 41 346 53 0.291 
 325 47 351 83 53 0.2903 
 474 2 525 19 53 0.2893 
 616 115 648 182 53 0.2805 
 547 409 612 452 53 0.2756 
