601 261 636 293 53 0.8643 
 435 236 470 268 53 0.854 
 543 502 575 532 53 0.8408 
 498 482 526 512 53 0.8374 
 403 135 440 169 53 0.8336 
 395 373 423 405 53 0.8306 
 472 59 508 91 53 0.8291 
 450 597 482 628 53 0.8267 
 409 448 446 478 53 0.8267 
 455 523 483 551 53 0.8199 
 64 467 94 496 53 0.814 
 117 221 147 251 53 0.8057 
 218 288 254 320 53 0.8032 
 414 398 451 429 53 0.8008 
 164 337 200 367 53 0.7983 
 517 336 550 363 53 0.7926 
 601 178 636 204 53 0.7925 
 583 344 620 375 53 0.7916 
 581 196 612 230 53 0.7881 
 508 199 542 234 53 0.7798 
 309 132 340 164 53 0.7788 
 110 168 149 200 53 0.7784 
 419 288 458 330 53 0.7783 
 535 131 572 165 53 0.7773 
 622 316 657 343 53 0.777 
 91 219 124 248 53 0.7739 
 54 71 94 97 53 0.7695 
 73 197 103 222 53 0.7656 
 7 420 37 445 53 0.7642 
 285 482 318 513 53 0.7622 
 253 459 282 489 53 0.7563 
 70 112 103 141 53 0.752 
 619 51 646 75 53 0.7487 
 482 643 514 674 53 0.7485 
 69 316 104 338 53 0.7476 
 267 371 293 394 53 0.7363 
 0 337 24 361 53 0.7358 
 429 654 466 691 53 0.7349 
 320 217 357 250 53 0.7285 
 1 211 35 238 53 0.7241 
 318 291 350 322 53 0.7212 
 243 392 277 420 53 0.7188 
 11 328 50 358 53 0.7148 
 516 95 547 122 53 0.7129 
 520 304 544 331 53 0.7121 
 30 89 62 118 53 0.7104 
 603 371 631 393 53 0.7056 
 515 165 546 193 53 0.7051 
 583 492 614 516 53 0.7031 
 291 538 323 565 53 0.6934 
 416 254 454 283 53 0.6929 
 545 546 574 574 53 0.687 
 603 323 632 351 53 0.6772 
 559 635 592 672 53 0.6626 
 437 425 457 446 53 0.6576 
 53 475 67 499 53 0.6315 
 215 509 242 537 53 0.6315 
 123 10 151 37 53 0.6133 
 398 4 422 28 53 0.613 
 366 465 393 492 53 0.6123 
 53 516 75 537 53 0.5969 
 494 444 521 477 53 0.584 
 570 196 591 227 53 0.5744 
 303 19 336 46 53 0.5698 
 290 512 325 541 53 0.5679 
 362 609 393 637 53 0.562 
 277 552 303 580 53 0.5571 
 648 174 665 201 53 0.5479 
 438 1 468 17 53 0.541 
 336 198 361 223 53 0.5388 
 663 188 698 219 53 0.5332 
 543 162 566 184 53 0.5232 
 674 0 697 17 53 0.502 
 0 532 15 554 53 0.499 
 2 577 39 604 53 0.4814 
 443 77 479 106 53 0.4785 
 259 655 297 683 53 0.4785 
 111 596 141 621 53 0.4746 
 92 179 117 206 53 0.4707 
 0 509 12 537 53 0.4688 
 0 64 27 88 53 0.4368 
 661 389 682 410 53 0.397 
 95 188 120 221 53 0.3867 
 206 502 232 528 53 0.3657 
 389 132 406 158 53 0.3609 
 314 348 336 365 53 0.3594 
 131 668 156 697 53 0.3555 
 670 360 697 383 53 0.3503 
 610 230 630 252 53 0.3174 
 120 541 145 569 53 0.3066 
 39 116 66 139 53 0.2524 
