532 375 569 412 53 0.7794 
 507 213 546 252 53 0.7788 
 31 101 69 136 53 0.777 
 438 197 475 232 53 0.7544 
 490 163 531 200 53 0.7534 
 425 5 466 39 53 0.7363 
 246 444 284 481 53 0.7013 
 116 108 152 148 53 0.6978 
 1 177 42 210 53 0.6792 
 497 0 530 24 53 0.6772 
 677 323 704 360 53 0.6745 
 201 408 238 449 53 0.6704 
 400 425 436 461 53 0.6655 
 0 357 30 389 53 0.6592 
 556 264 589 302 53 0.6523 
 385 238 426 272 53 0.6465 
 80 135 125 174 53 0.623 
 0 108 32 147 53 0.5972 
 474 38 509 70 53 0.5649 
 146 55 181 99 53 0.5454 
 496 432 535 470 53 0.5444 
 656 596 694 629 53 0.5098 
 34 309 73 344 53 0.5005 
 251 274 292 307 53 0.4302 
 32 409 73 447 53 0.4207 
 552 268 575 300 53 0.4158 
 559 487 598 524 53 0.4116 
 333 156 374 193 53 0.3904 
 439 498 477 526 53 0.3738 
 244 480 264 508 53 0.3258 
 66 256 104 292 53 0.3201 
 210 132 249 163 53 0.3081 
 472 587 508 620 53 0.3032 
 180 196 225 234 53 0.291 
 9 53 48 86 53 0.2861 
 106 461 144 502 53 0.2639 
 354 297 395 333 53 0.2527 
