247 266 279 289 53 0.8521 
 588 356 613 376 53 0.8447 
 495 113 530 143 53 0.8423 
 619 142 652 172 53 0.8418 
 562 479 594 511 53 0.8242 
 640 125 675 151 53 0.8208 
 399 114 425 142 53 0.8165 
 404 32 438 64 53 0.8115 
 588 377 613 398 53 0.8105 
 504 160 534 190 53 0.8027 
 633 320 663 343 53 0.7944 
 557 434 588 460 53 0.792 
 487 450 516 480 53 0.7905 
 532 172 560 198 53 0.775 
 484 492 523 517 53 0.7725 
 533 315 563 341 53 0.7695 
 231 317 251 344 53 0.769 
 505 533 531 560 53 0.7678 
 51 103 75 128 53 0.7661 
 539 196 566 222 53 0.7661 
 655 284 683 309 53 0.7627 
 559 270 583 294 53 0.7618 
 212 275 241 298 53 0.7612 
 312 276 334 304 53 0.7589 
 674 393 701 422 53 0.7544 
 67 117 99 140 53 0.7529 
 139 225 174 251 53 0.7515 
 37 237 70 264 53 0.7515 
 664 244 694 266 53 0.7505 
 58 259 77 283 53 0.7404 
 0 272 33 302 53 0.7363 
 483 403 512 429 53 0.7339 
 173 299 207 326 53 0.728 
 130 276 161 296 53 0.7212 
 302 245 329 271 53 0.7188 
 389 5 420 33 53 0.7148 
 261 319 291 348 53 0.7104 
 486 381 519 405 53 0.7104 
 6 227 37 258 53 0.708 
 14 447 45 472 53 0.7041 
 308 177 345 210 53 0.7026 
 54 374 80 394 53 0.7026 
 584 287 604 306 53 0.7013 
 64 452 94 477 53 0.7007 
 289 328 321 357 53 0.6982 
 314 296 347 327 53 0.6978 
 523 551 554 571 53 0.6934 
 517 140 543 162 53 0.6925 
 357 562 390 589 53 0.6909 
 34 592 59 617 53 0.6902 
 172 252 202 275 53 0.6875 
 517 222 530 245 53 0.6872 
 421 517 444 535 53 0.6826 
 123 484 156 510 53 0.6826 
 244 289 266 311 53 0.6816 
 300 139 323 169 53 0.6798 
 550 90 577 112 53 0.672 
 664 510 688 538 53 0.667 
 7 393 37 415 53 0.6646 
 577 560 598 584 53 0.6642 
 459 412 486 437 53 0.6602 
 69 548 85 572 53 0.6574 
 119 13 139 42 53 0.6501 
 43 83 61 105 53 0.6491 
 573 217 599 241 53 0.6489 
 632 511 661 537 53 0.6426 
 449 343 474 365 53 0.6359 
 647 443 665 465 53 0.6349 
 517 451 553 487 53 0.6299 
 0 61 23 84 53 0.6279 
 183 190 199 212 53 0.6273 
 486 237 516 263 53 0.627 
 519 584 536 606 53 0.626 
 647 390 670 414 53 0.6247 
 477 630 501 654 53 0.6143 
 151 547 178 569 53 0.6143 
 31 424 58 447 53 0.6113 
 541 588 568 611 53 0.6094 
 618 291 643 313 53 0.5972 
 448 237 479 259 53 0.5962 
 421 556 449 578 53 0.5957 
 15 674 35 696 53 0.5837 
 264 395 294 418 53 0.582 
 192 603 221 630 53 0.5737 
 614 478 639 501 53 0.5659 
 598 469 618 497 53 0.5649 
 0 517 12 543 53 0.5518 
 25 362 53 389 53 0.5361 
 473 150 499 171 53 0.5352 
 109 251 139 275 53 0.5352 
 482 132 507 158 53 0.5312 
 377 0 397 20 53 0.5193 
 12 489 35 511 53 0.5186 
 453 597 473 624 53 0.5186 
 227 19 252 47 53 0.5124 
 227 565 261 588 53 0.5 
 0 337 15 364 53 0.499 
 502 480 523 495 53 0.4961 
 65 643 89 662 53 0.4939 
 633 264 648 282 53 0.4893 
 664 448 678 471 53 0.4863 
 515 70 532 93 53 0.4832 
 280 445 310 469 53 0.4746 
 138 456 164 483 53 0.4736 
 88 20 110 44 53 0.4668 
 38 678 63 697 53 0.4668 
 39 468 57 492 53 0.4609 
 196 480 228 501 53 0.4551 
 405 190 429 218 53 0.4358 
 1 157 9 183 53 0.4302 
 250 166 280 199 53 0.4065 
 36 497 65 520 53 0.4055 
 330 502 352 523 53 0.4043 
 127 382 154 405 53 0.4034 
 369 414 390 434 53 0.4014 
 81 308 104 327 53 0.3921 
 506 30 525 47 53 0.3885 
 141 365 169 389 53 0.3857 
 451 625 473 650 53 0.3804 
 54 345 79 368 53 0.3657 
 521 103 541 128 53 0.3584 
 310 90 337 111 53 0.3496 
 426 533 457 559 53 0.3364 
 369 474 398 497 53 0.3252 
 533 178 563 216 53 0.3242 
 582 121 605 140 53 0.3235 
 307 435 325 458 53 0.3208 
 410 492 428 513 53 0.3208 
 419 6 441 29 53 0.3191 
 381 218 415 239 53 0.3149 
 549 454 569 482 53 0.3108 
 344 182 365 210 53 0.2966 
 109 670 121 692 53 0.2925 
 33 384 57 407 53 0.2917 
 444 513 460 531 53 0.2917 
 381 2 409 21 53 0.2886 
 375 0 387 15 53 0.2884 
 490 558 506 573 53 0.2637 
 80 0 101 14 53 0.2629 
 256 176 277 196 53 0.2612 
 326 299 344 323 53 0.2517 
