291 399 324 426 53 0.8501 
 252 261 283 291 53 0.8457 
 439 597 475 631 53 0.8408 
 68 377 104 406 53 0.8355 
 352 183 386 212 53 0.834 
 659 97 690 125 53 0.8306 
 440 160 478 192 53 0.8276 
 592 303 625 332 53 0.8267 
 36 415 70 446 53 0.8257 
 332 277 364 304 53 0.8164 
 368 154 394 179 53 0.8091 
 432 651 468 679 53 0.8066 
 572 371 607 406 53 0.8057 
 323 363 360 394 53 0.8033 
 412 149 439 175 53 0.8009 
 649 381 682 410 53 0.7983 
 587 37 614 59 53 0.7925 
 487 278 519 303 53 0.792 
 485 172 519 200 53 0.7905 
 297 225 327 262 53 0.7881 
 395 554 432 591 53 0.7866 
 501 0 530 33 53 0.7842 
 69 402 100 428 53 0.7812 
 287 322 315 349 53 0.7778 
 317 244 348 268 53 0.7773 
 500 437 534 463 53 0.7773 
 558 299 591 329 53 0.7705 
 611 460 637 485 53 0.7674 
 271 221 305 256 53 0.7593 
 653 611 681 643 53 0.7574 
 470 396 506 422 53 0.7563 
 653 268 691 304 53 0.7485 
 542 36 582 68 53 0.7461 
 259 516 291 545 53 0.7432 
 361 455 388 477 53 0.7373 
 383 367 403 394 53 0.7324 
 456 493 486 517 53 0.7256 
 411 413 441 441 53 0.7231 
 568 60 595 79 53 0.7135 
 311 432 343 457 53 0.7124 
 575 14 609 45 53 0.7101 
 464 1 504 19 53 0.7051 
 626 198 659 226 53 0.6968 
 246 483 281 509 53 0.6953 
 207 113 236 140 53 0.6916 
 105 376 124 401 53 0.6833 
 50 391 72 424 53 0.6816 
 629 470 657 495 53 0.6748 
 637 95 661 121 53 0.6745 
 558 167 592 189 53 0.6724 
 590 627 629 656 53 0.6646 
 637 446 661 468 53 0.6535 
 498 543 530 581 53 0.6494 
 213 566 248 592 53 0.644 
 526 121 562 148 53 0.6436 
 605 213 637 241 53 0.6318 
 547 670 579 699 53 0.6196 
 419 327 450 357 53 0.6177 
 314 556 347 585 53 0.6177 
 683 340 701 359 53 0.612 
 483 42 516 62 53 0.6113 
 300 356 316 376 53 0.6081 
 267 297 295 329 53 0.5981 
 606 393 631 414 53 0.5972 
 214 229 236 250 53 0.5679 
 141 480 176 504 53 0.5669 
 403 415 420 439 53 0.5591 
 674 662 698 688 53 0.5105 
 628 637 659 665 53 0.498 
 621 602 655 627 53 0.4922 
 621 363 642 381 53 0.4863 
 429 298 462 327 53 0.4658 
 124 459 151 490 53 0.4629 
 624 2 635 12 53 0.4207 
 309 343 321 358 53 0.4034 
 146 421 180 453 53 0.395 
 353 87 385 110 53 0.3904 
 411 327 427 351 53 0.3774 
 175 564 211 592 53 0.3657 
 621 0 636 18 53 0.3647 
 224 392 240 408 53 0.3557 
 306 238 337 269 53 0.355 
 604 681 643 704 53 0.3469 
 600 212 622 238 53 0.3311 
 238 280 262 299 53 0.3311 
 122 591 152 618 53 0.3208 
 681 580 704 613 53 0.2886 
 363 607 395 633 53 0.2712 
 152 530 170 557 53 0.2681 
 294 520 335 540 53 0.2622 
