622 18 649 46 53 0.8653 
 565 332 591 358 53 0.8292 
 550 299 578 328 53 0.7828 
 568 309 597 333 53 0.7305 
 93 346 121 369 53 0.7212 
 644 511 667 533 53 0.7041 
 637 566 663 591 53 0.6857 
 54 421 75 446 53 0.6735 
 151 313 172 335 53 0.6711 
 365 98 383 121 53 0.6491 
 200 69 224 98 53 0.6393 
 561 540 592 573 53 0.6123 
 590 603 621 631 53 0.5557 
 612 489 632 515 53 0.5505 
 110 232 134 253 53 0.541 
 405 211 432 231 53 0.5244 
 609 585 631 613 53 0.4844 
 340 276 361 302 53 0.4724 
 627 498 645 520 53 0.4502 
 103 290 121 311 53 0.4356 
 375 72 389 100 53 0.4319 
 103 369 121 388 53 0.4233 
 639 601 668 629 53 0.4207 
 617 497 646 528 53 0.3748 
 248 174 268 202 53 0.3496 
 195 304 213 331 53 0.3252 
 125 313 155 338 53 0.3201 
 653 631 679 654 53 0.2983 
 220 309 235 329 53 0.2805 
 374 294 393 320 53 0.2583 
 150 405 167 430 53 0.2545 
