473 84 512 116 53 0.8575 
 565 26 591 56 53 0.8472 
 499 40 530 68 53 0.8428 
 124 493 153 526 53 0.8403 
 430 454 458 486 53 0.8311 
 267 560 296 592 53 0.8311 
 217 233 250 260 53 0.8276 
 49 197 84 227 53 0.8262 
 673 325 699 352 53 0.822 
 565 466 592 496 53 0.8214 
 255 344 283 371 53 0.8195 
 92 61 119 85 53 0.8155 
 98 399 119 424 53 0.8151 
 26 217 57 245 53 0.8141 
 539 443 573 471 53 0.8141 
 224 404 245 432 53 0.8131 
 199 90 231 118 53 0.8101 
 631 189 659 217 53 0.8087 
 83 303 111 329 53 0.8057 
 244 457 277 486 53 0.8057 
 590 103 614 131 53 0.8023 
 150 506 183 534 53 0.7974 
 491 0 518 19 53 0.7944 
 579 162 611 191 53 0.7944 
 547 157 579 192 53 0.7827 
 359 1 397 30 53 0.7759 
 444 346 470 370 53 0.7695 
 315 2 340 26 53 0.7671 
 306 414 335 434 53 0.7646 
 42 81 68 107 53 0.7642 
 68 225 88 251 53 0.7551 
 543 28 568 57 53 0.7545 
 64 477 84 505 53 0.752 
 684 607 703 636 53 0.7482 
 508 145 532 166 53 0.7456 
 163 148 188 178 53 0.7452 
 419 291 449 323 53 0.7446 
 675 140 703 165 53 0.7446 
 626 350 650 372 53 0.7432 
 238 2 264 25 53 0.7428 
 0 387 23 415 53 0.7404 
 180 70 205 102 53 0.7374 
 392 91 424 115 53 0.7358 
 661 206 687 230 53 0.7339 
 326 375 355 404 53 0.7217 
 340 133 368 160 53 0.7007 
 295 404 314 430 53 0.6884 
 323 152 350 172 53 0.6851 
 220 504 245 523 53 0.6851 
 452 72 475 95 53 0.6768 
 348 598 384 627 53 0.6758 
 679 548 703 573 53 0.6696 
 372 507 403 532 53 0.6689 
 477 524 507 551 53 0.6655 
 33 385 67 408 53 0.6611 
 262 285 294 312 53 0.6538 
 243 369 263 392 53 0.6486 
 367 290 400 323 53 0.6396 
 253 304 266 325 53 0.6184 
 439 630 472 658 53 0.5957 
 185 373 214 389 53 0.5938 
 80 485 97 509 53 0.5898 
 23 383 48 410 53 0.5817 
 283 509 315 531 53 0.543 
 49 578 76 605 53 0.5303 
 195 7 218 30 53 0.5156 
 0 195 9 222 53 0.5059 
 322 635 357 662 53 0.4844 
 650 321 665 333 53 0.4766 
 546 688 587 704 53 0.4756 
 651 207 677 229 53 0.4619 
 350 0 377 21 53 0.4512 
 169 602 196 630 53 0.4417 
 350 163 369 182 53 0.4366 
 194 604 221 635 53 0.4358 
 612 558 628 576 53 0.4319 
 12 101 45 128 53 0.4312 
 400 296 418 318 53 0.4282 
 671 647 690 664 53 0.4111 
 626 212 640 230 53 0.4045 
 412 0 430 14 53 0.4016 
 540 627 569 654 53 0.3767 
 377 98 393 119 53 0.3757 
 515 684 545 703 53 0.363 
 645 69 661 85 53 0.3529 
 457 146 471 167 53 0.3425 
 696 176 702 198 53 0.3311 
 78 582 101 618 53 0.3242 
 414 1 428 10 53 0.3224 
 92 21 118 55 53 0.3115 
 507 673 540 702 53 0.2935 
 230 507 252 524 53 0.2847 
 181 569 212 593 53 0.283 
 70 479 94 508 53 0.2791 
 685 409 700 424 53 0.2789 
 458 386 479 407 53 0.2517 
