257 420 292 458 53 0.8521 
 321 222 373 272 53 0.8491 
 303 302 353 351 53 0.8418 
 154 493 202 541 53 0.8389 
 45 51 86 95 53 0.8384 
 112 375 166 423 53 0.8369 
 368 268 415 314 53 0.8315 
 101 447 154 494 53 0.8306 
 192 248 244 303 53 0.8291 
 206 358 249 401 53 0.8291 
 276 482 312 522 53 0.8262 
 17 474 50 509 53 0.8237 
 288 421 344 474 53 0.8228 
 236 519 287 563 53 0.8228 
 325 575 372 617 53 0.8228 
 0 385 28 419 53 0.8223 
 258 111 302 151 53 0.8125 
 128 143 169 184 53 0.8125 
 154 89 202 132 53 0.8081 
 82 517 131 566 53 0.7988 
 219 46 267 89 53 0.7974 
 186 303 232 341 53 0.7964 
 224 97 263 130 53 0.7939 
 169 455 218 505 53 0.793 
 429 310 476 347 53 0.7891 
 248 154 290 206 53 0.7852 
 288 553 339 600 53 0.7798 
 195 156 231 186 53 0.777 
 225 659 275 703 53 0.7769 
 240 372 274 408 53 0.7754 
 250 216 301 259 53 0.7754 
 318 612 366 664 53 0.7744 
 165 138 198 177 53 0.7676 
 302 131 351 181 53 0.7646 
 230 622 271 661 53 0.7627 
 83 168 125 204 53 0.7604 
 42 467 75 513 53 0.7505 
 269 354 299 390 53 0.7388 
 5 577 57 621 53 0.7378 
 293 597 331 628 53 0.7373 
 418 432 467 483 53 0.7339 
 323 0 375 45 53 0.7305 
 49 605 91 634 53 0.728 
 305 456 359 503 53 0.7251 
 132 632 180 675 53 0.7241 
 179 646 212 684 53 0.7227 
 228 308 269 345 53 0.7148 
 317 654 354 677 53 0.7129 
 34 667 79 704 53 0.7129 
 21 398 46 422 53 0.709 
 152 288 174 320 53 0.7041 
 239 0 280 27 53 0.7007 
 88 672 137 702 53 0.6841 
 330 91 377 137 53 0.6753 
 401 569 450 613 53 0.6704 
 112 17 156 60 53 0.666 
 39 413 72 445 53 0.6655 
 171 183 223 212 53 0.6655 
 129 664 156 695 53 0.645 
 345 179 378 217 53 0.6406 
 0 517 39 558 53 0.6147 
 0 554 15 591 53 0.6123 
 425 135 469 180 53 0.5684 
 388 505 421 534 53 0.5352 
 101 148 126 182 53 0.5254 
 165 430 204 455 53 0.5195 
 168 209 197 244 53 0.5117 
 370 501 401 536 53 0.499 
 180 594 208 615 53 0.4805 
 52 310 83 336 53 0.4658 
 189 681 217 704 53 0.4648 
 52 513 73 533 53 0.4522 
 386 37 433 82 53 0.4136 
 238 356 292 408 53 0.3862 
 202 131 250 163 53 0.3477 
 322 687 362 703 53 0.3381 
 191 147 265 197 53 0.2732 
 539 23 588 65 53 0.2556 
 181 153 235 205 53 0.252 
