224 14 250 48 53 0.856 
 175 278 210 314 53 0.8242 
 166 35 197 63 53 0.7974 
 121 254 148 283 53 0.7917 
 286 376 318 412 53 0.7798 
 1 96 33 124 53 0.7622 
 0 192 20 225 53 0.7544 
 80 147 109 175 53 0.7212 
 146 237 175 279 53 0.6768 
 301 229 335 256 53 0.6655 
 434 308 463 336 53 0.6548 
 345 14 357 42 53 0.6406 
 41 200 72 226 53 0.6318 
 406 0 437 32 53 0.6074 
 166 460 191 484 53 0.5981 
 70 39 91 63 53 0.5938 
 351 225 377 253 53 0.543 
 135 179 158 204 53 0.543 
 642 369 675 402 53 0.5244 
 494 298 524 325 53 0.4043 
 625 45 659 77 53 0.4004 
 53 185 80 207 53 0.3989 
 518 37 546 65 53 0.3914 
 684 132 704 158 53 0.3592 
 468 215 503 255 53 0.3491 
 314 50 341 73 53 0.3286 
 526 226 560 256 53 0.2917 
 410 27 429 42 53 0.2798 
