41 577 76 609 53 0.8296 
 264 473 298 507 53 0.8188 
 198 129 234 157 53 0.8169 
 529 463 562 496 53 0.8164 
 512 108 549 140 53 0.8115 
 638 573 675 602 53 0.8062 
 163 197 193 223 53 0.8032 
 621 592 650 619 53 0.8018 
 204 207 239 237 53 0.7969 
 464 64 497 93 53 0.7891 
 53 96 91 126 53 0.7812 
 133 19 161 47 53 0.7716 
 450 511 482 539 53 0.769 
 546 391 586 423 53 0.7656 
 205 1 240 31 53 0.7646 
 287 452 315 480 53 0.7568 
 390 390 420 420 53 0.7544 
 162 1 189 23 53 0.754 
 456 264 484 291 53 0.7534 
 199 531 235 559 53 0.7505 
 181 147 211 169 53 0.7456 
 557 64 583 94 53 0.7428 
 333 242 359 271 53 0.7369 
 230 461 257 488 53 0.7241 
 195 561 226 586 53 0.7227 
 414 379 453 406 53 0.7217 
 157 449 187 477 53 0.7217 
 506 467 532 495 53 0.7202 
 530 78 556 107 53 0.7153 
 191 188 214 215 53 0.7135 
 129 535 159 555 53 0.6982 
 387 662 417 687 53 0.6958 
 297 36 329 58 53 0.6943 
 623 468 656 498 53 0.6934 
 129 449 158 476 53 0.6816 
 380 0 420 18 53 0.6807 
 449 671 481 699 53 0.6779 
 478 454 514 496 53 0.6772 
 242 128 276 159 53 0.6758 
 636 300 661 322 53 0.6755 
 263 640 294 671 53 0.6714 
 0 175 15 201 53 0.6696 
 502 352 527 377 53 0.668 
 41 299 71 338 53 0.6626 
 279 58 309 86 53 0.6626 
 234 438 253 457 53 0.6535 
 1 656 28 683 53 0.6432 
 184 643 219 670 53 0.6387 
 34 166 64 186 53 0.6377 
 666 476 703 504 53 0.6372 
 195 431 222 456 53 0.6349 
 308 68 335 91 53 0.6323 
 29 673 43 696 53 0.6232 
 107 620 130 646 53 0.6216 
 352 597 386 622 53 0.6206 
 167 581 191 602 53 0.6113 
 101 456 125 482 53 0.6069 
 36 507 62 535 53 0.5981 
 0 546 22 564 53 0.5981 
 311 463 334 483 53 0.5981 
 159 368 180 390 53 0.5979 
 680 304 704 332 53 0.5957 
 172 265 202 286 53 0.5889 
 431 477 454 502 53 0.5803 
 417 94 442 118 53 0.5793 
 405 143 433 166 53 0.5679 
 621 559 638 583 53 0.5676 
 437 255 460 283 53 0.5659 
 260 208 282 233 53 0.5554 
 49 192 61 207 53 0.5498 
 89 400 104 415 53 0.5195 
 603 470 624 498 53 0.5193 
 63 595 89 615 53 0.5134 
 629 229 645 250 53 0.5066 
 0 233 13 255 53 0.5056 
 486 473 510 500 53 0.5029 
 517 572 545 605 53 0.4775 
 140 474 153 492 53 0.4146 
 47 154 72 184 53 0.4141 
 8 98 26 118 53 0.4055 
 52 7 69 30 53 0.3819 
 0 383 17 410 53 0.3767 
 247 488 262 504 53 0.3494 
 613 279 632 305 53 0.3477 
 423 76 442 95 53 0.3477 
 297 86 318 108 53 0.3416 
 389 588 411 612 53 0.3311 
 507 117 523 145 53 0.3132 
 440 259 479 284 53 0.3074 
 287 534 306 553 53 0.304 
 33 4 62 28 53 0.2998 
 330 687 352 703 53 0.2983 
 439 432 462 458 53 0.2854 
 39 513 56 529 53 0.2798 
 0 564 17 588 53 0.272 
 457 544 480 563 53 0.2637 
 222 680 249 701 53 0.2539 
