401 236 431 268 53 0.8653 
 233 27 264 54 53 0.8599 
 532 320 558 345 53 0.853 
 593 434 624 464 53 0.8438 
 641 400 672 432 53 0.833 
 516 203 548 234 53 0.8228 
 454 189 483 223 53 0.818 
 605 274 635 301 53 0.8091 
 575 516 605 546 53 0.8042 
 491 405 519 434 53 0.8033 
 516 506 549 534 53 0.8027 
 648 589 682 623 53 0.8013 
 476 290 503 316 53 0.7999 
 444 318 476 348 53 0.7983 
 357 95 389 127 53 0.7925 
 371 173 402 202 53 0.7891 
 398 476 432 507 53 0.7891 
 291 397 319 422 53 0.7886 
 279 49 309 80 53 0.7852 
 453 296 484 324 53 0.7827 
 320 89 357 116 53 0.7827 
 293 101 324 128 53 0.7759 
 546 211 574 241 53 0.7754 
 366 360 396 390 53 0.771 
 236 224 264 253 53 0.7695 
 386 539 418 571 53 0.769 
 387 122 419 152 53 0.7686 
 663 255 693 283 53 0.7667 
 376 426 403 454 53 0.7568 
 44 236 79 265 53 0.7545 
 323 165 355 197 53 0.7461 
 548 504 575 535 53 0.7461 
 317 243 349 274 53 0.7358 
 421 90 458 122 53 0.7345 
 85 0 112 28 53 0.7306 
 376 266 403 294 53 0.7295 
 109 0 140 22 53 0.728 
 504 530 524 556 53 0.7228 
 177 15 198 44 53 0.7135 
 409 140 439 167 53 0.7124 
 562 389 599 417 53 0.7114 
 643 270 674 298 53 0.7114 
 456 87 483 115 53 0.7007 
 412 554 447 582 53 0.7007 
 258 429 283 459 53 0.6964 
 359 465 387 492 53 0.6934 
 346 239 373 267 53 0.6919 
 7 286 45 319 53 0.6851 
 565 53 596 80 53 0.6807 
 326 38 360 80 53 0.6782 
 645 91 672 119 53 0.6733 
 9 153 45 189 53 0.6704 
 105 51 139 91 53 0.6602 
 459 601 489 628 53 0.6514 
 445 159 476 186 53 0.6504 
 636 59 673 91 53 0.6494 
 497 651 520 673 53 0.6393 
 394 603 423 626 53 0.6323 
 15 258 49 295 53 0.6289 
 563 85 591 111 53 0.6279 
 227 284 248 311 53 0.6242 
 356 50 377 81 53 0.6177 
 574 0 612 29 53 0.6167 
 514 95 540 125 53 0.6113 
 555 611 588 641 53 0.6113 
 624 585 657 614 53 0.6104 
 166 51 196 80 53 0.5938 
 60 213 87 238 53 0.5869 
 65 350 90 378 53 0.5827 
 271 402 298 431 53 0.5656 
 4 210 45 247 53 0.5601 
 434 584 461 610 53 0.5557 
 22 293 48 318 53 0.5391 
 353 2 395 20 53 0.5332 
 439 185 460 215 53 0.5098 
 141 0 173 18 53 0.5039 
 315 118 355 158 53 0.499 
 681 8 704 38 53 0.4814 
 484 45 520 74 53 0.4805 
 338 42 376 83 53 0.4805 
 148 20 178 49 53 0.4795 
 77 72 102 98 53 0.4707 
 146 2 170 13 53 0.4658 
 30 371 54 393 53 0.4646 
 659 36 685 64 53 0.4446 
 206 45 228 80 53 0.4407 
 0 148 28 188 53 0.4387 
 446 301 483 342 53 0.4268 
 349 132 382 167 53 0.3999 
 351 518 380 547 53 0.3821 
 127 20 158 50 53 0.3049 
 308 42 336 78 53 0.3008 
 537 613 562 639 53 0.2972 
 315 119 336 147 53 0.2798 
 129 2 172 38 53 0.2766 
