420 442 445 465 53 0.7798 
 543 14 578 49 53 0.7734 
 485 411 518 438 53 0.7544 
 392 302 423 331 53 0.7422 
 572 119 608 147 53 0.708 
 508 0 541 29 53 0.6992 
 416 369 450 401 53 0.6899 
 392 441 420 467 53 0.6823 
 524 310 548 340 53 0.6813 
 430 308 455 335 53 0.6768 
 368 292 398 321 53 0.6618 
 537 158 562 183 53 0.614 
 501 353 531 379 53 0.5767 
 667 290 694 315 53 0.5718 
 397 483 436 509 53 0.5557 
 547 207 573 236 53 0.5371 
 430 422 450 443 53 0.5283 
 613 125 644 150 53 0.5195 
 518 30 549 59 53 0.5098 
 610 81 636 109 53 0.4971 
 487 659 518 690 53 0.4941 
 646 48 680 74 53 0.4902 
 577 370 605 396 53 0.4883 
 588 333 619 357 53 0.396 
 146 276 176 304 53 0.3896 
 457 668 489 700 53 0.3757 
 479 173 508 199 53 0.3523 
 637 209 669 237 53 0.3381 
 543 441 563 465 53 0.3293 
 439 284 469 314 53 0.3259 
 679 410 704 429 53 0.3123 
 573 36 602 62 53 0.2925 
 140 621 170 648 53 0.2861 
 247 315 276 341 53 0.2847 
 499 520 538 547 53 0.2783 
 14 447 51 477 53 0.2751 
 325 338 349 361 53 0.2744 
 12 341 35 366 53 0.2744 
 511 442 540 468 53 0.2744 
 106 168 127 197 53 0.2644 
