251 228 283 259 53 0.8726 
 289 443 320 475 53 0.8643 
 177 394 216 429 53 0.856 
 425 545 463 577 53 0.8477 
 59 625 94 658 53 0.8438 
 245 20 276 49 53 0.8423 
 355 307 395 343 53 0.8414 
 61 28 90 61 53 0.8399 
 94 413 132 443 53 0.8345 
 591 81 631 115 53 0.834 
 351 65 388 98 53 0.8335 
 184 38 222 71 53 0.8306 
 324 19 361 52 53 0.8286 
 241 277 275 308 53 0.8267 
 79 558 114 592 53 0.8242 
 230 170 268 202 53 0.8233 
 17 124 48 152 53 0.8208 
 126 282 160 311 53 0.8184 
 213 482 245 514 53 0.8164 
 287 29 324 60 53 0.811 
 623 153 659 188 53 0.8105 
 290 179 323 207 53 0.8081 
 408 38 438 64 53 0.8008 
 136 244 168 277 53 0.7969 
 206 2 242 38 53 0.7959 
 92 7 128 37 53 0.7916 
 177 317 209 340 53 0.7905 
 387 255 418 288 53 0.7881 
 517 275 557 314 53 0.7798 
 440 321 467 347 53 0.779 
 172 117 198 141 53 0.7778 
 548 189 589 226 53 0.7778 
 179 283 223 320 53 0.7773 
 532 35 558 63 53 0.777 
 165 649 200 684 53 0.7755 
 153 29 188 63 53 0.7744 
 354 0 392 28 53 0.7744 
 316 140 349 167 53 0.7731 
 339 122 371 153 53 0.7725 
 444 281 479 313 53 0.7725 
 209 225 237 256 53 0.7695 
 405 568 441 597 53 0.7686 
 163 82 195 114 53 0.7656 
 238 550 269 579 53 0.7656 
 427 6 463 38 53 0.7627 
 387 318 415 349 53 0.7622 
 229 92 265 127 53 0.7612 
 117 372 147 396 53 0.7612 
 159 401 182 431 53 0.7607 
 9 255 35 280 53 0.7563 
 224 240 256 272 53 0.7534 
 133 626 171 659 53 0.7534 
 538 74 561 96 53 0.7482 
 276 495 297 520 53 0.7482 
 432 593 464 626 53 0.7456 
 349 412 382 435 53 0.7446 
 371 588 397 613 53 0.7446 
 356 605 389 636 53 0.7432 
 394 1 430 35 53 0.7432 
 52 139 90 167 53 0.7432 
 303 239 334 271 53 0.7324 
 4 653 32 680 53 0.7324 
 606 355 641 382 53 0.7163 
 1 677 23 704 53 0.715 
 609 670 646 701 53 0.7051 
 276 288 317 318 53 0.7031 
 90 351 125 384 53 0.6929 
 255 152 281 187 53 0.6523 
 51 657 77 684 53 0.6489 
 493 673 528 701 53 0.645 
 213 608 247 641 53 0.6384 
 152 602 184 629 53 0.6279 
 599 204 624 233 53 0.6162 
 624 340 660 374 53 0.6094 
 542 679 570 704 53 0.6084 
 452 602 477 633 53 0.6074 
 347 116 374 141 53 0.5889 
 662 385 690 404 53 0.5879 
 30 676 64 701 53 0.582 
 336 80 358 113 53 0.5508 
 460 608 492 632 53 0.5479 
 445 509 468 542 53 0.5381 
 220 373 244 398 53 0.5303 
 232 2 253 33 53 0.5127 
 606 175 628 204 53 0.498 
 221 284 247 313 53 0.4619 
 39 658 70 694 53 0.4619 
 271 277 291 304 53 0.4534 
 5 74 27 100 53 0.4485 
 512 360 548 388 53 0.4417 
 686 0 704 18 53 0.4387 
 691 2 702 14 53 0.4243 
 401 6 437 50 53 0.4167 
 11 96 38 119 53 0.395 
 619 292 652 316 53 0.3748 
 27 688 56 703 53 0.3584 
 233 7 280 46 53 0.3464 
 661 224 704 257 53 0.3293 
 646 88 668 111 53 0.2998 
 366 311 411 348 53 0.2712 
 296 286 324 316 53 0.2666 
