212 388 249 424 53 0.8482 
 602 260 637 294 53 0.8472 
 223 318 260 349 53 0.8364 
 340 23 378 56 53 0.8341 
 475 138 516 170 53 0.8336 
 273 254 314 288 53 0.8262 
 452 393 489 422 53 0.8253 
 525 334 570 375 53 0.8228 
 51 530 88 560 53 0.8208 
 515 560 558 590 53 0.8203 
 366 602 405 637 53 0.8188 
 110 20 149 48 53 0.8154 
 406 545 442 573 53 0.8115 
 429 483 468 511 53 0.811 
 184 207 218 235 53 0.8087 
 239 400 274 432 53 0.8081 
 346 423 385 455 53 0.8028 
 408 664 442 695 53 0.8004 
 575 476 616 509 53 0.7983 
 64 0 106 27 53 0.7964 
 398 74 434 110 53 0.7964 
 308 571 349 608 53 0.7959 
 659 366 690 401 53 0.7939 
 446 314 479 350 53 0.793 
 138 315 177 344 53 0.7926 
 214 579 257 614 53 0.7866 
 506 397 538 435 53 0.7847 
 430 270 460 304 53 0.7827 
 296 210 334 238 53 0.7822 
 115 411 145 438 53 0.7798 
 33 337 70 366 53 0.7754 
 428 675 467 704 53 0.7734 
 204 428 238 460 53 0.7705 
 629 320 661 354 53 0.7646 
 372 479 398 503 53 0.7646 
 85 667 127 703 53 0.7593 
 325 200 353 221 53 0.7515 
 334 256 364 286 53 0.7515 
 98 567 145 602 53 0.7505 
 589 444 614 471 53 0.7393 
 568 172 587 201 53 0.736 
 387 213 416 244 53 0.7285 
 539 92 582 123 53 0.7262 
 390 139 424 174 53 0.7202 
 557 619 588 649 53 0.708 
 671 18 703 46 53 0.7065 
 514 678 554 703 53 0.7056 
 341 54 365 77 53 0.7052 
 446 0 492 25 53 0.6992 
 631 121 668 154 53 0.6851 
 375 211 397 242 53 0.6816 
 426 238 444 259 53 0.6798 
 454 240 481 271 53 0.6724 
 685 194 704 222 53 0.6602 
 555 367 588 407 53 0.6577 
 449 43 478 80 53 0.6489 
 620 148 644 169 53 0.6333 
 44 145 80 175 53 0.627 
 646 362 672 391 53 0.6143 
 580 84 605 113 53 0.6084 
 465 325 492 354 53 0.604 
 679 0 703 15 53 0.5918 
 139 664 180 703 53 0.5874 
 623 110 658 138 53 0.5796 
 180 118 221 137 53 0.5591 
 400 140 441 179 53 0.5439 
 255 46 279 65 53 0.5117 
 546 405 564 430 53 0.5085 
 267 544 293 566 53 0.4971 
 655 509 682 531 53 0.384 
 366 639 391 659 53 0.3802 
 439 0 471 28 53 0.3757 
 164 564 191 596 53 0.3604 
 542 398 571 431 53 0.3486 
 546 387 570 419 53 0.3276 
 315 195 339 219 53 0.314 
 376 419 398 443 53 0.283 
 341 0 370 16 53 0.2798 
 209 382 251 452 53 0.2671 
 341 2 375 10 53 0.2629 
