515 425 547 453 53 0.8374 
 362 389 391 422 53 0.8267 
 599 418 633 449 53 0.8223 
 613 54 639 88 53 0.8189 
 89 16 117 44 53 0.7944 
 467 214 502 241 53 0.791 
 579 512 616 543 53 0.7793 
 623 432 657 462 53 0.7744 
 4 134 39 161 53 0.7705 
 192 172 225 202 53 0.7612 
 297 20 331 44 53 0.7612 
 484 452 512 480 53 0.7612 
 181 146 208 180 53 0.7559 
 655 415 686 448 53 0.7485 
 534 407 565 434 53 0.7456 
 413 425 445 452 53 0.7422 
 324 62 349 94 53 0.7418 
 428 195 460 228 53 0.7388 
 494 225 527 255 53 0.7373 
 403 270 433 297 53 0.7358 
 624 402 656 428 53 0.7358 
 276 37 305 65 53 0.7305 
 146 2 168 28 53 0.7277 
 179 447 207 476 53 0.7277 
 477 479 514 507 53 0.7267 
 549 254 570 286 53 0.7238 
 24 36 52 64 53 0.7139 
 453 434 494 463 53 0.7104 
 422 373 446 397 53 0.71 
 81 470 114 497 53 0.708 
 584 27 618 54 53 0.7065 
 70 443 100 468 53 0.7051 
 14 368 42 399 53 0.7041 
 388 403 409 429 53 0.7028 
 510 397 532 416 53 0.7026 
 0 77 18 100 53 0.7013 
 319 29 352 65 53 0.6885 
 386 382 412 407 53 0.6875 
 207 444 236 474 53 0.6875 
 171 176 194 199 53 0.6863 
 110 459 131 481 53 0.6836 
 525 316 556 344 53 0.6816 
 422 146 447 172 53 0.6816 
 291 68 310 92 53 0.6798 
 265 14 287 34 53 0.6764 
 616 482 644 508 53 0.6764 
 495 164 524 190 53 0.6748 
 191 462 227 488 53 0.6748 
 309 68 331 97 53 0.6738 
 504 191 538 222 53 0.6699 
 121 204 141 227 53 0.6686 
 172 54 189 76 53 0.6642 
 428 450 455 480 53 0.6577 
 594 580 628 611 53 0.6558 
 480 319 511 350 53 0.6554 
 445 121 476 154 53 0.6548 
 0 158 26 179 53 0.6489 
 237 546 266 577 53 0.6447 
 667 384 700 410 53 0.6436 
 132 154 159 183 53 0.6416 
 406 404 429 436 53 0.6387 
 429 527 458 555 53 0.6369 
 29 61 56 82 53 0.626 
 91 452 115 479 53 0.6247 
 65 255 86 282 53 0.6232 
 481 404 507 427 53 0.6187 
 670 568 704 595 53 0.6104 
 557 526 591 557 53 0.6084 
 31 495 65 529 53 0.5981 
 457 229 486 253 53 0.5938 
 627 537 659 569 53 0.5918 
 406 373 428 393 53 0.5889 
 464 558 492 585 53 0.585 
 424 391 448 416 53 0.5793 
 428 579 455 607 53 0.5767 
 17 211 48 239 53 0.5767 
 596 609 624 632 53 0.5728 
 265 243 300 279 53 0.5649 
 484 419 517 445 53 0.562 
 569 611 602 638 53 0.5566 
 496 310 522 336 53 0.5554 
 629 682 660 703 53 0.5459 
 350 0 378 19 53 0.5439 
 76 299 110 333 53 0.5342 
 528 303 553 327 53 0.5293 
 316 211 357 243 53 0.5234 
 229 109 252 131 53 0.5137 
 0 388 21 412 53 0.5127 
 502 582 534 608 53 0.5 
 610 566 639 590 53 0.498 
 685 19 704 45 53 0.4902 
 239 48 257 69 53 0.4893 
 487 686 509 702 53 0.4851 
 43 212 65 236 53 0.4754 
 33 149 57 167 53 0.4714 
 228 26 243 48 53 0.4627 
 403 396 446 433 53 0.4619 
 312 237 354 281 53 0.457 
 291 187 323 215 53 0.4524 
 354 245 379 275 53 0.4405 
 160 155 185 180 53 0.4358 
 59 383 76 408 53 0.4329 
 201 507 231 529 53 0.4263 
 154 107 179 133 53 0.3943 
 555 562 585 589 53 0.3896 
 606 422 653 456 53 0.3887 
 250 241 269 271 53 0.3867 
 0 442 25 471 53 0.384 
 0 31 10 52 53 0.3804 
 254 62 261 80 53 0.3792 
 318 37 339 64 53 0.3784 
 14 495 37 524 53 0.3784 
 267 294 304 322 53 0.3774 
 183 453 216 483 53 0.3738 
 513 600 553 625 53 0.3721 
 151 198 171 223 53 0.3694 
 587 305 620 333 53 0.3647 
 651 571 663 594 53 0.3577 
 515 324 541 349 53 0.3567 
 528 0 554 15 53 0.3567 
 645 0 670 17 53 0.355 
 638 361 666 392 53 0.3486 
 453 574 476 598 53 0.3442 
 518 327 532 345 53 0.3433 
 338 394 359 421 53 0.337 
 198 521 220 542 53 0.3276 
 675 506 704 543 53 0.3242 
 495 165 533 206 53 0.323 
 217 558 243 584 53 0.3121 
 41 292 73 324 53 0.3108 
 636 162 668 182 53 0.3091 
 667 681 693 702 53 0.2998 
 679 549 704 571 53 0.2991 
 296 358 321 378 53 0.2935 
 146 484 183 515 53 0.2903 
 247 58 264 76 53 0.2853 
 410 532 434 561 53 0.2805 
 369 587 394 606 53 0.2789 
 563 521 610 551 53 0.2766 
 455 564 488 597 53 0.251 
