124 136 153 164 53 0.8326 
 215 291 241 316 53 0.8248 
 471 532 509 564 53 0.8223 
 24 398 55 428 53 0.8164 
 571 337 605 367 53 0.8042 
 538 141 572 173 53 0.7993 
 355 239 382 269 53 0.7882 
 657 198 684 227 53 0.7827 
 45 70 67 97 53 0.7788 
 252 28 284 53 53 0.7686 
 73 525 98 556 53 0.7672 
 134 108 162 134 53 0.7627 
 19 71 46 97 53 0.7607 
 94 174 126 202 53 0.7534 
 544 243 569 271 53 0.7526 
 627 207 656 235 53 0.7515 
 115 440 150 468 53 0.7446 
 416 180 434 210 53 0.7418 
 654 482 679 509 53 0.7384 
 535 600 569 628 53 0.7349 
 623 308 651 328 53 0.7345 
 612 476 639 511 53 0.7306 
 195 382 224 403 53 0.7217 
 316 218 347 246 53 0.7213 
 457 569 479 602 53 0.7174 
 385 3 418 35 53 0.7163 
 238 110 269 137 53 0.7148 
 22 211 46 233 53 0.7125 
 205 280 223 308 53 0.7096 
 558 526 585 551 53 0.7072 
 436 192 462 219 53 0.7023 
 212 474 248 504 53 0.7017 
 568 222 608 259 53 0.6982 
 362 326 394 350 53 0.6982 
 470 293 502 320 53 0.6934 
 427 59 460 83 53 0.6875 
 252 0 278 15 53 0.6851 
 100 527 127 554 53 0.6847 
 388 223 412 248 53 0.6836 
 446 217 470 238 53 0.6779 
 397 329 427 357 53 0.6748 
 540 514 566 537 53 0.6548 
 428 292 456 319 53 0.6548 
 399 179 420 201 53 0.6538 
 19 244 41 271 53 0.652 
 302 530 335 565 53 0.647 
 382 659 404 680 53 0.6413 
 590 205 613 227 53 0.6396 
 81 174 97 201 53 0.627 
 296 36 324 59 53 0.6162 
 263 106 287 132 53 0.5998 
 38 40 58 61 53 0.582 
 161 644 198 684 53 0.5815 
 78 2 106 12 53 0.5806 
 534 220 557 247 53 0.5776 
 566 548 587 568 53 0.5757 
 93 441 118 468 53 0.5737 
 379 603 407 632 53 0.5718 
 319 163 348 191 53 0.5688 
 410 255 440 279 53 0.563 
 340 314 370 340 53 0.5566 
 627 466 649 495 53 0.5371 
 178 62 206 81 53 0.5332 
 568 147 581 171 53 0.5312 
 296 222 320 241 53 0.5312 
 6 240 22 262 53 0.529 
 553 216 572 241 53 0.5264 
 261 557 291 578 53 0.5225 
 337 523 360 553 53 0.5183 
 152 241 168 270 53 0.5166 
 288 527 312 562 53 0.5088 
 337 169 364 193 53 0.5068 
 529 673 557 700 53 0.491 
 0 3 14 38 53 0.4854 
 490 373 513 391 53 0.4734 
 53 0 78 15 53 0.4648 
 128 193 142 218 53 0.4627 
 577 406 606 426 53 0.4426 
 510 278 529 301 53 0.4292 
 586 548 608 569 53 0.408 
 221 50 242 76 53 0.4034 
 35 373 55 398 53 0.3895 
 197 338 213 363 53 0.3809 
 39 0 60 16 53 0.3804 
 62 58 79 70 53 0.3711 
 221 74 245 93 53 0.3667 
 509 673 530 697 53 0.3638 
 263 327 300 356 53 0.363 
 481 456 497 481 53 0.3604 
 204 662 225 684 53 0.3475 
 283 327 301 352 53 0.3337 
 366 479 386 504 53 0.3337 
 168 263 188 288 53 0.3311 
 160 493 181 517 53 0.3276 
 159 189 182 214 53 0.3208 
 354 523 375 549 53 0.3208 
 287 222 306 242 53 0.3098 
 656 332 679 358 53 0.3081 
 571 214 600 245 53 0.2959 
 414 186 455 213 53 0.2878 
 441 173 459 195 53 0.2869 
 408 0 425 19 53 0.283 
 239 459 254 488 53 0.283 
 555 635 583 665 53 0.2751 
 1 243 39 266 53 0.2737 
 318 575 343 603 53 0.2666 
 183 200 211 225 53 0.2659 
 107 159 123 179 53 0.2554 
 26 0 43 16 53 0.2532 
