314 429 342 456 53 0.8291 
 509 509 542 538 53 0.8276 
 164 380 195 408 53 0.8238 
 101 190 132 219 53 0.8232 
 473 348 499 375 53 0.822 
 571 320 601 343 53 0.8188 
 292 407 317 431 53 0.8174 
 92 325 124 352 53 0.813 
 101 387 134 415 53 0.8057 
 388 341 414 366 53 0.8048 
 440 390 476 416 53 0.8042 
 116 299 148 329 53 0.8018 
 61 287 87 315 53 0.7999 
 35 91 63 119 53 0.7984 
 492 188 518 214 53 0.7984 
 170 437 195 462 53 0.798 
 133 534 169 562 53 0.7974 
 18 260 47 294 53 0.7969 
 140 81 171 110 53 0.7925 
 637 282 663 309 53 0.7921 
 423 126 447 150 53 0.792 
 165 98 196 121 53 0.791 
 289 281 325 309 53 0.79 
 213 559 247 587 53 0.7897 
 409 60 439 84 53 0.7891 
 444 204 470 230 53 0.7882 
 113 0 143 26 53 0.7881 
 87 305 110 327 53 0.7866 
 523 189 539 214 53 0.7804 
 145 394 178 423 53 0.7798 
 134 13 161 40 53 0.7794 
 387 118 420 146 53 0.7788 
 130 205 157 236 53 0.7788 
 357 20 385 42 53 0.7744 
 269 227 299 253 53 0.774 
 571 346 605 372 53 0.7676 
 239 408 268 436 53 0.7676 
 259 481 290 509 53 0.7661 
 367 290 401 318 53 0.7642 
 323 317 354 341 53 0.7622 
 548 472 581 499 53 0.7607 
 569 250 593 276 53 0.7574 
 37 450 69 474 53 0.7563 
 322 247 344 268 53 0.756 
 539 298 560 320 53 0.7555 
 42 266 72 295 53 0.7549 
 500 411 532 435 53 0.7534 
 451 519 481 547 53 0.752 
 216 11 242 38 53 0.7515 
 404 531 435 557 53 0.7511 
 566 457 598 478 53 0.75 
 364 319 398 345 53 0.749 
 320 343 352 366 53 0.7471 
 364 274 387 294 53 0.7461 
 487 129 521 155 53 0.7461 
 326 219 357 240 53 0.7461 
 498 261 538 289 53 0.7388 
 452 157 475 182 53 0.7378 
 248 571 282 600 53 0.7358 
 365 547 393 573 53 0.733 
 403 426 428 446 53 0.7324 
 292 472 326 501 53 0.7305 
 610 358 642 383 53 0.7285 
 81 219 107 242 53 0.7234 
 642 225 670 250 53 0.7228 
 405 299 432 323 53 0.7213 
 596 223 620 249 53 0.7164 
 259 377 291 402 53 0.7153 
 129 374 150 400 53 0.715 
 519 229 551 257 53 0.7114 
 21 386 47 412 53 0.7077 
 449 327 483 359 53 0.7075 
 430 540 451 568 53 0.7062 
 486 543 505 566 53 0.7062 
 180 555 214 580 53 0.7031 
 331 195 354 217 53 0.6995 
 309 193 333 227 53 0.6982 
 79 429 110 453 53 0.6982 
 224 646 269 686 53 0.6978 
 380 404 408 425 53 0.6929 
 409 329 445 353 53 0.6895 
 92 249 116 272 53 0.6826 
 633 259 658 284 53 0.6802 
 178 344 193 368 53 0.6798 
 553 140 579 162 53 0.6792 
 547 321 573 348 53 0.6714 
 459 52 478 75 53 0.6696 
 130 562 160 586 53 0.668 
 300 549 323 572 53 0.6633 
 320 595 348 621 53 0.6626 
 167 549 182 577 53 0.6548 
 348 29 364 50 53 0.6535 
 549 420 573 444 53 0.6533 
 324 0 349 16 53 0.6494 
 242 343 262 366 53 0.6486 
 534 272 553 295 53 0.647 
 582 509 614 532 53 0.644 
 559 298 579 318 53 0.6437 
 18 613 49 641 53 0.6416 
 271 188 300 209 53 0.6406 
 145 125 159 144 53 0.6377 
 43 427 65 455 53 0.6369 
 578 132 603 150 53 0.6346 
 146 305 173 330 53 0.6333 
 283 566 304 589 53 0.632 
 611 259 632 281 53 0.6247 
 0 515 24 541 53 0.6235 
 320 84 337 102 53 0.6226 
 547 276 567 301 53 0.6223 
 192 402 212 418 53 0.6223 
 216 181 243 206 53 0.6216 
 154 285 171 304 53 0.6213 
 303 350 320 367 53 0.6187 
 647 326 668 349 53 0.6184 
 160 9 178 37 53 0.6167 
 439 567 458 591 53 0.6164 
 390 0 426 16 53 0.6152 
 172 210 189 231 53 0.613 
 232 245 248 268 53 0.6084 
 8 384 25 411 53 0.6066 
 76 355 105 380 53 0.605 
 24 421 51 450 53 0.603 
 253 221 281 243 53 0.5972 
 213 508 248 530 53 0.5957 
 345 125 368 146 53 0.5928 
 526 248 550 273 53 0.5925 
 348 82 362 100 53 0.5886 
 530 124 553 148 53 0.5847 
 392 651 422 675 53 0.5757 
 98 0 119 16 53 0.5728 
 129 403 147 420 53 0.5705 
 104 227 126 249 53 0.5698 
 339 364 368 382 53 0.5688 
 471 207 491 233 53 0.5669 
 367 198 394 221 53 0.5649 
 132 592 155 620 53 0.562 
 60 238 74 258 53 0.5554 
 67 260 86 286 53 0.5554 
 264 248 289 273 53 0.5547 
 101 4 116 13 53 0.5498 
 7 234 30 252 53 0.5469 
 376 520 400 540 53 0.5469 
 194 448 229 471 53 0.5459 
 78 554 109 581 53 0.5352 
 104 630 136 659 53 0.5332 
 177 291 212 320 53 0.5293 
 53 620 84 645 53 0.5283 
 64 669 91 696 53 0.5173 
 552 239 571 256 53 0.5166 
 31 644 66 673 53 0.5117 
 145 67 169 84 53 0.5085 
 596 252 616 273 53 0.5056 
 428 510 450 534 53 0.5029 
 72 246 87 268 53 0.5024 
 478 389 497 408 53 0.501 
 18 301 41 320 53 0.4978 
 122 337 138 356 53 0.4902 
 362 455 373 475 53 0.4873 
 243 134 271 155 53 0.4785 
 0 617 21 650 53 0.4736 
 183 10 197 29 53 0.4712 
 475 491 486 509 53 0.4678 
 276 310 292 329 53 0.4668 
 447 316 479 346 53 0.4629 
 228 211 258 239 53 0.459 
 67 220 82 243 53 0.4524 
 350 378 377 402 53 0.4524 
 506 189 541 214 53 0.4387 
 442 417 460 439 53 0.4233 
 455 671 489 698 53 0.4216 
 68 447 89 468 53 0.4207 
 665 399 693 424 53 0.4141 
 620 311 634 330 53 0.4139 
 526 552 555 580 53 0.395 
 229 93 247 111 53 0.3948 
 251 115 276 133 53 0.3923 
 165 550 204 576 53 0.3877 
 426 429 440 450 53 0.3794 
 119 6 157 33 53 0.3748 
 451 590 482 614 53 0.3711 
 312 193 329 214 53 0.3694 
 587 272 600 287 53 0.3694 
 83 532 111 549 53 0.3667 
 193 288 216 309 53 0.3636 
 137 632 161 657 53 0.3619 
 543 253 566 275 53 0.3611 
 329 83 362 99 53 0.3577 
 458 387 477 408 53 0.3557 
 549 471 566 492 53 0.3442 
 501 468 522 486 53 0.3433 
 60 595 107 630 53 0.3408 
 333 449 352 466 53 0.3397 
 476 214 495 238 53 0.3381 
 570 579 598 601 53 0.3293 
 33 329 50 343 53 0.3259 
 297 368 322 387 53 0.3235 
 243 178 270 206 53 0.3191 
 95 576 128 602 53 0.3184 
 537 415 565 440 53 0.3174 
 0 306 8 324 53 0.3132 
 522 241 552 265 53 0.3123 
 556 462 591 494 53 0.3066 
 627 456 644 477 53 0.2974 
 243 118 277 157 53 0.2925 
 594 257 627 277 53 0.2847 
 308 110 321 130 53 0.2822 
 290 332 308 351 53 0.2822 
 90 117 114 134 53 0.2776 
 538 414 556 432 53 0.272 
 102 444 119 469 53 0.2596 
 62 247 90 276 53 0.259 
 67 522 90 551 53 0.2576 
 377 207 398 225 53 0.2532 
