97 157 127 184 53 0.8224 
 280 36 302 57 53 0.8214 
 487 131 517 156 53 0.8198 
 116 243 149 272 53 0.8101 
 514 25 537 53 53 0.8072 
 144 122 169 157 53 0.7999 
 507 89 537 124 53 0.7959 
 582 17 608 44 53 0.7818 
 37 3 69 24 53 0.7612 
 31 251 63 279 53 0.7485 
 614 139 640 171 53 0.7476 
 524 90 553 121 53 0.7358 
 552 28 584 52 53 0.7319 
 17 0 49 21 53 0.7114 
 313 241 346 270 53 0.7065 
 348 36 374 62 53 0.7047 
 369 26 398 55 53 0.6912 
 550 443 576 470 53 0.6836 
 65 87 91 110 53 0.6758 
 207 203 235 226 53 0.673 
 425 49 450 73 53 0.6711 
 569 154 604 189 53 0.6704 
 558 98 596 129 53 0.6655 
 128 132 150 156 53 0.6611 
 474 72 507 96 53 0.6602 
 446 74 482 109 53 0.6514 
 243 102 271 127 53 0.6514 
 236 139 268 168 53 0.6479 
 405 44 427 67 53 0.6333 
 0 0 23 17 53 0.6289 
 206 30 234 54 53 0.6279 
 674 0 704 17 53 0.626 
 476 156 502 178 53 0.6216 
 477 1 491 16 53 0.6066 
 498 85 521 106 53 0.6066 
 646 98 672 126 53 0.5991 
 298 406 315 437 53 0.5889 
 222 188 245 212 53 0.5886 
 575 77 603 106 53 0.582 
 515 484 545 513 53 0.5776 
 623 166 648 191 53 0.5598 
 125 1 150 18 53 0.5571 
 157 175 181 197 53 0.5486 
 218 104 246 129 53 0.5479 
 478 85 507 114 53 0.5469 
 495 62 521 83 53 0.5439 
 520 531 554 562 53 0.543 
 435 59 464 96 53 0.543 
 533 444 556 473 53 0.5371 
 671 90 696 116 53 0.5312 
 411 253 444 283 53 0.5225 
 313 401 347 435 53 0.5225 
 384 46 405 64 53 0.5088 
 302 232 326 259 53 0.5068 
 169 40 194 58 53 0.5068 
 215 8 241 28 53 0.4824 
 310 460 345 484 53 0.4795 
 534 125 558 149 53 0.4639 
 569 185 593 208 53 0.4607 
 130 223 155 241 53 0.46 
 458 60 480 85 53 0.4551 
 482 219 511 247 53 0.4456 
 211 144 229 166 53 0.4424 
 396 163 417 183 53 0.4375 
 551 152 577 177 53 0.4253 
 595 197 627 228 53 0.4243 
 629 86 649 103 53 0.4241 
 635 94 651 124 53 0.4187 
 566 87 602 123 53 0.4131 
 392 271 429 301 53 0.4121 
 294 446 315 476 53 0.395 
 200 171 226 194 53 0.3933 
 376 37 406 63 53 0.3857 
 542 520 569 556 53 0.3794 
 594 116 618 142 53 0.3765 
 523 180 563 216 53 0.3711 
 408 125 441 143 53 0.3701 
 266 293 303 321 53 0.3621 
 279 267 299 293 53 0.3611 
 170 19 192 41 53 0.355 
 547 539 569 564 53 0.3502 
 437 127 457 148 53 0.3345 
 315 269 347 297 53 0.3328 
 313 300 349 332 53 0.3259 
 185 282 203 305 53 0.3225 
 571 198 591 223 53 0.3174 
 573 281 609 313 53 0.304 
 362 461 380 488 53 0.3025 
 431 159 453 181 53 0.3008 
 192 267 231 295 53 0.3008 
 419 125 458 148 53 0.2991 
 594 171 615 198 53 0.2949 
 30 272 55 298 53 0.2878 
 446 410 475 445 53 0.2776 
 375 254 399 282 53 0.2751 
 650 0 670 15 53 0.2673 
 655 92 678 128 53 0.2666 
 510 512 535 540 53 0.2605 
 379 238 408 266 53 0.2583 
 477 66 512 110 53 0.2561 
 540 123 577 151 53 0.251 
 260 176 296 202 53 0.251 
