74 446 102 477 53 0.8311 
 94 511 123 541 53 0.8307 
 189 407 219 435 53 0.8267 
 39 209 73 235 53 0.8232 
 364 370 393 393 53 0.8174 
 177 343 202 369 53 0.8117 
 310 548 336 576 53 0.8086 
 281 406 308 434 53 0.8042 
 507 381 537 409 53 0.8008 
 230 444 260 469 53 0.7905 
 211 122 241 149 53 0.7857 
 85 409 108 434 53 0.7843 
 595 404 621 430 53 0.7835 
 356 243 380 272 53 0.7828 
 164 189 192 216 53 0.7788 
 460 384 486 406 53 0.777 
 153 345 179 370 53 0.7751 
 450 412 479 443 53 0.7721 
 137 484 163 511 53 0.7716 
 305 602 331 627 53 0.7667 
 171 515 200 540 53 0.7657 
 88 89 109 117 53 0.7653 
 42 99 79 134 53 0.7637 
 55 459 78 482 53 0.7623 
 266 376 292 400 53 0.7598 
 271 168 304 200 53 0.7598 
 27 98 48 123 53 0.7589 
 328 213 353 242 53 0.7589 
 169 559 201 589 53 0.7563 
 8 294 37 316 53 0.7563 
 227 523 255 555 53 0.7555 
 142 367 166 383 53 0.7534 
 292 580 320 606 53 0.7531 
 36 310 56 332 53 0.7471 
 386 497 411 525 53 0.7454 
 93 158 117 184 53 0.7413 
 429 401 454 428 53 0.7407 
 335 140 361 165 53 0.7384 
 181 618 214 651 53 0.7373 
 49 300 75 323 53 0.7373 
 243 426 269 447 53 0.7363 
 308 344 334 375 53 0.7358 
 323 391 348 413 53 0.7295 
 492 532 526 564 53 0.7266 
 218 374 246 401 53 0.7231 
 125 163 148 193 53 0.7208 
 201 551 222 577 53 0.7208 
 556 472 581 499 53 0.7189 
 94 390 116 407 53 0.7163 
 227 408 250 433 53 0.7132 
 379 639 409 672 53 0.7114 
 402 121 434 149 53 0.7114 
 199 386 220 403 53 0.708 
 108 493 141 521 53 0.7056 
 338 372 367 401 53 0.7049 
 250 478 284 509 53 0.7031 
 283 666 317 697 53 0.7002 
 123 467 148 494 53 0.6982 
 33 166 61 196 53 0.6909 
 261 326 292 350 53 0.6895 
 216 567 244 594 53 0.686 
 192 451 216 478 53 0.6857 
 208 282 225 305 53 0.6789 
 103 547 129 573 53 0.6782 
 349 628 375 656 53 0.6768 
 223 489 248 510 53 0.6748 
 468 425 492 447 53 0.6738 
 12 201 43 230 53 0.6699 
 492 422 515 444 53 0.6689 
 357 127 395 160 53 0.667 
 410 437 443 467 53 0.6665 
 33 515 70 543 53 0.6665 
 109 67 151 104 53 0.6577 
 416 655 451 690 53 0.6533 
 229 1 259 20 53 0.6533 
 145 164 169 192 53 0.6514 
 324 661 355 694 53 0.647 
 359 190 382 214 53 0.6396 
 109 199 140 224 53 0.6353 
 61 129 94 155 53 0.6309 
 253 244 289 278 53 0.6309 
 176 92 209 122 53 0.625 
 40 75 70 102 53 0.625 
 185 12 219 35 53 0.625 
 383 82 415 113 53 0.6206 
 0 208 12 229 53 0.6187 
 113 185 139 208 53 0.6187 
 183 368 207 396 53 0.6113 
 383 244 399 265 53 0.6104 
 497 446 532 474 53 0.6104 
 411 393 439 424 53 0.6074 
 68 556 97 588 53 0.6069 
 206 95 227 119 53 0.6066 
 30 18 51 50 53 0.5962 
 247 248 271 274 53 0.5898 
 445 618 472 648 53 0.583 
 69 150 95 174 53 0.5796 
 116 381 141 400 53 0.5747 
 301 433 326 456 53 0.5747 
 225 285 243 307 53 0.5656 
 108 77 136 106 53 0.5649 
 297 328 320 356 53 0.5647 
 83 143 115 169 53 0.562 
 0 274 13 293 53 0.5601 
 118 122 150 149 53 0.5601 
 482 472 502 496 53 0.5476 
 413 579 444 605 53 0.5449 
 43 534 71 561 53 0.541 
 198 32 230 54 53 0.5352 
 49 33 82 62 53 0.5342 
 327 634 351 658 53 0.53 
 84 63 111 92 53 0.5244 
 311 482 339 508 53 0.5234 
 511 461 537 488 53 0.5203 
 381 472 405 494 53 0.5176 
 164 500 182 524 53 0.5115 
 446 503 473 531 53 0.5115 
 273 348 295 368 53 0.5078 
 366 399 389 428 53 0.5068 
 220 582 252 613 53 0.501 
 232 252 254 278 53 0.499 
 260 8 285 33 53 0.499 
 361 652 379 678 53 0.4971 
 157 130 191 164 53 0.4893 
 11 556 30 580 53 0.4824 
 467 90 486 110 53 0.4705 
 478 505 504 534 53 0.4578 
 240 364 269 388 53 0.4551 
 325 446 351 470 53 0.4456 
 224 71 245 98 53 0.4436 
 570 549 601 572 53 0.4436 
 295 540 314 560 53 0.4397 
 123 490 159 515 53 0.4282 
 2 397 30 418 53 0.4272 
 267 408 285 434 53 0.4197 
 344 424 370 447 53 0.4148 
 49 554 74 582 53 0.4065 
 56 418 81 448 53 0.4055 
 32 388 52 409 53 0.4034 
 5 117 39 148 53 0.4026 
 327 416 350 441 53 0.395 
 92 588 114 621 53 0.395 
 230 681 272 703 53 0.395 
 172 1 194 23 53 0.3767 
 346 484 376 514 53 0.3767 
 26 654 55 682 53 0.3757 
 126 511 151 537 53 0.3748 
 44 36 64 65 53 0.3729 
 336 654 363 683 53 0.3711 
 129 594 158 623 53 0.3657 
 170 140 191 164 53 0.3584 
 334 598 354 615 53 0.3557 
 265 478 281 505 53 0.354 
 248 365 265 383 53 0.3496 
 41 82 75 121 53 0.3477 
 374 430 402 455 53 0.3459 
 60 86 84 108 53 0.3389 
 503 469 530 495 53 0.3286 
 111 332 132 349 53 0.3157 
 335 239 360 259 53 0.3132 
 241 252 262 274 53 0.3132 
 421 430 444 457 53 0.3123 
 253 341 267 363 53 0.3081 
 25 554 49 579 53 0.3081 
 184 449 205 471 53 0.3081 
 282 56 301 75 53 0.3066 
 419 470 440 487 53 0.3006 
 105 491 126 516 53 0.2965 
 135 150 158 168 53 0.2917 
 323 246 350 278 53 0.2886 
 0 287 16 311 53 0.2878 
 329 373 345 392 53 0.2822 
 287 573 313 598 53 0.2798 
 247 383 271 405 53 0.2737 
 402 440 422 465 53 0.2637 
 288 633 324 659 53 0.2605 
 105 273 128 299 53 0.2598 
 239 408 261 429 53 0.2598 
 125 145 137 167 53 0.2561 
