128 271 162 302 53 0.8823 
 250 100 285 131 53 0.8765 
 279 45 317 81 53 0.8569 
 165 434 202 465 53 0.8486 
 238 392 277 425 53 0.8438 
 329 308 362 339 53 0.8345 
 301 241 340 270 53 0.8301 
 13 235 50 264 53 0.8272 
 287 92 315 130 53 0.8258 
 75 154 110 186 53 0.8242 
 409 248 447 280 53 0.8238 
 20 323 57 354 53 0.8203 
 210 25 246 56 53 0.8189 
 97 408 129 438 53 0.8174 
 165 195 201 225 53 0.8145 
 444 209 483 242 53 0.813 
 468 264 504 294 53 0.8121 
 312 165 342 198 53 0.8115 
 0 464 24 498 53 0.8091 
 94 276 127 308 53 0.8066 
 341 251 371 282 53 0.8062 
 292 201 330 234 53 0.8004 
 191 113 216 144 53 0.7999 
 252 486 289 517 53 0.798 
 430 316 464 350 53 0.7969 
 4 140 37 169 53 0.7964 
 64 433 95 471 53 0.793 
 134 2 168 29 53 0.793 
 467 21 504 53 53 0.7734 
 86 509 116 536 53 0.7687 
 329 99 369 132 53 0.7656 
 483 0 527 25 53 0.7642 
 12 522 51 553 53 0.7618 
 249 283 284 312 53 0.7607 
 191 636 227 668 53 0.7271 
 363 365 393 389 53 0.7266 
 134 599 170 637 53 0.7241 
 142 414 173 443 53 0.6982 
 36 622 71 652 53 0.6953 
 279 664 319 698 53 0.6899 
 432 115 469 145 53 0.6816 
 44 93 69 117 53 0.673 
 283 545 318 574 53 0.6704 
 366 271 396 293 53 0.6636 
 341 570 376 601 53 0.6548 
 278 442 307 471 53 0.6514 
 346 503 380 531 53 0.6069 
 372 52 403 86 53 0.6001 
 373 1 409 18 53 0.5972 
 362 0 380 18 53 0.5847 
 322 387 342 415 53 0.5815 
 270 0 301 15 53 0.5708 
 344 642 380 677 53 0.5659 
 229 612 258 635 53 0.5215 
 524 358 556 387 53 0.5186 
 492 124 527 152 53 0.4465 
 7 609 43 636 53 0.3943 
 72 464 92 479 53 0.3115 
 402 22 435 53 53 0.2854 
 385 667 424 702 53 0.2815 
 197 440 222 471 53 0.2712 
 62 459 97 479 53 0.2561 
