490 126 521 158 53 0.7897 
 290 373 318 397 53 0.7842 
 483 178 512 206 53 0.7828 
 657 98 690 126 53 0.7705 
 143 534 175 564 53 0.7676 
 641 109 669 138 53 0.7605 
 213 560 240 586 53 0.7565 
 522 201 552 227 53 0.7432 
 487 208 516 234 53 0.7402 
 179 489 205 515 53 0.7384 
 533 307 560 337 53 0.7378 
 220 473 250 499 53 0.7251 
 178 169 211 199 53 0.7189 
 674 198 703 228 53 0.7148 
 646 183 668 209 53 0.6999 
 227 281 257 309 53 0.6934 
 469 248 492 272 53 0.6899 
 328 223 350 247 53 0.6813 
 555 38 581 61 53 0.6738 
 537 35 558 58 53 0.6579 
 677 290 702 321 53 0.644 
 623 334 650 359 53 0.6359 
 350 199 385 223 53 0.6353 
 692 233 701 259 53 0.6193 
 401 201 438 220 53 0.5947 
 236 484 271 514 53 0.5889 
 556 317 585 340 53 0.5718 
 474 338 501 359 53 0.5669 
 362 0 380 19 53 0.5627 
 647 290 678 321 53 0.5601 
 278 360 300 385 53 0.5591 
 196 131 227 160 53 0.5537 
 506 210 529 235 53 0.5439 
 337 1 364 21 53 0.5415 
 651 0 681 16 53 0.5283 
 149 652 175 676 53 0.501 
 35 164 57 189 53 0.5007 
 530 0 556 21 53 0.4775 
 106 253 136 278 53 0.4543 
 543 0 568 17 53 0.4456 
 627 2 659 17 53 0.4417 
 393 201 418 224 53 0.4351 
 451 310 477 331 53 0.4263 
 208 293 235 316 53 0.4231 
 515 124 539 148 53 0.4226 
 210 183 229 205 53 0.4158 
 162 2 180 13 53 0.4006 
 214 663 244 684 53 0.385 
 269 477 292 495 53 0.384 
 203 166 225 191 53 0.3802 
 500 369 519 393 53 0.3592 
 324 289 342 314 53 0.3575 
 540 444 566 470 53 0.3557 
 524 301 541 319 53 0.3241 
 431 243 456 265 53 0.3225 
 299 286 316 306 53 0.3201 
 392 277 410 299 53 0.3191 
 506 240 524 260 53 0.3149 
 471 424 491 445 53 0.2942 
 236 488 255 516 53 0.2869 
 447 388 466 407 53 0.2783 
 553 0 565 15 53 0.259 
 7 318 22 345 53 0.2516 
