242 269 276 300 53 0.8257 
 47 344 85 378 53 0.8257 
 218 146 251 176 53 0.8242 
 183 294 223 325 53 0.8126 
 151 72 183 105 53 0.8048 
 92 290 132 327 53 0.8023 
 414 87 449 115 53 0.8018 
 8 16 46 44 53 0.7959 
 232 0 268 28 53 0.793 
 83 53 115 80 53 0.7891 
 406 10 439 40 53 0.7887 
 392 256 422 281 53 0.7881 
 577 0 612 27 53 0.7866 
 371 57 404 87 53 0.7809 
 176 81 204 108 53 0.7789 
 231 385 254 414 53 0.7667 
 197 0 236 30 53 0.7568 
 411 36 444 67 53 0.7544 
 320 397 342 423 53 0.754 
 40 377 67 410 53 0.7501 
 245 228 274 257 53 0.7422 
 260 322 290 347 53 0.7417 
 210 47 241 70 53 0.7324 
 554 544 585 575 53 0.7241 
 342 122 370 150 53 0.7231 
 440 48 467 75 53 0.7178 
 322 366 355 390 53 0.7139 
 487 192 513 222 53 0.7124 
 429 24 460 54 53 0.7086 
 383 106 414 133 53 0.7056 
 166 428 193 454 53 0.7031 
 190 165 222 193 53 0.7017 
 118 353 145 384 53 0.7002 
 247 399 272 421 53 0.6978 
 21 147 58 175 53 0.6953 
 409 213 436 244 53 0.6896 
 306 138 346 170 53 0.6872 
 58 507 96 534 53 0.6826 
 679 598 704 626 53 0.6798 
 215 226 246 253 53 0.6714 
 377 328 409 358 53 0.6704 
 343 411 370 439 53 0.6636 
 6 497 37 520 53 0.6611 
 314 65 351 91 53 0.6582 
 416 125 442 150 53 0.6567 
 338 157 366 185 53 0.6533 
 147 464 174 491 53 0.6489 
 370 577 402 609 53 0.6426 
 292 180 321 204 53 0.6387 
 668 210 692 237 53 0.6377 
 281 478 305 507 53 0.633 
 121 418 146 446 53 0.6318 
 292 278 320 305 53 0.6289 
 317 271 343 298 53 0.6247 
 620 200 647 228 53 0.6143 
 212 81 238 116 53 0.6094 
 336 245 364 274 53 0.6074 
 349 91 374 115 53 0.6066 
 53 491 77 517 53 0.6066 
 552 515 586 544 53 0.6011 
 119 402 138 424 53 0.5962 
 321 93 350 120 53 0.5889 
 231 318 258 342 53 0.583 
 456 36 476 60 53 0.5783 
 103 100 136 126 53 0.5669 
 302 41 328 68 53 0.563 
 273 101 304 128 53 0.5581 
 327 521 350 544 53 0.5537 
 340 533 367 559 53 0.5508 
 144 438 172 461 53 0.541 
 9 70 36 94 53 0.5312 
 558 192 599 230 53 0.5225 
 16 269 53 299 53 0.5186 
 131 202 161 236 53 0.5068 
 183 128 208 151 53 0.4968 
 126 2 151 25 53 0.4851 
 146 0 170 24 53 0.4851 
 255 484 280 510 53 0.4805 
 318 549 342 576 53 0.4775 
 427 184 457 209 53 0.4736 
 263 0 290 14 53 0.4707 
 199 403 217 420 53 0.4504 
 449 455 485 485 53 0.4485 
 268 213 287 234 53 0.4463 
 2 1 33 24 53 0.4417 
 425 239 444 268 53 0.4302 
 391 202 417 228 53 0.4282 
 320 170 343 194 53 0.428 
 75 426 91 452 53 0.4187 
 428 0 461 21 53 0.4141 
 67 3 82 11 53 0.4131 
 623 19 652 40 53 0.3912 
 413 658 437 685 53 0.3831 
 142 155 153 175 53 0.3802 
 493 28 525 50 53 0.3784 
 410 334 426 357 53 0.3767 
 147 166 168 188 53 0.3765 
 168 183 189 206 53 0.3721 
 181 14 199 36 53 0.3673 
 66 0 82 17 53 0.3667 
 545 134 574 160 53 0.3667 
 392 86 406 105 53 0.3647 
 567 0 579 17 53 0.3609 
 532 360 575 398 53 0.3562 
 149 417 174 454 53 0.353 
 617 581 652 609 53 0.3496 
 645 208 681 235 53 0.3477 
 187 111 217 134 53 0.3459 
 12 545 40 569 53 0.3442 
 99 492 113 520 53 0.3425 
 85 356 102 384 53 0.3336 
 166 54 185 78 53 0.3276 
 460 381 486 411 53 0.3108 
 484 323 514 349 53 0.3098 
 644 680 677 703 53 0.304 
 0 258 21 287 53 0.2991 
 532 431 564 457 53 0.2974 
 552 147 573 171 53 0.2942 
 350 39 367 61 53 0.2933 
 391 469 419 495 53 0.291 
 454 307 480 333 53 0.2886 
 402 312 432 333 53 0.2798 
 93 432 115 453 53 0.2791 
 269 215 298 253 53 0.2751 
 353 53 378 82 53 0.272 
 344 246 367 266 53 0.2666 
 384 86 413 112 53 0.2517 
