0 360 22 386 53 0.8258 
 39 349 63 373 53 0.818 
 117 318 147 346 53 0.8091 
 73 402 96 428 53 0.7847 
 316 415 340 442 53 0.7843 
 113 403 132 428 53 0.7794 
 30 214 56 236 53 0.7716 
 559 367 578 392 53 0.7399 
 318 274 342 298 53 0.7282 
 667 449 687 472 53 0.7208 
 1 211 28 234 53 0.6906 
 96 400 113 429 53 0.6872 
 490 300 516 324 53 0.6802 
 348 232 373 254 53 0.6772 
 3 467 26 495 53 0.6772 
 541 355 565 376 53 0.6733 
 405 460 435 489 53 0.6733 
 24 343 42 367 53 0.6608 
 77 274 98 292 53 0.6592 
 630 220 660 243 53 0.6567 
 66 2 97 24 53 0.6548 
 454 141 488 166 53 0.6538 
 304 380 326 400 53 0.6413 
 581 380 604 402 53 0.6359 
 418 437 442 460 53 0.6343 
 453 286 474 307 53 0.6247 
 364 483 388 508 53 0.6133 
 35 458 57 477 53 0.6054 
 163 183 188 207 53 0.5957 
 155 362 178 381 53 0.5932 
 111 188 129 208 53 0.5898 
 22 512 44 534 53 0.5598 
 472 107 494 126 53 0.5578 
 71 92 92 113 53 0.5534 
 337 343 357 366 53 0.5456 
 576 322 601 350 53 0.5447 
 514 298 538 318 53 0.542 
 115 360 134 382 53 0.531 
 538 453 556 472 53 0.5271 
 372 288 387 312 53 0.5242 
 12 343 26 367 53 0.5163 
 132 349 163 374 53 0.5156 
 119 454 141 474 53 0.5154 
 363 4 388 27 53 0.502 
 149 16 171 37 53 0.4814 
 93 96 110 115 53 0.4744 
 214 350 235 375 53 0.46 
 600 213 632 234 53 0.4543 
 104 272 120 288 53 0.4495 
 337 501 362 526 53 0.429 
 206 237 228 261 53 0.4197 
 222 188 252 213 53 0.4197 
 226 15 245 37 53 0.4175 
 170 323 181 343 53 0.4121 
 384 268 406 292 53 0.4065 
 187 176 203 195 53 0.3979 
 107 558 123 578 53 0.3979 
 84 184 98 203 53 0.3902 
 64 230 77 253 53 0.3865 
 629 645 649 672 53 0.3848 
 692 221 704 245 53 0.384 
 102 462 118 476 53 0.3829 
 446 125 463 148 53 0.3746 
 234 363 246 383 53 0.373 
 683 200 701 221 53 0.3699 
 251 564 280 587 53 0.3684 
 0 434 21 453 53 0.3647 
 346 208 367 231 53 0.3636 
 96 173 115 194 53 0.363 
 39 611 70 636 53 0.363 
 432 633 457 659 53 0.3594 
 55 200 72 218 53 0.3503 
 277 32 299 56 53 0.3286 
 616 488 641 508 53 0.3286 
 452 443 472 464 53 0.3275 
 684 245 699 264 53 0.3259 
 523 503 546 523 53 0.3224 
 492 413 507 427 53 0.3216 
 646 648 676 672 53 0.3184 
 194 195 210 218 53 0.314 
 178 587 204 614 53 0.2997 
 257 45 277 72 53 0.2983 
 234 214 260 233 53 0.2949 
 402 107 433 135 53 0.2942 
 438 178 464 203 53 0.2935 
 340 181 360 202 53 0.2878 
 246 344 259 363 53 0.2867 
 452 71 473 94 53 0.2804 
 373 344 388 359 53 0.2765 
 134 253 147 273 53 0.2726 
 468 629 488 652 53 0.2666 
 608 51 633 79 53 0.2644 
 399 438 414 459 53 0.2612 
 335 377 358 391 53 0.2605 
 638 127 653 144 53 0.2604 
 278 520 304 547 53 0.259 
 189 0 214 20 53 0.2583 
 247 256 260 275 53 0.2582 
 399 170 425 193 53 0.2546 
 298 0 314 13 53 0.2517 
 285 438 302 462 53 0.2516 
