627 222 661 252 53 0.8687 
 583 475 619 503 53 0.8623 
 592 150 625 181 53 0.854 
 84 416 116 444 53 0.8369 
 60 406 92 436 53 0.8364 
 396 372 425 398 53 0.832 
 572 68 603 96 53 0.8276 
 510 123 542 153 53 0.8276 
 484 292 513 320 53 0.8169 
 393 232 425 266 53 0.8164 
 526 211 562 240 53 0.8164 
 309 302 345 328 53 0.815 
 603 530 638 560 53 0.814 
 531 521 565 552 53 0.8105 
 669 123 704 155 53 0.8081 
 562 523 594 550 53 0.8066 
 528 359 557 390 53 0.8032 
 637 122 674 152 53 0.8009 
 502 433 534 461 53 0.8003 
 317 327 346 357 53 0.7984 
 438 34 470 62 53 0.7939 
 232 385 266 413 53 0.7939 
 225 131 255 160 53 0.793 
 332 221 366 256 53 0.792 
 205 135 230 164 53 0.7905 
 585 336 617 362 53 0.7905 
 331 119 364 150 53 0.7798 
 51 524 82 550 53 0.7769 
 370 261 396 288 53 0.7734 
 453 182 474 206 53 0.7723 
 226 249 254 272 53 0.7686 
 208 14 240 46 53 0.7593 
 361 383 383 409 53 0.7579 
 580 508 613 532 53 0.7505 
 212 372 240 406 53 0.7476 
 196 475 227 500 53 0.7441 
 674 156 704 188 53 0.7402 
 466 424 497 449 53 0.7378 
 628 253 658 276 53 0.7358 
 136 343 165 367 53 0.7334 
 433 13 457 41 53 0.7213 
 271 173 302 200 53 0.7178 
 218 268 247 295 53 0.715 
 422 124 454 147 53 0.7139 
 22 508 63 542 53 0.7125 
 245 88 278 116 53 0.7114 
 554 562 589 591 53 0.7104 
 473 153 495 179 53 0.7096 
 390 558 425 587 53 0.7086 
 598 317 628 341 53 0.7075 
 285 578 322 608 53 0.7075 
 239 4 264 25 53 0.7072 
 398 580 432 609 53 0.7041 
 309 160 338 187 53 0.7038 
 25 334 53 357 53 0.7026 
 154 230 179 258 53 0.6919 
 91 251 115 275 53 0.6919 
 363 344 388 367 53 0.6847 
 595 417 621 446 53 0.6833 
 463 323 495 349 53 0.6792 
 379 366 400 391 53 0.6779 
 65 508 97 533 53 0.6768 
 54 116 84 141 53 0.6602 
 180 416 208 443 53 0.6577 
 241 543 279 575 53 0.6538 
 628 493 659 517 53 0.6523 
 500 108 520 129 53 0.6359 
 183 70 213 93 53 0.6167 
 116 260 133 283 53 0.5857 
 339 565 378 593 53 0.5747 
 333 455 360 482 53 0.5705 
 192 46 219 72 53 0.5571 
 456 59 477 78 53 0.5534 
 124 56 152 84 53 0.5527 
 535 180 562 199 53 0.5479 
 97 637 123 666 53 0.5469 
 177 229 206 254 53 0.5293 
 74 106 109 136 53 0.5264 
 182 554 212 580 53 0.5195 
 144 260 167 290 53 0.5173 
 594 6 624 28 53 0.5127 
 532 430 549 453 53 0.5076 
 37 538 54 554 53 0.5027 
 636 563 661 582 53 0.4763 
 467 36 488 64 53 0.4746 
 21 1 60 16 53 0.4717 
 362 460 383 478 53 0.4607 
 365 359 385 380 53 0.4514 
 590 565 616 591 53 0.4504 
 343 373 353 398 53 0.4444 
 376 536 403 563 53 0.4368 
 590 321 624 354 53 0.4351 
 371 359 400 384 53 0.4302 
 144 58 166 86 53 0.4292 
 234 508 269 534 53 0.4187 
 286 507 306 528 53 0.4167 
 173 534 197 557 53 0.4065 
 129 85 158 105 53 0.4034 
 460 25 480 50 53 0.4004 
 681 98 700 127 53 0.3904 
 160 361 177 376 53 0.363 
 231 370 256 386 53 0.3398 
 623 201 643 215 53 0.3328 
 455 30 485 61 53 0.3328 
 447 119 462 142 53 0.3066 
 123 476 140 500 53 0.3066 
 663 0 688 14 53 0.2705 
 477 406 500 424 53 0.2605 
 302 369 317 389 53 0.2596 
