622 145 676 199 53 0.8193 
 286 142 337 195 53 0.8164 
 657 332 704 395 53 0.8101 
 649 406 704 458 53 0.8052 
 482 137 541 202 53 0.7515 
 683 226 704 270 53 0.7417 
 300 106 351 148 53 0.7373 
 326 0 384 52 53 0.7324 
 612 291 670 346 53 0.7188 
 595 2 649 60 53 0.6763 
 686 126 704 168 53 0.6748 
 334 333 393 393 53 0.6377 
 0 53 19 105 53 0.6235 
 550 448 607 504 53 0.6182 
 624 614 680 672 53 0.6069 
 523 352 580 405 53 0.6016 
 63 279 121 331 53 0.6001 
 159 207 216 262 53 0.5576 
 186 282 242 335 53 0.4653 
 27 396 84 444 53 0.3201 
 0 2 45 15 53 0.3191 
