10 337 42 366 53 0.8193 
 235 476 266 505 53 0.7944 
 544 371 573 405 53 0.7881 
 585 444 613 471 53 0.7842 
 655 499 685 529 53 0.771 
 48 326 85 357 53 0.7705 
 188 304 219 332 53 0.7695 
 472 402 506 430 53 0.7568 
 81 378 110 400 53 0.752 
 599 462 630 493 53 0.7471 
 155 460 180 487 53 0.7335 
 192 381 220 407 53 0.7251 
 120 476 153 501 53 0.7129 
 163 400 188 422 53 0.6958 
 680 509 704 536 53 0.694 
 319 432 343 456 53 0.6881 
 467 1 496 24 53 0.6623 
 145 408 169 431 53 0.652 
 0 313 27 341 53 0.647 
 491 448 519 474 53 0.6447 
 83 318 115 343 53 0.6396 
 602 355 632 377 53 0.6318 
 160 283 189 305 53 0.618 
 517 313 545 337 53 0.6152 
 360 370 396 401 53 0.604 
 440 442 463 474 53 0.5928 
 47 437 71 461 53 0.5774 
 469 307 497 330 53 0.5757 
 77 343 93 360 53 0.5456 
 646 355 674 381 53 0.5342 
 665 0 694 23 53 0.5205 
 446 76 475 107 53 0.5205 
 258 383 279 405 53 0.5193 
 507 364 531 391 53 0.5186 
 131 182 161 205 53 0.5059 
 360 253 387 279 53 0.4939 
 516 355 543 387 53 0.4795 
 292 493 322 518 53 0.4282 
 629 476 655 507 53 0.4216 
 611 331 634 360 53 0.4158 
 299 427 314 449 53 0.3914 
 312 412 341 433 53 0.3887 
 589 448 626 481 53 0.3772 
 82 2 119 35 53 0.3706 
 581 578 596 608 53 0.353 
 432 501 458 529 53 0.3372 
 24 0 43 16 53 0.2949 
 174 18 196 38 53 0.2878 
 279 423 303 451 53 0.2805 
