22 656 47 684 53 0.818 
 6 434 36 460 53 0.8066 
 557 501 581 525 53 0.7984 
 398 373 422 398 53 0.7843 
 659 339 688 367 53 0.769 
 531 452 559 474 53 0.7544 
 661 258 686 279 53 0.7516 
 75 599 98 624 53 0.7515 
 223 215 243 240 53 0.7404 
 566 480 587 504 53 0.7228 
 38 517 57 541 53 0.7139 
 0 682 18 701 53 0.708 
 571 419 593 440 53 0.702 
 106 205 133 233 53 0.6953 
 317 532 341 559 53 0.6735 
 244 245 270 268 53 0.6626 
 483 3 506 32 53 0.6595 
 0 412 20 436 53 0.6592 
 142 495 167 520 53 0.6535 
 653 91 675 109 53 0.6514 
 686 197 704 222 53 0.6504 
 76 230 100 256 53 0.6486 
 56 118 82 146 53 0.6479 
 592 386 619 412 53 0.6457 
 23 569 46 591 53 0.6315 
 127 475 154 503 53 0.6286 
 650 288 673 310 53 0.6276 
 0 213 14 239 53 0.627 
 652 436 672 457 53 0.6266 
 239 204 261 224 53 0.6257 
 135 606 153 629 53 0.6027 
 405 198 426 224 53 0.6001 
 662 195 690 221 53 0.6001 
 571 117 602 137 53 0.5898 
 644 357 672 380 53 0.5889 
 95 225 119 249 53 0.5837 
 452 364 483 383 53 0.583 
 462 47 492 73 53 0.5806 
 88 251 111 272 53 0.5656 
 444 44 462 69 53 0.5588 
 278 345 298 365 53 0.5557 
 580 473 599 498 53 0.5515 
 127 142 155 163 53 0.5449 
 239 222 265 251 53 0.5417 
 309 282 332 303 53 0.54 
 672 170 691 192 53 0.5378 
 118 235 138 254 53 0.5293 
 177 243 205 268 53 0.5264 
 656 382 670 395 53 0.5227 
 59 218 86 240 53 0.5195 
 548 363 574 385 53 0.5176 
 42 372 59 396 53 0.5166 
 687 261 704 281 53 0.5127 
 561 380 578 402 53 0.5117 
 503 56 531 82 53 0.5078 
 485 181 508 199 53 0.4863 
 621 447 643 469 53 0.4814 
 218 254 240 281 53 0.4793 
 633 670 652 689 53 0.4695 
 187 174 220 200 53 0.459 
 132 457 156 477 53 0.4543 
 541 397 559 417 53 0.4512 
 374 265 395 290 53 0.4485 
 302 594 329 616 53 0.4446 
 380 367 401 386 53 0.4368 
 655 0 676 13 53 0.4339 
 191 611 214 636 53 0.4312 
 136 439 158 456 53 0.4263 
 507 250 520 273 53 0.4253 
 121 437 136 459 53 0.4187 
 116 245 137 274 53 0.4187 
 367 369 389 388 53 0.4065 
 85 141 106 165 53 0.4063 
 378 413 398 435 53 0.3978 
 239 403 257 421 53 0.3896 
 579 381 595 401 53 0.3802 
 356 463 389 492 53 0.3657 
 477 9 490 34 53 0.3594 
 455 20 477 46 53 0.3557 
 373 384 390 402 53 0.3548 
 560 364 584 381 53 0.3496 
 111 606 133 630 53 0.3442 
 88 385 108 401 53 0.332 
 521 256 539 273 53 0.3218 
 221 338 245 358 53 0.3218 
 4 500 15 515 53 0.3167 
 50 220 79 250 53 0.314 
 45 594 63 617 53 0.3115 
 167 100 186 118 53 0.3057 
 219 316 235 337 53 0.3049 
 432 361 448 377 53 0.2983 
 237 228 255 256 53 0.2942 
 297 479 318 498 53 0.2893 
 215 390 242 415 53 0.2869 
 667 307 682 322 53 0.283 
 360 411 374 430 53 0.2783 
 609 289 630 306 53 0.2766 
 548 366 564 382 53 0.2744 
 143 684 176 703 53 0.2727 
 62 377 83 398 53 0.2651 
 491 380 500 397 53 0.2622 
 134 225 164 253 53 0.2583 
 208 387 226 413 53 0.2576 
 647 182 668 202 53 0.2539 
 408 258 441 286 53 0.2502 
