190 78 214 106 53 0.8311 
 530 419 561 453 53 0.8311 
 546 389 582 422 53 0.7964 
 4 331 35 358 53 0.7773 
 531 232 559 262 53 0.7773 
 143 223 173 253 53 0.7565 
 199 52 225 78 53 0.7531 
 553 237 582 267 53 0.7461 
 294 142 326 172 53 0.7452 
 289 53 324 82 53 0.7285 
 108 143 142 170 53 0.709 
 383 358 406 377 53 0.7086 
 598 336 624 365 53 0.7075 
 69 109 90 138 53 0.7051 
 629 352 654 378 53 0.7028 
 608 369 630 391 53 0.693 
 523 154 555 179 53 0.6909 
 423 434 445 463 53 0.6896 
 352 88 376 111 53 0.6823 
 109 251 133 279 53 0.6823 
 199 308 226 336 53 0.6782 
 53 125 77 151 53 0.6662 
 208 352 236 385 53 0.6633 
 180 354 208 382 53 0.6567 
 537 204 566 234 53 0.6545 
 562 209 577 234 53 0.6393 
 420 338 445 358 53 0.6353 
 178 60 201 92 53 0.6232 
 586 68 620 95 53 0.6094 
 143 434 166 459 53 0.605 
 112 115 151 143 53 0.6001 
 282 462 316 490 53 0.5796 
 501 77 522 110 53 0.5747 
 0 521 25 557 53 0.5744 
 448 325 470 352 53 0.5695 
 310 471 334 499 53 0.564 
 415 142 440 166 53 0.5637 
 689 228 703 247 53 0.5518 
 382 331 410 361 53 0.5508 
 139 261 166 287 53 0.5498 
 132 405 162 431 53 0.5449 
 335 60 365 88 53 0.54 
 0 414 25 441 53 0.5342 
 27 178 54 200 53 0.5332 
 203 382 228 404 53 0.5186 
 435 311 463 335 53 0.5186 
 232 1 261 17 53 0.5176 
 545 266 558 283 53 0.5117 
 156 252 185 281 53 0.5117 
 144 94 170 118 53 0.5066 
 148 193 170 216 53 0.4949 
 515 46 548 69 53 0.4795 
 642 165 678 196 53 0.4785 
 59 267 80 286 53 0.4783 
 176 1 194 12 53 0.4648 
 212 0 232 13 53 0.4639 
 480 13 513 37 53 0.4619 
 594 227 620 254 53 0.457 
 128 202 161 232 53 0.4551 
 69 454 92 482 53 0.4475 
 15 541 50 571 53 0.4407 
 181 56 218 79 53 0.4407 
 642 295 666 315 53 0.4356 
 569 328 587 347 53 0.4356 
 522 296 535 312 53 0.4272 
 342 212 372 235 53 0.4253 
 427 317 447 338 53 0.4233 
 497 283 520 306 53 0.4177 
 180 69 194 90 53 0.4121 
 339 93 352 116 53 0.4092 
 603 437 622 463 53 0.4092 
 168 196 184 215 53 0.4055 
 649 109 673 128 53 0.4014 
 393 189 409 218 53 0.4006 
 628 326 647 352 53 0.3931 
 24 118 51 136 53 0.3794 
 621 62 646 87 53 0.3757 
 12 403 39 428 53 0.3757 
 161 292 185 315 53 0.3684 
 630 366 649 387 53 0.3667 
 551 207 580 231 53 0.363 
 402 158 424 177 53 0.3621 
 79 456 103 486 53 0.3557 
 237 72 265 90 53 0.3513 
 463 429 472 447 53 0.3502 
 480 343 504 367 53 0.3486 
 438 315 466 348 53 0.3286 
 183 325 208 348 53 0.3276 
 684 255 702 277 53 0.3174 
 40 411 59 434 53 0.3115 
 53 482 73 502 53 0.3089 
 493 1 508 13 53 0.3081 
 303 411 335 438 53 0.3081 
 398 402 410 421 53 0.3055 
 134 173 153 201 53 0.3015 
 664 273 681 294 53 0.2903 
 108 122 148 162 53 0.2859 
 489 0 510 18 53 0.272 
 347 23 362 41 53 0.2712 
 288 404 308 430 53 0.2666 
 341 25 378 42 53 0.2605 
 1 392 14 414 53 0.2502 
