51 350 83 382 53 0.813 
 526 413 566 445 53 0.813 
 549 209 589 242 53 0.7788 
 108 423 138 450 53 0.7788 
 579 507 612 535 53 0.772 
 0 419 26 448 53 0.7682 
 56 26 85 55 53 0.7598 
 9 80 41 109 53 0.7568 
 654 105 691 136 53 0.7568 
 618 395 644 421 53 0.75 
 167 343 189 369 53 0.7487 
 116 35 141 58 53 0.7422 
 559 330 590 362 53 0.7417 
 569 455 604 493 53 0.7388 
 374 16 412 47 53 0.7339 
 533 4 570 38 53 0.731 
 673 130 704 161 53 0.7192 
 549 129 577 155 53 0.7188 
 14 54 50 84 53 0.7188 
 479 518 515 555 53 0.716 
 248 79 283 108 53 0.71 
 528 214 554 243 53 0.7072 
 506 105 541 139 53 0.7065 
 485 435 522 464 53 0.7002 
 546 537 583 565 53 0.6953 
 534 356 557 385 53 0.6929 
 573 421 612 455 53 0.6919 
 570 162 606 196 53 0.6875 
 335 575 376 609 53 0.6724 
 579 336 610 361 53 0.6636 
 12 121 44 149 53 0.6592 
 247 106 283 141 53 0.6582 
 62 62 91 91 53 0.6504 
 12 472 48 499 53 0.647 
 119 397 154 424 53 0.6377 
 117 477 152 507 53 0.6372 
 635 45 679 89 53 0.6353 
 47 161 69 189 53 0.6343 
 100 278 132 306 53 0.6309 
 603 77 640 107 53 0.6299 
 100 143 136 174 53 0.6226 
 190 155 216 183 53 0.6143 
 0 48 16 75 53 0.613 
 34 440 66 472 53 0.6104 
 42 136 62 161 53 0.6081 
 393 274 426 300 53 0.6069 
 75 324 112 349 53 0.5972 
 660 36 700 70 53 0.5908 
 439 234 465 262 53 0.5908 
 95 228 123 255 53 0.5806 
 643 12 691 36 53 0.5767 
 159 147 183 177 53 0.5669 
 38 78 63 106 53 0.5649 
 497 1 534 17 53 0.5649 
 560 559 593 590 53 0.561 
 82 409 102 434 53 0.5578 
 563 426 593 458 53 0.5557 
 167 403 189 424 53 0.5498 
 658 435 678 461 53 0.5459 
 130 226 162 255 53 0.541 
 49 197 83 226 53 0.54 
 673 449 700 475 53 0.5349 
 100 0 127 16 53 0.5195 
 610 39 646 69 53 0.5029 
 594 375 627 398 53 0.4941 
 653 603 684 635 53 0.4922 
 667 647 703 674 53 0.4863 
 597 106 642 138 53 0.4775 
 30 225 62 252 53 0.4766 
 180 316 204 346 53 0.4717 
 528 508 559 534 53 0.4678 
 205 304 233 330 53 0.4629 
 366 248 405 280 53 0.46 
 622 16 659 53 53 0.458 
 505 329 528 356 53 0.4568 
 423 378 445 400 53 0.4495 
 588 1 630 32 53 0.4485 
 590 607 625 640 53 0.4456 
 486 94 518 128 53 0.4436 
 41 505 72 539 53 0.4358 
 647 553 675 582 53 0.4065 
 583 61 606 87 53 0.4055 
 480 304 509 329 53 0.4036 
 95 195 123 226 53 0.397 
 73 174 95 202 53 0.396 
 2 205 37 236 53 0.3943 
 519 454 546 483 53 0.3887 
 182 346 206 372 53 0.3857 
 311 600 347 636 53 0.3857 
 13 288 35 311 53 0.3838 
 355 426 374 454 53 0.3821 
 127 325 151 353 53 0.3811 
 639 506 677 541 53 0.3726 
 92 55 124 75 53 0.3667 
 100 174 135 191 53 0.3638 
 337 652 369 686 53 0.3604 
 101 2 121 12 53 0.3503 
 677 64 704 97 53 0.3477 
 372 620 405 653 53 0.3442 
 199 239 220 268 53 0.3381 
 429 109 462 141 53 0.332 
 0 658 34 696 53 0.3286 
 38 577 79 606 53 0.3269 
 205 393 223 417 53 0.3172 
 451 165 478 192 53 0.3108 
 684 12 696 33 53 0.3091 
 153 273 181 300 53 0.3081 
 159 107 201 136 53 0.3081 
 514 528 543 556 53 0.3074 
 443 308 465 335 53 0.3066 
 154 0 170 14 53 0.2998 
 645 1 689 19 53 0.2854 
 417 282 440 301 53 0.2822 
 500 173 534 201 53 0.2805 
 222 388 250 417 53 0.2791 
 560 457 590 489 53 0.2727 
 174 261 196 284 53 0.272 
 102 85 125 111 53 0.2651 
 170 536 208 565 53 0.2629 
 79 236 104 264 53 0.2605 
 361 180 384 208 53 0.2561 
 68 101 88 124 53 0.2502 
