594 460 626 491 53 0.8354 
 440 105 476 133 53 0.8276 
 408 273 443 303 53 0.8276 
 287 421 322 450 53 0.814 
 496 377 530 405 53 0.813 
 619 53 646 85 53 0.8058 
 436 476 467 506 53 0.8032 
 663 145 695 175 53 0.8027 
 386 365 416 392 53 0.8009 
 605 81 643 112 53 0.8003 
 578 418 609 450 53 0.7939 
 261 138 289 166 53 0.7921 
 462 298 491 328 53 0.7897 
 343 26 373 52 53 0.7866 
 414 455 445 481 53 0.7866 
 326 180 359 207 53 0.7827 
 321 290 355 316 53 0.7798 
 383 529 412 561 53 0.7788 
 475 141 504 168 53 0.7765 
 641 242 671 273 53 0.7759 
 626 151 661 184 53 0.7744 
 159 438 188 465 53 0.7744 
 357 496 383 525 53 0.7735 
 555 160 586 191 53 0.7725 
 420 630 452 663 53 0.771 
 133 465 167 491 53 0.7705 
 660 362 687 390 53 0.7598 
 67 264 96 293 53 0.7593 
 35 341 64 368 53 0.7578 
 373 213 403 238 53 0.7568 
 289 213 318 243 53 0.7559 
 568 470 598 494 53 0.752 
 460 216 485 243 53 0.7501 
 229 133 258 168 53 0.7476 
 262 217 288 244 53 0.7443 
 136 251 164 279 53 0.7443 
 191 266 222 292 53 0.7432 
 577 505 609 537 53 0.7417 
 313 510 341 537 53 0.7373 
 217 410 247 434 53 0.7324 
 412 513 443 543 53 0.7295 
 381 137 411 168 53 0.7256 
 269 58 302 86 53 0.7217 
 58 293 84 317 53 0.7217 
 636 369 666 398 53 0.7202 
 75 440 107 466 53 0.7202 
 673 3 703 24 53 0.7163 
 549 428 573 457 53 0.7145 
 517 138 549 168 53 0.7139 
 7 295 40 316 53 0.7139 
 7 369 39 396 53 0.7139 
 224 268 252 294 53 0.7124 
 657 620 686 652 53 0.7096 
 618 179 647 205 53 0.709 
 27 495 57 519 53 0.708 
 470 607 505 634 53 0.7075 
 392 325 420 347 53 0.7065 
 583 557 617 581 53 0.7056 
 477 492 511 522 53 0.7051 
 666 63 694 88 53 0.7051 
 173 390 198 414 53 0.7023 
 0 526 14 553 53 0.7017 
 543 89 578 114 53 0.6992 
 636 290 670 320 53 0.6982 
 371 430 396 455 53 0.6937 
 201 152 232 180 53 0.6919 
 181 456 206 478 53 0.6919 
 247 18 279 44 53 0.6895 
 464 427 490 450 53 0.6867 
 683 652 704 685 53 0.6826 
 580 616 606 644 53 0.6798 
 177 101 205 130 53 0.6792 
 610 234 645 263 53 0.6714 
 457 530 488 561 53 0.6655 
 116 179 147 202 53 0.6558 
 500 518 536 545 53 0.6548 
 624 647 649 678 53 0.6538 
 607 437 633 461 53 0.6501 
 310 474 337 497 53 0.6432 
 660 467 688 494 53 0.6353 
 101 298 127 323 53 0.6343 
 670 234 702 269 53 0.6323 
 135 506 161 531 53 0.6242 
 223 102 253 130 53 0.6226 
 140 15 170 52 53 0.6216 
 565 538 591 565 53 0.6113 
 682 326 703 351 53 0.611 
 504 21 532 50 53 0.6001 
 2 68 36 96 53 0.5947 
 235 2 263 12 53 0.5591 
 0 265 15 285 53 0.5544 
 105 97 137 123 53 0.5439 
 347 612 376 639 53 0.5361 
 648 219 675 245 53 0.5273 
 0 183 26 212 53 0.5244 
 135 0 171 17 53 0.5205 
 551 618 579 645 53 0.5176 
 373 606 399 630 53 0.4912 
 233 0 259 19 53 0.4902 
 258 88 285 110 53 0.4834 
 25 196 58 220 53 0.4805 
 624 541 659 565 53 0.4746 
 318 212 334 232 53 0.4675 
 438 667 463 691 53 0.4609 
 665 496 694 523 53 0.4561 
 0 484 11 513 53 0.4551 
 185 57 221 82 53 0.4551 
 686 36 703 65 53 0.4492 
 526 382 555 405 53 0.4282 
 575 651 610 683 53 0.4263 
 597 201 628 230 53 0.4243 
 459 574 475 597 53 0.4148 
 122 52 152 79 53 0.4109 
 640 80 657 102 53 0.4006 
 459 241 488 260 53 0.395 
 560 315 589 338 53 0.3943 
 460 670 494 704 53 0.373 
 134 3 172 38 53 0.3557 
 691 492 704 515 53 0.3494 
 328 321 353 347 53 0.3469 
 71 84 107 112 53 0.2959 
 608 421 630 448 53 0.291 
 235 316 253 337 53 0.2828 
 619 600 649 629 53 0.2822 
 424 459 470 502 53 0.2708 
 413 554 428 572 53 0.2696 
 693 581 704 601 53 0.2665 
 0 56 11 81 53 0.2635 
 605 659 619 683 53 0.2546 
 591 522 615 550 53 0.2524 
