531 143 564 176 53 0.8677 
 400 444 437 475 53 0.8579 
 458 387 493 423 53 0.8501 
 501 127 533 161 53 0.8438 
 514 357 546 393 53 0.8428 
 545 302 576 334 53 0.8374 
 118 213 152 244 53 0.8354 
 533 60 566 90 53 0.835 
 295 150 332 182 53 0.8335 
 434 228 472 257 53 0.8335 
 192 466 228 499 53 0.833 
 375 131 411 167 53 0.8291 
 34 53 67 83 53 0.8276 
 374 195 406 230 53 0.8276 
 379 354 417 386 53 0.8193 
 500 27 536 58 53 0.818 
 464 358 498 391 53 0.8174 
 584 36 623 66 53 0.813 
 383 280 419 308 53 0.8115 
 105 1 142 33 53 0.8101 
 411 509 441 541 53 0.8097 
 407 370 447 406 53 0.8052 
 225 463 260 494 53 0.8052 
 428 23 466 55 53 0.8038 
 103 560 139 591 53 0.8003 
 461 42 497 77 53 0.7944 
 324 356 359 388 53 0.793 
 341 263 375 292 53 0.7886 
 24 156 57 183 53 0.7866 
 615 580 650 617 53 0.7827 
 523 291 549 318 53 0.7827 
 530 493 561 524 53 0.7812 
 629 331 663 359 53 0.7808 
 26 572 61 602 53 0.7804 
 427 665 463 694 53 0.7804 
 593 149 631 178 53 0.7773 
 53 419 85 446 53 0.7734 
 565 261 593 284 53 0.7705 
 209 287 243 319 53 0.7638 
 497 257 534 285 53 0.7593 
 11 11 51 44 53 0.754 
 90 71 127 96 53 0.7515 
 231 49 269 79 53 0.749 
 239 419 274 449 53 0.7422 
 561 504 591 529 53 0.7393 
 151 82 188 109 53 0.7363 
 377 457 409 487 53 0.7363 
 171 521 206 549 53 0.7363 
 466 180 497 208 53 0.7358 
 80 253 113 274 53 0.7334 
 496 500 532 529 53 0.7285 
 600 174 631 198 53 0.7266 
 560 560 597 588 53 0.7241 
 357 369 380 390 53 0.7188 
 415 2 445 31 53 0.7163 
 402 187 435 212 53 0.7163 
 441 258 465 279 53 0.716 
 636 544 676 578 53 0.7139 
 141 188 174 213 53 0.7114 
 338 374 367 399 53 0.7104 
 422 585 459 612 53 0.71 
 253 91 281 125 53 0.7077 
 676 409 704 442 53 0.7065 
 370 66 407 97 53 0.7056 
 521 450 557 479 53 0.7041 
 272 328 299 362 53 0.6999 
 551 434 586 459 53 0.6992 
 90 402 122 430 53 0.6982 
 70 229 96 255 53 0.6943 
 8 208 40 234 53 0.6929 
 238 161 260 182 53 0.6925 
 456 561 488 589 53 0.6885 
 480 453 517 482 53 0.686 
 435 162 460 186 53 0.6841 
 251 368 288 390 53 0.6807 
 120 323 147 345 53 0.6758 
 569 389 599 409 53 0.6636 
 60 574 90 599 53 0.6621 
 257 344 286 371 53 0.6567 
 357 323 379 344 53 0.6514 
 320 177 355 200 53 0.6504 
 336 490 374 520 53 0.646 
 642 469 675 498 53 0.6333 
 144 369 183 393 53 0.6289 
 11 646 49 678 53 0.6152 
 23 475 51 501 53 0.5981 
 179 0 214 21 53 0.5947 
 638 445 669 473 53 0.5938 
 401 476 433 504 53 0.583 
 473 583 508 614 53 0.5737 
 624 65 649 85 53 0.5715 
 375 1 414 16 53 0.5708 
 260 172 285 191 53 0.5688 
 289 122 313 147 53 0.5469 
 530 596 562 629 53 0.5459 
 317 641 354 671 53 0.5459 
 334 662 355 684 53 0.5215 
 643 120 674 145 53 0.4941 
 365 601 393 631 53 0.4678 
 661 270 681 294 53 0.4627 
 79 543 120 565 53 0.458 
 325 403 347 424 53 0.4534 
 343 333 369 360 53 0.4514 
 549 283 569 302 53 0.4483 
 142 563 165 588 53 0.4407 
 664 622 692 646 53 0.3987 
 318 576 355 604 53 0.3831 
 571 485 600 512 53 0.3804 
 693 582 702 611 53 0.3709 
 462 667 486 692 53 0.3523 
 196 463 258 502 53 0.3386 
 268 25 291 47 53 0.2991 
 58 218 79 239 53 0.2949 
 640 449 675 489 53 0.2935 
 0 678 12 704 53 0.2886 
 346 603 370 630 53 0.2796 
 157 498 169 525 53 0.2644 
 168 26 206 50 53 0.2612 
