412 357 442 388 53 0.858 
 279 637 315 672 53 0.853 
 187 267 219 302 53 0.8501 
 493 409 533 442 53 0.8448 
 372 77 413 115 53 0.8408 
 672 459 704 490 53 0.8354 
 590 298 625 332 53 0.8335 
 101 355 132 385 53 0.8335 
 553 203 586 236 53 0.832 
 247 194 282 225 53 0.8287 
 231 583 275 624 53 0.8276 
 670 386 704 418 53 0.8263 
 0 222 25 251 53 0.8232 
 287 169 325 201 53 0.8199 
 288 0 326 32 53 0.8198 
 112 304 144 332 53 0.8115 
 378 655 412 686 53 0.8115 
 403 568 442 598 53 0.8101 
 200 77 239 108 53 0.8097 
 623 442 658 476 53 0.8066 
 401 261 440 297 53 0.8009 
 42 410 70 441 53 0.8008 
 157 53 200 89 53 0.797 
 556 428 592 465 53 0.7959 
 387 522 426 556 53 0.7945 
 318 503 359 537 53 0.7916 
 67 291 106 326 53 0.7891 
 210 213 240 240 53 0.7842 
 575 0 614 26 53 0.7812 
 260 241 295 271 53 0.7812 
 265 332 297 362 53 0.7798 
 20 552 56 588 53 0.7788 
 83 66 118 96 53 0.7788 
 109 104 150 135 53 0.777 
 589 155 621 192 53 0.7759 
 408 0 449 30 53 0.7739 
 180 90 209 117 53 0.7725 
 662 595 703 632 53 0.7725 
 468 211 507 239 53 0.772 
 465 371 496 398 53 0.7705 
 2 0 44 31 53 0.7705 
 0 429 24 466 53 0.7637 
 0 610 39 646 53 0.7627 
 58 0 94 26 53 0.7622 
 562 559 600 592 53 0.7549 
 411 86 445 122 53 0.7544 
 467 50 496 82 53 0.7485 
 549 377 582 403 53 0.7476 
 495 11 531 46 53 0.7471 
 436 99 463 127 53 0.7432 
 316 295 343 333 53 0.7422 
 108 0 146 20 53 0.7266 
 141 346 167 372 53 0.7241 
 613 116 651 147 53 0.7231 
 19 30 43 53 53 0.722 
 373 158 399 182 53 0.7163 
 49 91 85 121 53 0.7129 
 85 442 108 472 53 0.6919 
 90 595 131 631 53 0.686 
 0 92 28 113 53 0.6724 
 43 1 66 27 53 0.668 
 84 198 120 231 53 0.6577 
 217 451 251 483 53 0.6533 
 640 481 668 509 53 0.6257 
 55 553 75 589 53 0.6245 
 33 329 60 354 53 0.6177 
 362 618 398 646 53 0.6094 
 212 450 234 482 53 0.5998 
 355 684 397 703 53 0.5928 
 441 508 480 530 53 0.5806 
 331 277 362 298 53 0.5098 
 258 131 292 158 53 0.4844 
 180 203 213 231 53 0.4514 
 240 110 260 139 53 0.4263 
 491 42 521 64 53 0.385 
 272 210 291 233 53 0.384 
 96 294 112 322 53 0.3577 
 258 515 298 546 53 0.3469 
 551 678 582 704 53 0.3174 
 44 687 80 704 53 0.3015 
 229 86 246 110 53 0.2877 
