0 35 32 66 53 0.8408 
 629 112 665 146 53 0.8262 
 430 122 469 158 53 0.8232 
 51 248 88 281 53 0.8214 
 326 319 363 352 53 0.8184 
 289 373 316 403 53 0.8101 
 674 412 703 446 53 0.8091 
 454 464 490 495 53 0.7993 
 360 0 398 33 53 0.7988 
 102 227 143 258 53 0.7969 
 394 0 429 36 53 0.7959 
 593 168 633 202 53 0.7955 
 60 338 96 371 53 0.7944 
 147 431 179 462 53 0.7944 
 96 23 136 55 53 0.7891 
 413 32 453 64 53 0.7881 
 234 295 276 329 53 0.7828 
 291 252 335 284 53 0.7823 
 86 138 128 178 53 0.7812 
 526 214 560 240 53 0.7798 
 0 134 24 170 53 0.7793 
 88 81 119 111 53 0.7793 
 580 420 611 451 53 0.7788 
 414 506 453 542 53 0.7773 
 608 361 647 392 53 0.7765 
 184 177 212 211 53 0.7735 
 623 3 664 33 53 0.7734 
 22 305 64 339 53 0.7734 
 480 18 512 46 53 0.772 
 611 211 653 246 53 0.772 
 344 223 385 257 53 0.7695 
 146 217 181 249 53 0.7672 
 451 162 488 192 53 0.7622 
 478 263 519 298 53 0.7594 
 71 462 110 497 53 0.7593 
 96 407 125 444 53 0.7578 
 516 370 555 403 53 0.7568 
 267 242 298 278 53 0.7559 
 201 190 240 224 53 0.749 
 545 408 584 443 53 0.7487 
 441 281 460 314 53 0.7467 
 395 311 421 346 53 0.7428 
 257 539 288 567 53 0.7417 
 291 83 333 115 53 0.7349 
 607 510 648 540 53 0.7247 
 171 421 199 454 53 0.7238 
 558 628 596 663 53 0.7231 
 126 542 162 573 53 0.7213 
 277 514 308 546 53 0.7168 
 364 464 403 498 53 0.709 
 0 486 27 519 53 0.7041 
 197 633 235 669 53 0.7028 
 375 242 408 271 53 0.7007 
 516 181 547 214 53 0.6978 
 67 0 105 21 53 0.6909 
 628 296 661 320 53 0.6875 
 171 39 208 72 53 0.6758 
 630 396 662 427 53 0.6738 
 139 350 165 380 53 0.6733 
 130 131 170 162 53 0.6699 
 73 643 113 677 53 0.6665 
 400 216 430 245 53 0.6655 
 90 668 124 704 53 0.6577 
 79 280 118 316 53 0.6567 
 356 548 397 580 53 0.6533 
 352 579 391 611 53 0.6504 
 6 342 45 383 53 0.6494 
 245 640 281 670 53 0.644 
 571 559 611 593 53 0.6387 
 49 461 81 496 53 0.6299 
 125 465 162 491 53 0.627 
 536 180 566 215 53 0.6216 
 581 648 612 676 53 0.5947 
 15 198 51 228 53 0.5938 
 159 630 199 667 53 0.5928 
 285 632 330 675 53 0.5825 
 0 345 18 379 53 0.582 
 4 653 43 684 53 0.5767 
 296 5 335 37 53 0.5747 
 623 576 662 607 53 0.5708 
 653 220 675 250 53 0.5601 
 78 413 107 447 53 0.5527 
 486 161 511 187 53 0.5486 
 383 395 420 427 53 0.542 
 307 113 334 138 53 0.54 
 588 622 617 653 53 0.5381 
 326 424 364 457 53 0.5371 
 56 173 99 208 53 0.5327 
 213 389 252 419 53 0.5176 
 303 504 336 537 53 0.5156 
 486 466 514 491 53 0.5156 
 255 428 295 463 53 0.5142 
 629 259 663 288 53 0.5098 
 647 514 678 542 53 0.5078 
 349 201 372 224 53 0.4629 
 9 292 42 313 53 0.4524 
 185 577 215 606 53 0.4485 
 38 639 68 673 53 0.4475 
 332 190 362 228 53 0.4331 
 616 80 635 100 53 0.4302 
 341 359 372 389 53 0.4072 
 22 343 60 382 53 0.3999 
 34 338 68 372 53 0.3867 
 219 681 260 704 53 0.3767 
 446 317 461 337 53 0.3699 
 524 518 556 542 53 0.3567 
 416 680 439 702 53 0.3477 
 620 533 647 559 53 0.3442 
 558 519 586 546 53 0.3425 
 10 618 40 653 53 0.3416 
 83 645 125 688 53 0.3271 
 477 394 508 427 53 0.3242 
 281 508 331 549 53 0.3242 
 695 12 702 29 53 0.3235 
 518 665 549 691 53 0.3081 
 358 0 431 36 53 0.2947 
 127 519 145 544 53 0.2942 
 28 472 54 503 53 0.2878 
