424 430 455 456 53 0.8018 
 112 213 145 242 53 0.7944 
 147 455 186 486 53 0.7925 
 131 239 164 272 53 0.7828 
 309 437 342 462 53 0.7461 
 202 490 233 511 53 0.7363 
 164 562 194 590 53 0.7334 
 405 18 435 41 53 0.7192 
 76 231 101 260 53 0.7077 
 123 298 148 326 53 0.7075 
 6 3 37 27 53 0.7031 
 261 283 288 310 53 0.6978 
 589 282 621 315 53 0.6925 
 118 404 142 431 53 0.6798 
 151 398 170 421 53 0.672 
 41 129 67 154 53 0.6636 
 626 290 659 320 53 0.6567 
 340 16 373 45 53 0.6558 
 168 154 199 181 53 0.6523 
 284 306 301 333 53 0.6349 
 253 271 270 295 53 0.633 
 58 89 84 113 53 0.627 
 421 477 454 499 53 0.6094 
 180 468 211 498 53 0.6084 
 21 105 48 136 53 0.603 
 646 15 677 44 53 0.6021 
 92 91 119 116 53 0.5938 
 210 469 234 488 53 0.5935 
 521 303 542 329 53 0.5925 
 105 333 137 363 53 0.584 
 438 33 460 56 53 0.5815 
 363 292 393 317 53 0.5757 
 148 431 180 454 53 0.5737 
 383 37 415 64 53 0.5718 
 441 404 464 425 53 0.564 
 327 18 344 44 53 0.5601 
 424 232 457 257 53 0.5581 
 546 437 571 464 53 0.5557 
 508 526 538 556 53 0.5554 
 678 36 704 66 53 0.5527 
 63 299 101 331 53 0.5469 
 125 165 149 187 53 0.5449 
 468 406 487 433 53 0.5447 
 443 221 478 243 53 0.542 
 247 339 264 359 53 0.541 
 75 37 105 67 53 0.541 
 272 35 306 62 53 0.54 
 562 623 584 648 53 0.531 
 7 295 34 316 53 0.5293 
 510 272 539 301 53 0.5234 
 95 379 124 408 53 0.5225 
 111 134 134 157 53 0.5193 
 161 509 188 534 53 0.5173 
 182 265 215 299 53 0.5137 
 135 417 156 448 53 0.5078 
 0 245 11 273 53 0.5017 
 188 0 226 16 53 0.498 
 491 47 520 76 53 0.4932 
 496 482 523 510 53 0.491 
 584 18 614 46 53 0.4902 
 566 328 594 356 53 0.4883 
 254 395 284 418 53 0.4854 
 635 472 667 497 53 0.4785 
 547 535 578 563 53 0.4785 
 120 370 148 398 53 0.4775 
 566 295 591 322 53 0.4756 
 323 311 345 333 53 0.4724 
 115 109 129 131 53 0.4619 
 652 395 685 419 53 0.4619 
 327 178 347 202 53 0.4597 
 215 14 245 41 53 0.4551 
 205 392 237 422 53 0.4485 
 113 480 138 513 53 0.4387 
 256 87 279 108 53 0.4339 
 399 238 419 259 53 0.4312 
 78 203 107 231 53 0.4302 
 481 224 506 246 53 0.4214 
 484 273 507 294 53 0.4197 
 578 256 604 285 53 0.408 
 9 50 41 74 53 0.4065 
 149 438 182 468 53 0.395 
 456 0 478 14 53 0.3794 
 189 229 225 255 53 0.3794 
 583 318 606 336 53 0.3784 
 135 198 154 220 53 0.3738 
 444 607 472 634 53 0.363 
 473 485 499 509 53 0.3621 
 442 55 453 76 53 0.3584 
 135 430 154 455 53 0.3513 
 471 516 501 544 53 0.3486 
 103 429 126 453 53 0.3469 
 132 528 165 565 53 0.3433 
 596 513 621 537 53 0.3416 
 298 209 316 229 53 0.3372 
 144 367 161 386 53 0.3364 
 305 359 337 378 53 0.3345 
 148 92 180 114 53 0.3293 
 20 28 46 50 53 0.3201 
 470 535 495 559 53 0.3174 
 622 87 652 110 53 0.2974 
 528 586 555 609 53 0.2949 
 170 349 189 370 53 0.291 
 264 160 280 178 53 0.2878 
 202 474 231 504 53 0.283 
 115 93 131 109 53 0.2822 
 195 2 221 13 53 0.2798 
 235 629 264 661 53 0.2759 
 156 279 179 299 53 0.2705 
 430 565 466 591 53 0.2705 
 103 392 125 415 53 0.2568 
