114 590 149 623 53 0.8955 
 527 381 566 412 53 0.8789 
 600 484 634 516 53 0.8672 
 127 324 165 355 53 0.8613 
 584 256 620 288 53 0.8589 
 41 203 77 238 53 0.856 
 255 228 290 261 53 0.8481 
 560 428 600 462 53 0.8481 
 148 64 178 95 53 0.8477 
 172 347 210 382 53 0.8472 
 472 200 508 235 53 0.8438 
 190 274 221 304 53 0.8438 
 183 173 218 201 53 0.8424 
 274 181 310 213 53 0.8408 
 532 510 571 542 53 0.835 
 123 394 152 421 53 0.8345 
 202 541 238 578 53 0.8345 
 611 324 644 355 53 0.8315 
 137 147 172 177 53 0.8271 
 46 379 77 409 53 0.8223 
 100 360 138 391 53 0.8204 
 616 133 655 170 53 0.8188 
 151 471 188 502 53 0.8115 
 396 370 434 402 53 0.7964 
 31 285 67 313 53 0.7959 
 23 202 48 226 53 0.7959 
 0 350 26 383 53 0.7925 
 533 584 568 613 53 0.79 
 227 2 268 23 53 0.7861 
 61 337 85 366 53 0.7812 
 549 38 581 68 53 0.7798 
 356 195 384 227 53 0.7744 
 480 32 517 60 53 0.7646 
 652 527 683 555 53 0.7622 
 295 90 321 120 53 0.7607 
 561 658 599 687 53 0.7065 
 686 404 703 430 53 0.702 
 600 222 621 248 53 0.7003 
 156 161 189 193 53 0.687 
 649 643 686 675 53 0.6318 
 590 677 625 703 53 0.5957 
 166 639 201 671 53 0.5601 
 134 32 166 62 53 0.541 
 213 642 244 670 53 0.4785 
 1 519 14 544 53 0.3328 
 104 336 152 391 53 0.3066 
