634 48 670 83 53 0.8623 
 404 170 455 218 53 0.8569 
 556 32 597 73 53 0.853 
 166 46 206 81 53 0.8481 
 420 95 463 130 53 0.8423 
 570 144 614 183 53 0.8419 
 613 443 654 478 53 0.8403 
 213 47 261 86 53 0.8403 
 572 65 614 111 53 0.8403 
 385 320 436 363 53 0.8394 
 484 562 530 605 53 0.8364 
 646 132 686 167 53 0.8345 
 204 357 247 401 53 0.833 
 513 124 558 163 53 0.832 
 582 375 626 413 53 0.8311 
 514 57 560 94 53 0.8302 
 573 257 620 300 53 0.8267 
 665 99 704 144 53 0.8257 
 404 406 450 448 53 0.8252 
 258 85 298 119 53 0.8233 
 547 214 582 246 53 0.8233 
 478 22 518 60 53 0.8223 
 357 165 403 206 53 0.8223 
 326 167 363 203 53 0.8188 
 339 490 388 537 53 0.8154 
 564 554 609 593 53 0.815 
 473 129 512 160 53 0.8125 
 482 156 526 191 53 0.8125 
 445 572 492 614 53 0.8105 
 361 113 405 146 53 0.8091 
 620 242 659 274 53 0.8086 
 309 379 360 429 53 0.8076 
 675 453 703 491 53 0.8076 
 33 556 85 606 53 0.8057 
 668 641 704 675 53 0.8027 
 220 218 263 249 53 0.8009 
 121 247 160 287 53 0.8008 
 665 279 704 318 53 0.8003 
 552 447 594 483 53 0.7988 
 463 343 512 386 53 0.7983 
 0 252 50 299 53 0.793 
 20 68 73 114 53 0.792 
 528 643 569 680 53 0.79 
 312 640 358 682 53 0.79 
 477 473 518 507 53 0.7882 
 431 505 470 536 53 0.7882 
 535 311 583 357 53 0.7822 
 372 291 413 333 53 0.7798 
 379 33 427 80 53 0.7798 
 682 12 704 45 53 0.775 
 674 315 704 355 53 0.771 
 146 336 203 391 53 0.7705 
 60 20 109 66 53 0.7686 
 526 574 575 615 53 0.7676 
 392 569 427 603 53 0.7656 
 461 211 495 242 53 0.7646 
 622 199 663 235 53 0.7609 
 91 126 119 153 53 0.7594 
 415 534 457 574 53 0.7593 
 286 423 326 459 53 0.756 
 101 346 152 385 53 0.7559 
 367 44 388 78 53 0.7545 
 52 199 103 245 53 0.7544 
 615 0 656 25 53 0.75 
 136 528 184 573 53 0.7402 
 496 266 535 302 53 0.7393 
 667 676 699 704 53 0.7321 
 102 19 134 58 53 0.7256 
 299 113 337 142 53 0.7217 
 0 18 15 53 53 0.71 
 658 418 690 447 53 0.7075 
 301 0 338 32 53 0.6992 
 595 674 632 702 53 0.6953 
 419 308 457 339 53 0.6909 
 627 292 666 328 53 0.687 
 75 119 101 146 53 0.6851 
 150 618 202 668 53 0.6846 
 100 199 139 235 53 0.6792 
 60 464 105 512 53 0.6792 
 280 529 321 564 53 0.6655 
 268 659 320 704 53 0.6631 
 423 252 458 279 53 0.6592 
 685 355 704 375 53 0.639 
 396 669 427 702 53 0.604 
 599 227 621 258 53 0.5869 
 213 143 258 177 53 0.5747 
 0 502 33 537 53 0.563 
 406 0 437 27 53 0.5508 
 147 468 191 512 53 0.5493 
 44 389 75 418 53 0.4824 
 169 229 196 254 53 0.4744 
 660 196 687 222 53 0.4717 
 560 134 580 154 53 0.4543 
 224 451 261 479 53 0.4426 
 663 651 704 704 53 0.4172 
 12 635 54 676 53 0.3784 
 442 564 531 615 53 0.3342 
 656 0 673 15 53 0.3235 
 633 281 704 324 53 0.3213 
 161 43 242 87 53 0.3013 
 24 522 47 544 53 0.2869 
 85 23 112 68 53 0.2727 
 266 468 307 505 53 0.2646 
