221 34 261 81 53 0.854 
 173 140 215 182 53 0.8511 
 511 347 552 383 53 0.8364 
 9 232 52 266 53 0.8258 
 674 12 704 44 53 0.8199 
 20 99 62 131 53 0.8091 
 137 275 169 308 53 0.8066 
 341 413 376 448 53 0.8066 
 310 116 352 150 53 0.8042 
 415 236 450 267 53 0.8018 
 187 342 222 383 53 0.8018 
 456 440 495 473 53 0.8004 
 218 358 254 394 53 0.7999 
 178 83 205 114 53 0.7969 
 448 234 485 265 53 0.7838 
 277 121 315 152 53 0.7789 
 131 636 168 669 53 0.7705 
 333 97 366 126 53 0.7622 
 342 129 377 159 53 0.7549 
 299 92 339 122 53 0.7404 
 665 461 697 489 53 0.7402 
 483 354 511 381 53 0.7389 
 522 529 562 562 53 0.7363 
 190 232 230 265 53 0.7316 
 233 422 258 451 53 0.7267 
 129 228 172 255 53 0.7231 
 97 160 132 190 53 0.7212 
 621 159 657 189 53 0.7086 
 130 597 163 634 53 0.6978 
 118 448 157 476 53 0.6934 
 649 231 686 265 53 0.6816 
 270 663 311 697 53 0.6802 
 83 663 122 696 53 0.6792 
 78 330 109 357 53 0.6772 
 151 435 183 466 53 0.6724 
 0 274 17 295 53 0.667 
 407 566 440 593 53 0.667 
 98 306 139 334 53 0.6655 
 25 329 59 361 53 0.645 
 339 466 370 493 53 0.6245 
 334 590 370 613 53 0.6196 
 329 207 362 240 53 0.6162 
 647 440 684 464 53 0.5981 
 570 353 585 377 53 0.5754 
 467 601 503 633 53 0.5737 
 303 98 344 139 53 0.5649 
 542 584 572 612 53 0.5332 
 393 60 434 96 53 0.5166 
 116 473 143 496 53 0.5029 
 164 435 194 467 53 0.498 
 682 571 704 599 53 0.4961 
 238 672 276 703 53 0.4873 
 572 94 604 116 53 0.4668 
 624 244 640 265 53 0.4543 
 239 343 267 368 53 0.4524 
 305 596 325 623 53 0.4495 
 90 517 128 547 53 0.4036 
 642 242 665 267 53 0.396 
 0 555 39 595 53 0.3669 
 670 438 688 464 53 0.3621 
 276 119 351 156 53 0.3386 
 0 454 33 474 53 0.3208 
 319 1 354 14 53 0.3091 
 652 442 695 477 53 0.304 
 186 343 250 391 53 0.3003 
 391 679 417 703 53 0.291 
 675 456 704 491 53 0.2837 
 197 461 209 484 53 0.251 
