211 1 242 29 53 0.8199 
 309 409 330 434 53 0.8121 
 569 342 602 369 53 0.8008 
 17 214 43 238 53 0.7897 
 27 373 54 400 53 0.7731 
 591 351 616 380 53 0.7706 
 512 291 539 321 53 0.7687 
 377 54 402 83 53 0.7682 
 389 346 415 372 53 0.7531 
 598 506 621 538 53 0.7496 
 89 212 118 238 53 0.7487 
 324 89 354 117 53 0.7457 
 633 336 653 364 53 0.7457 
 452 26 486 56 53 0.7358 
 254 30 283 58 53 0.7339 
 71 386 101 413 53 0.7339 
 578 440 608 466 53 0.7324 
 408 241 429 266 53 0.7316 
 217 76 246 101 53 0.728 
 336 317 356 342 53 0.715 
 444 361 470 392 53 0.7139 
 163 91 185 120 53 0.7135 
 275 326 307 353 53 0.71 
 439 71 467 96 53 0.71 
 395 362 431 391 53 0.7065 
 216 180 241 203 53 0.7026 
 155 147 190 174 53 0.6953 
 307 205 338 234 53 0.6826 
 174 229 197 254 53 0.6724 
 248 354 275 379 53 0.6724 
 146 274 177 306 53 0.6626 
 274 429 304 454 53 0.6621 
 349 121 385 148 53 0.6602 
 429 256 449 279 53 0.6532 
 1 194 30 215 53 0.6523 
 227 308 253 329 53 0.6523 
 203 326 229 348 53 0.646 
 269 86 297 114 53 0.6416 
 363 229 377 254 53 0.634 
 493 182 515 211 53 0.6309 
 675 443 704 475 53 0.6309 
 402 299 430 327 53 0.6279 
 354 141 384 170 53 0.627 
 340 68 364 85 53 0.625 
 428 0 458 21 53 0.6216 
 479 279 509 305 53 0.6167 
 600 242 639 266 53 0.6143 
 674 462 704 489 53 0.6084 
 247 75 269 101 53 0.6027 
 647 311 667 335 53 0.5962 
 243 378 271 400 53 0.5889 
 451 252 474 278 53 0.5866 
 182 20 205 50 53 0.584 
 91 280 119 314 53 0.5796 
 503 270 528 295 53 0.5786 
 205 244 236 271 53 0.5737 
 230 281 255 301 53 0.5737 
 628 533 654 561 53 0.5705 
 25 427 57 459 53 0.5659 
 651 271 672 297 53 0.5656 
 80 412 102 441 53 0.5649 
 120 235 150 263 53 0.564 
 594 599 624 630 53 0.5571 
 583 528 614 556 53 0.5547 
 346 39 377 69 53 0.5508 
 566 619 595 656 53 0.541 
 420 197 446 224 53 0.5303 
 436 342 456 369 53 0.529 
 490 126 519 154 53 0.5268 
 283 257 318 289 53 0.5264 
 570 463 598 479 53 0.5264 
 606 302 632 329 53 0.5193 
 313 143 332 166 53 0.5144 
 648 179 672 208 53 0.5137 
 537 367 563 389 53 0.5134 
 273 379 297 408 53 0.5124 
 99 409 123 434 53 0.4998 
 261 373 284 397 53 0.499 
 289 328 316 358 53 0.4951 
 5 468 38 493 53 0.4922 
 631 606 658 637 53 0.4919 
 418 352 444 378 53 0.491 
 320 315 341 337 53 0.4893 
 59 424 84 450 53 0.4863 
 630 574 656 604 53 0.4805 
 333 414 352 438 53 0.4754 
 486 391 517 420 53 0.4717 
 38 79 63 113 53 0.4707 
 250 56 274 72 53 0.4697 
 566 429 589 445 53 0.4678 
 0 211 19 239 53 0.4668 
 515 125 543 156 53 0.4629 
 589 224 617 257 53 0.4629 
 371 153 399 178 53 0.4619 
 174 176 197 198 53 0.458 
 522 418 540 439 53 0.4549 
 131 71 163 95 53 0.4524 
 160 213 177 230 53 0.4514 
 104 394 127 421 53 0.4504 
 593 632 617 658 53 0.4495 
 178 196 216 229 53 0.4475 
 463 111 495 140 53 0.4465 
 494 546 524 575 53 0.4341 
 427 1 451 15 53 0.427 
 303 37 318 60 53 0.4263 
 406 176 427 197 53 0.4243 
 259 109 287 132 53 0.4243 
 10 330 43 359 53 0.4243 
 325 33 350 63 53 0.4233 
 649 287 669 307 53 0.4233 
 13 70 56 108 53 0.4226 
 273 72 301 96 53 0.4141 
 279 46 307 70 53 0.4121 
 465 85 490 113 53 0.4111 
 211 540 242 565 53 0.4111 
 454 158 472 183 53 0.408 
 64 240 98 261 53 0.4055 
 249 567 265 596 53 0.4036 
 396 292 411 311 53 0.3923 
 114 275 147 316 53 0.3914 
 438 3 461 27 53 0.3904 
 227 660 254 686 53 0.3857 
 167 508 199 539 53 0.3811 
 98 279 138 320 53 0.3804 
 274 131 295 162 53 0.3767 
 53 74 96 100 53 0.3757 
 221 587 252 619 53 0.3684 
 19 0 53 18 53 0.3667 
 421 215 442 240 53 0.3657 
 573 557 592 585 53 0.3538 
 595 0 619 15 53 0.3442 
 112 292 139 319 53 0.3408 
 593 10 621 40 53 0.3407 
 104 96 123 120 53 0.3364 
 98 72 130 97 53 0.3328 
 652 577 682 603 53 0.3184 
 560 579 596 603 53 0.3149 
 625 28 659 54 53 0.3115 
 514 531 540 560 53 0.3089 
 443 193 469 215 53 0.3081 
 508 194 542 226 53 0.304 
 192 243 215 271 53 0.3032 
 175 124 197 148 53 0.3015 
 564 441 579 463 53 0.2942 
 419 346 458 372 53 0.2942 
 660 201 682 224 53 0.2909 
 235 93 254 116 53 0.2878 
 242 113 274 144 53 0.2837 
 552 84 581 112 53 0.2815 
 529 545 556 578 53 0.2798 
 443 87 468 114 53 0.2791 
 186 189 221 219 53 0.2737 
 341 482 374 509 53 0.2712 
 1 286 14 312 53 0.2605 
 118 265 146 287 53 0.2583 
 133 269 166 298 53 0.2568 
 318 501 340 526 53 0.2554 
 274 79 293 108 53 0.2539 
 119 268 154 302 53 0.2539 
 206 71 221 91 53 0.2502 
