262 246 292 275 53 0.8589 
 624 243 658 273 53 0.8579 
 87 157 118 185 53 0.854 
 537 374 570 403 53 0.8521 
 240 469 275 499 53 0.8521 
 442 360 474 390 53 0.8496 
 376 316 407 344 53 0.8481 
 263 360 298 395 53 0.8389 
 131 193 160 223 53 0.8374 
 248 407 271 432 53 0.8336 
 319 189 349 219 53 0.8335 
 80 298 118 329 53 0.8311 
 272 159 307 192 53 0.8164 
 305 603 341 633 53 0.8155 
 317 337 338 362 53 0.8106 
 157 45 190 71 53 0.8057 
 0 208 33 240 53 0.8057 
 119 352 155 381 53 0.8042 
 421 540 454 566 53 0.8042 
 68 196 103 226 53 0.8027 
 223 170 250 200 53 0.8009 
 683 253 702 284 53 0.797 
 199 155 234 182 53 0.797 
 259 210 285 233 53 0.7969 
 561 455 602 488 53 0.796 
 267 542 293 568 53 0.7959 
 107 500 135 526 53 0.7939 
 311 655 337 681 53 0.7857 
 52 338 88 366 53 0.7812 
 213 450 246 476 53 0.7798 
 166 66 196 90 53 0.7744 
 289 399 320 421 53 0.7744 
 234 218 265 242 53 0.7725 
 291 311 328 342 53 0.772 
 511 293 535 319 53 0.7716 
 222 98 255 126 53 0.7705 
 352 655 372 678 53 0.7692 
 672 419 702 446 53 0.769 
 579 302 614 332 53 0.7661 
 514 365 540 391 53 0.7642 
 333 212 358 239 53 0.7623 
 372 455 392 480 53 0.7556 
 278 202 308 230 53 0.752 
 185 144 205 166 53 0.7496 
 22 173 52 196 53 0.7446 
 501 639 522 664 53 0.7438 
 281 569 299 594 53 0.7374 
 368 357 392 385 53 0.7363 
 112 463 149 497 53 0.7305 
 471 451 501 477 53 0.7285 
 350 481 382 504 53 0.7231 
 281 509 303 532 53 0.7189 
 29 235 60 260 53 0.7178 
 556 313 582 342 53 0.7168 
 439 611 479 637 53 0.7104 
 435 593 463 617 53 0.71 
 191 61 217 91 53 0.6955 
 459 435 480 460 53 0.6826 
 503 329 527 349 53 0.6802 
 153 104 189 134 53 0.6792 
 112 165 128 187 53 0.6772 
 395 491 424 519 53 0.6714 
 411 338 437 358 53 0.6704 
 682 310 704 335 53 0.6701 
 307 681 342 701 53 0.6665 
 309 170 331 196 53 0.6602 
 406 403 427 425 53 0.6589 
 62 188 75 210 53 0.6242 
 84 487 113 509 53 0.6123 
 557 366 579 387 53 0.6074 
 588 567 615 591 53 0.585 
 391 475 405 495 53 0.582 
 108 339 132 361 53 0.5815 
 151 286 169 308 53 0.5806 
 274 125 302 150 53 0.5747 
 468 581 496 608 53 0.5659 
 40 162 62 187 53 0.5649 
 201 270 220 288 53 0.5534 
 629 643 669 675 53 0.5488 
 472 328 487 347 53 0.5449 
 66 287 84 310 53 0.5388 
 351 574 372 603 53 0.5303 
 371 504 382 519 53 0.5264 
 469 608 496 634 53 0.4629 
 150 618 161 643 53 0.4453 
 351 206 383 230 53 0.4302 
 253 53 270 75 53 0.4195 
 343 484 369 503 53 0.4006 
 131 482 161 510 53 0.3914 
 150 105 170 138 53 0.3757 
 187 457 210 478 53 0.3275 
 321 310 333 335 53 0.3252 
 45 238 67 259 53 0.3091 
 54 613 76 632 53 0.3025 
 180 525 201 547 53 0.2877 
 79 487 99 510 53 0.2744 
 358 450 381 470 53 0.2727 
 265 75 276 96 53 0.2698 
 495 373 516 393 53 0.2622 
 410 595 426 610 53 0.2576 
