500 210 530 241 53 0.8335 
 45 216 82 253 53 0.8306 
 616 277 646 303 53 0.8232 
 299 281 332 311 53 0.8232 
 628 156 664 186 53 0.8199 
 312 320 346 350 53 0.8174 
 327 380 359 409 53 0.8121 
 50 650 93 682 53 0.8033 
 288 147 322 174 53 0.7993 
 37 608 74 636 53 0.794 
 623 377 657 407 53 0.7936 
 76 230 107 261 53 0.7852 
 579 108 606 136 53 0.7843 
 571 139 601 164 53 0.7744 
 99 346 134 378 53 0.7725 
 84 261 117 291 53 0.7725 
 525 105 558 134 53 0.7695 
 686 517 704 548 53 0.7667 
 290 111 324 141 53 0.7646 
 0 499 36 525 53 0.7642 
 614 0 639 23 53 0.7633 
 639 18 664 44 53 0.7609 
 662 230 690 255 53 0.7607 
 390 23 424 53 53 0.7583 
 181 212 215 243 53 0.7578 
 634 421 660 454 53 0.7555 
 319 134 360 169 53 0.7446 
 367 486 402 518 53 0.7446 
 631 668 664 697 53 0.7432 
 211 350 247 386 53 0.7422 
 382 74 415 108 53 0.7334 
 107 263 139 296 53 0.7271 
 272 182 302 207 53 0.7114 
 302 661 340 689 53 0.709 
 356 401 397 432 53 0.7065 
 673 354 694 382 53 0.7062 
 293 375 327 403 53 0.7051 
 677 456 703 482 53 0.7013 
 165 414 202 445 53 0.6968 
 17 113 53 140 53 0.6953 
 173 288 201 312 53 0.693 
 234 144 267 173 53 0.6885 
 47 138 75 166 53 0.6823 
 102 640 136 672 53 0.6816 
 609 422 638 451 53 0.6802 
 317 201 342 222 53 0.6792 
 328 471 361 501 53 0.6704 
 505 135 546 166 53 0.6689 
 337 21 366 44 53 0.6558 
 34 572 72 606 53 0.6554 
 457 457 486 482 53 0.6548 
 457 592 495 622 53 0.6514 
 60 320 97 356 53 0.6494 
 0 245 22 270 53 0.645 
 432 422 453 448 53 0.6436 
 12 58 48 80 53 0.6309 
 3 293 35 319 53 0.627 
 79 626 109 668 53 0.6216 
 671 27 703 56 53 0.6177 
 49 341 79 366 53 0.6162 
 321 0 359 24 53 0.6152 
 61 482 98 516 53 0.6143 
 516 521 538 554 53 0.5947 
 45 363 76 395 53 0.5918 
 645 351 673 372 53 0.5918 
 542 486 565 506 53 0.5905 
 399 303 428 330 53 0.5669 
 89 499 117 523 53 0.562 
 624 186 645 207 53 0.5466 
 89 84 104 108 53 0.5381 
 420 0 449 16 53 0.5264 
 473 404 504 433 53 0.5215 
 36 307 63 334 53 0.5205 
 665 374 701 410 53 0.5186 
 368 222 396 252 53 0.4939 
 419 683 442 704 53 0.4929 
 584 252 596 271 53 0.4802 
 640 591 675 617 53 0.4707 
 677 371 704 397 53 0.457 
 83 600 116 624 53 0.4524 
 659 0 698 20 53 0.4436 
 303 0 324 14 53 0.4387 
 620 37 634 58 53 0.4348 
 43 364 62 389 53 0.4321 
 285 632 319 667 53 0.4216 
 94 397 118 425 53 0.4167 
 689 113 704 141 53 0.4036 
 658 14 683 40 53 0.3948 
 545 229 562 253 53 0.3933 
 0 616 31 650 53 0.3784 
 409 219 435 241 53 0.3692 
 236 295 268 316 53 0.3647 
 481 250 508 273 53 0.3523 
 318 364 337 390 53 0.3452 
 0 365 22 386 53 0.3452 
 191 592 231 630 53 0.3364 
 656 3 693 33 53 0.3252 
 469 534 491 560 53 0.3201 
 478 267 503 297 53 0.3098 
 353 399 375 429 53 0.2998 
 82 240 118 282 53 0.2886 
 34 290 61 313 53 0.2854 
 326 356 349 383 53 0.2805 
 370 648 398 671 53 0.2783 
 541 1 553 14 53 0.2672 
 509 517 548 558 53 0.2561 
 622 569 646 591 53 0.2532 
