685 247 704 271 53 0.7431 
 543 175 574 199 53 0.7417 
 655 227 690 254 53 0.7324 
 679 412 702 439 53 0.7252 
 565 166 594 189 53 0.6514 
 494 386 524 410 53 0.6504 
 578 237 597 261 53 0.5505 
 628 341 652 363 53 0.5273 
 514 431 544 452 53 0.5225 
 596 122 622 156 53 0.5107 
 654 399 681 416 53 0.5076 
 524 414 550 433 53 0.501 
 496 340 537 374 53 0.4263 
 78 55 94 78 53 0.3619 
 198 5 221 28 53 0.3577 
 604 166 624 187 53 0.3494 
 584 452 618 476 53 0.3345 
 517 477 542 506 53 0.3242 
 526 445 553 469 53 0.3057 
 639 326 660 348 53 0.3032 
 624 333 661 368 53 0.2949 
 558 260 573 286 53 0.2861 
 445 328 463 351 53 0.2696 
