578 320 612 350 53 0.8511 
 464 74 499 107 53 0.8374 
 138 412 171 443 53 0.8345 
 483 314 516 350 53 0.8301 
 266 370 293 402 53 0.8291 
 579 79 613 109 53 0.8198 
 581 230 617 258 53 0.8198 
 509 300 538 338 53 0.8184 
 591 554 634 590 53 0.814 
 604 300 639 332 53 0.813 
 368 128 407 162 53 0.813 
 373 11 403 46 53 0.8125 
 473 390 514 424 53 0.8121 
 385 224 425 259 53 0.8101 
 434 513 475 551 53 0.8076 
 274 260 313 293 53 0.8052 
 468 280 497 315 53 0.7993 
 296 656 334 690 53 0.7974 
 579 46 621 83 53 0.7969 
 554 343 594 377 53 0.7965 
 49 200 89 237 53 0.7959 
 563 478 600 514 53 0.794 
 608 656 643 692 53 0.7939 
 484 457 520 487 53 0.7936 
 421 485 463 520 53 0.7921 
 652 254 697 294 53 0.792 
 256 72 296 106 53 0.7906 
 614 1 655 35 53 0.7881 
 175 386 210 418 53 0.7866 
 596 278 632 308 53 0.7832 
 627 439 652 465 53 0.7818 
 538 317 565 344 53 0.7798 
 54 18 94 50 53 0.772 
 195 665 238 699 53 0.7692 
 595 596 634 628 53 0.7593 
 169 640 211 671 53 0.7583 
 521 260 544 290 53 0.756 
 536 548 573 577 53 0.7549 
 556 282 588 312 53 0.7544 
 221 87 264 120 53 0.7534 
 654 53 693 82 53 0.7505 
 479 191 518 225 53 0.749 
 467 6 516 53 53 0.748 
 143 0 187 25 53 0.7388 
 144 106 172 145 53 0.7384 
 390 592 433 628 53 0.7363 
 427 286 461 322 53 0.731 
 520 398 554 428 53 0.7241 
 441 200 478 235 53 0.7231 
 444 350 477 386 53 0.7188 
 417 543 451 570 53 0.7168 
 288 365 318 397 53 0.7153 
 150 662 189 699 53 0.7139 
 183 568 224 599 53 0.7129 
 383 500 406 523 53 0.7062 
 316 538 358 577 53 0.7012 
 222 115 257 145 53 0.6978 
 530 492 564 523 53 0.694 
 78 193 109 225 53 0.6899 
 138 497 173 533 53 0.6875 
 524 663 562 699 53 0.687 
 71 597 109 634 53 0.6851 
 618 46 647 77 53 0.6841 
 524 174 552 201 53 0.6816 
 551 97 592 131 53 0.6792 
 0 524 24 560 53 0.6733 
 452 16 479 57 53 0.6724 
 54 360 92 382 53 0.6704 
 651 0 693 27 53 0.6701 
 197 504 226 536 53 0.6582 
 607 77 638 107 53 0.6387 
 134 605 175 641 53 0.6309 
 138 18 172 49 53 0.6289 
 313 75 353 103 53 0.6226 
 609 459 632 480 53 0.6223 
 180 498 204 536 53 0.6177 
 455 620 492 665 53 0.6167 
 224 316 263 353 53 0.6113 
 423 632 461 665 53 0.6094 
 681 2 704 31 53 0.604 
 312 292 340 316 53 0.6021 
 326 229 353 257 53 0.5991 
 122 594 139 622 53 0.582 
 663 638 695 674 53 0.5737 
 284 418 323 439 53 0.5737 
 0 0 14 27 53 0.5725 
 595 0 620 21 53 0.5688 
 518 508 547 528 53 0.5591 
 369 81 401 116 53 0.5381 
 208 255 244 294 53 0.5303 
 379 1 411 13 53 0.5176 
 16 341 56 383 53 0.501 
 641 657 661 684 53 0.5 
 45 332 86 382 53 0.499 
 254 187 293 217 53 0.4893 
 204 81 232 111 53 0.4756 
 321 676 364 703 53 0.4727 
 0 392 16 413 53 0.4717 
 458 531 482 557 53 0.4543 
 554 577 590 607 53 0.4514 
 226 579 257 605 53 0.4504 
 567 543 591 572 53 0.4417 
 201 380 227 407 53 0.4321 
 629 610 653 643 53 0.4321 
 102 643 141 665 53 0.4216 
 102 376 124 395 53 0.4197 
 409 103 429 133 53 0.4187 
 38 336 63 368 53 0.4092 
 173 250 191 281 53 0.4072 
 326 164 359 186 53 0.397 
 420 214 443 244 53 0.3933 
 692 396 703 423 53 0.385 
 474 684 519 704 53 0.3794 
 519 686 567 703 53 0.373 
 561 518 581 533 53 0.363 
 231 71 293 118 53 0.3501 
 78 579 98 600 53 0.3477 
 590 594 616 627 53 0.3311 
 74 580 105 610 53 0.3174 
 83 495 99 521 53 0.3149 
 564 90 606 126 53 0.3081 
 198 251 235 286 53 0.2966 
 441 263 466 287 53 0.2925 
 175 249 212 283 53 0.2917 
 314 327 345 353 53 0.2751 
 544 296 570 319 53 0.2673 
 401 416 415 434 53 0.2651 
 577 275 642 314 53 0.2646 
 402 0 419 18 53 0.2546 
 340 675 372 704 53 0.251 
