131 658 167 689 53 0.8608 
 204 442 237 481 53 0.8584 
 471 357 511 388 53 0.8541 
 472 517 508 551 53 0.853 
 130 406 156 435 53 0.8516 
 402 341 432 369 53 0.8511 
 101 574 139 613 53 0.8501 
 408 309 448 345 53 0.8419 
 610 130 650 166 53 0.8398 
 183 17 224 51 53 0.8384 
 440 438 483 471 53 0.8355 
 142 333 174 367 53 0.8354 
 499 1 545 38 53 0.835 
 151 637 187 669 53 0.8345 
 70 195 112 234 53 0.8336 
 527 318 565 361 53 0.8315 
 156 276 196 309 53 0.8297 
 271 358 311 390 53 0.8297 
 162 614 193 641 53 0.8276 
 236 414 273 452 53 0.8267 
 408 394 443 440 53 0.8252 
 404 462 444 498 53 0.8237 
 126 255 157 284 53 0.8232 
 350 430 388 463 53 0.8232 
 463 0 501 33 53 0.8232 
 268 476 313 513 53 0.8223 
 228 93 263 127 53 0.8208 
 508 72 549 101 53 0.8165 
 451 308 478 336 53 0.8131 
 193 93 226 129 53 0.813 
 106 420 144 453 53 0.8111 
 136 223 172 256 53 0.811 
 365 500 409 537 53 0.8101 
 289 380 329 423 53 0.8086 
 316 405 352 437 53 0.8077 
 77 38 111 73 53 0.8062 
 676 75 703 112 53 0.8062 
 321 528 348 562 53 0.8058 
 315 476 362 516 53 0.8057 
 558 205 595 232 53 0.8048 
 87 526 131 565 53 0.8042 
 631 212 672 256 53 0.8032 
 345 262 390 297 53 0.8032 
 292 531 329 565 53 0.8008 
 673 0 704 32 53 0.7993 
 387 7 425 39 53 0.7989 
 492 533 526 568 53 0.7984 
 214 552 259 584 53 0.798 
 585 144 619 176 53 0.7974 
 579 282 620 316 53 0.7965 
 309 325 342 353 53 0.7964 
 48 515 90 552 53 0.7944 
 12 354 50 385 53 0.791 
 0 108 27 136 53 0.7906 
 541 43 581 80 53 0.7905 
 22 517 59 553 53 0.7901 
 228 280 275 328 53 0.7881 
 310 108 344 143 53 0.7877 
 137 23 174 55 53 0.7867 
 58 28 89 55 53 0.7861 
 258 234 288 269 53 0.7827 
 474 415 512 450 53 0.7827 
 271 440 306 473 53 0.7823 
 345 64 386 99 53 0.7822 
 0 201 41 237 53 0.7818 
 513 460 552 501 53 0.7798 
 54 218 88 245 53 0.7798 
 556 505 593 539 53 0.7794 
 417 204 455 239 53 0.7793 
 684 355 704 390 53 0.7789 
 39 658 64 684 53 0.7755 
 562 562 599 593 53 0.7739 
 97 657 133 689 53 0.7739 
 240 0 278 28 53 0.7734 
 118 214 139 246 53 0.7721 
 151 577 187 611 53 0.771 
 98 0 140 22 53 0.771 
 122 63 160 96 53 0.7695 
 636 76 680 117 53 0.7622 
 668 191 704 228 53 0.7612 
 328 192 356 222 53 0.7568 
 361 542 389 572 53 0.7485 
 154 138 185 169 53 0.7461 
 467 243 505 275 53 0.7393 
 565 168 602 208 53 0.7388 
 12 546 47 572 53 0.7358 
 395 125 426 157 53 0.7355 
 172 220 210 252 53 0.7305 
 0 31 15 57 53 0.7295 
 310 260 339 291 53 0.7291 
 538 202 560 228 53 0.7223 
 281 516 307 549 53 0.7174 
 603 507 644 544 53 0.7168 
 534 531 566 557 53 0.7168 
 256 144 290 168 53 0.7153 
 652 521 694 557 53 0.7026 
 511 122 540 152 53 0.6992 
 69 469 93 494 53 0.6989 
 471 137 519 183 53 0.6929 
 490 179 527 204 53 0.6919 
 47 326 73 346 53 0.6891 
 580 403 616 431 53 0.6802 
 451 552 486 584 53 0.668 
 632 502 660 534 53 0.6646 
 61 672 90 699 53 0.6633 
 501 95 528 125 53 0.645 
 368 113 401 147 53 0.6318 
 255 574 293 604 53 0.6318 
 489 473 514 501 53 0.625 
 471 269 511 300 53 0.5908 
 558 535 586 566 53 0.5879 
 154 211 182 238 53 0.5859 
 692 424 703 456 53 0.583 
 403 574 454 618 53 0.5825 
 221 503 250 533 53 0.5815 
 350 189 379 222 53 0.5764 
 114 507 139 532 53 0.5718 
 528 108 564 154 53 0.5669 
 22 334 40 354 53 0.5659 
 110 92 146 115 53 0.5659 
 429 632 461 666 53 0.563 
 354 361 378 387 53 0.5601 
 186 191 212 220 53 0.5488 
 543 506 566 536 53 0.5371 
 211 667 245 696 53 0.5215 
 34 360 61 389 53 0.5039 
 470 114 494 146 53 0.4961 
 80 375 102 394 53 0.4832 
 620 1 677 17 53 0.4717 
 464 634 495 666 53 0.459 
 0 0 22 16 53 0.458 
 449 0 469 16 53 0.458 
 677 524 704 566 53 0.458 
 142 41 176 63 53 0.4456 
 298 455 321 480 53 0.4375 
 384 378 405 403 53 0.4185 
 404 70 449 113 53 0.4141 
 621 1 647 18 53 0.4109 
 148 47 170 66 53 0.407 
 589 445 616 471 53 0.3933 
 475 613 509 645 53 0.3933 
 665 39 689 61 53 0.3782 
 151 69 181 91 53 0.3774 
 551 166 577 190 53 0.3711 
 280 169 307 189 53 0.3694 
 428 132 452 159 53 0.3647 
 297 261 324 289 53 0.3602 
 449 463 471 489 53 0.3442 
 510 278 533 302 53 0.3311 
 462 0 552 41 53 0.3306 
 344 456 362 477 53 0.3091 
 213 280 227 296 53 0.2916 
 476 512 522 568 53 0.2893 
 372 117 415 159 53 0.2786 
 284 612 319 635 53 0.2783 
 428 142 450 169 53 0.2712 
 653 400 680 418 53 0.2651 
 529 414 553 435 53 0.2637 
 688 522 703 557 53 0.2605 
 642 0 671 15 53 0.2583 
 189 91 267 130 53 0.2532 
