610 82 648 117 53 0.8696 
 125 289 168 328 53 0.8413 
 286 120 338 172 53 0.8413 
 204 377 252 425 53 0.8413 
 416 480 460 524 53 0.8398 
 130 413 175 458 53 0.835 
 491 543 534 590 53 0.832 
 401 130 452 175 53 0.8262 
 338 481 375 517 53 0.8218 
 171 370 208 406 53 0.8218 
 120 309 157 350 53 0.8208 
 109 81 154 129 53 0.8203 
 609 22 661 70 53 0.8188 
 589 624 626 659 53 0.8174 
 112 41 163 80 53 0.8164 
 331 84 382 131 53 0.8164 
 316 300 356 341 53 0.8145 
 156 136 201 176 53 0.8125 
 147 180 196 223 53 0.8076 
 1 202 55 247 53 0.8057 
 128 559 165 595 53 0.8018 
 353 513 385 552 53 0.8003 
 378 386 412 414 53 0.7983 
 523 0 572 32 53 0.7983 
 287 487 344 546 53 0.7925 
 97 584 147 633 53 0.7871 
 307 397 351 432 53 0.7847 
 561 36 607 70 53 0.7842 
 268 2 313 41 53 0.7798 
 180 249 215 284 53 0.7788 
 188 304 240 358 53 0.7744 
 100 0 139 32 53 0.7695 
 414 180 451 204 53 0.7627 
 615 517 661 559 53 0.7627 
 206 206 242 239 53 0.7589 
 0 326 35 363 53 0.7583 
 286 610 329 650 53 0.7583 
 472 633 521 681 53 0.7578 
 437 387 463 418 53 0.7467 
 181 232 216 264 53 0.7393 
 561 508 605 549 53 0.7363 
 171 623 211 659 53 0.7334 
 104 135 152 183 53 0.7319 
 286 260 324 303 53 0.731 
 284 222 331 261 53 0.7305 
 328 558 364 593 53 0.7256 
 421 655 465 694 53 0.7256 
 646 488 692 526 53 0.7251 
 183 443 232 484 53 0.7212 
 63 287 104 319 53 0.7178 
 625 444 668 478 53 0.715 
 299 449 339 486 53 0.7139 
 469 392 502 428 53 0.7129 
 402 620 435 651 53 0.71 
 412 97 451 134 53 0.6992 
 140 240 167 267 53 0.6968 
 373 626 407 659 53 0.6958 
 365 658 414 690 53 0.6841 
 33 43 75 79 53 0.6724 
 392 104 428 151 53 0.6514 
 453 678 485 704 53 0.6393 
 213 236 244 260 53 0.6372 
 632 664 665 696 53 0.6279 
 556 427 587 462 53 0.604 
 566 123 608 152 53 0.5947 
 193 35 222 76 53 0.5869 
 689 333 702 361 53 0.5741 
 457 527 484 555 53 0.5679 
 452 365 479 388 53 0.5508 
 567 413 595 441 53 0.5488 
 410 255 437 279 53 0.541 
 605 281 629 312 53 0.5303 
 506 407 524 435 53 0.5303 
 558 513 583 545 53 0.5 
 656 667 686 704 53 0.4854 
 281 232 330 298 53 0.4849 
 326 207 360 240 53 0.4824 
 314 540 337 572 53 0.4756 
 244 532 269 564 53 0.4707 
 259 394 296 424 53 0.4688 
 567 636 592 656 53 0.4368 
 394 117 443 160 53 0.4263 
 141 609 174 642 53 0.4233 
 163 367 237 417 53 0.4216 
 130 501 153 524 53 0.4139 
 148 136 203 222 53 0.4131 
 389 243 431 276 53 0.4082 
 55 277 82 297 53 0.396 
 0 238 16 267 53 0.3904 
 607 284 625 302 53 0.384 
 0 681 23 704 53 0.3774 
 109 33 160 132 53 0.3752 
 340 480 383 544 53 0.3535 
 558 123 588 150 53 0.332 
 159 49 181 72 53 0.3242 
 691 219 703 240 53 0.3208 
 612 440 637 454 53 0.3191 
 393 15 433 51 53 0.3174 
 669 258 697 291 53 0.2959 
 53 277 96 306 53 0.2942 
 50 45 85 76 53 0.2861 
 366 5 387 30 53 0.2847 
 458 179 496 207 53 0.259 
 358 410 396 440 53 0.259 
 1 613 26 636 53 0.2546 
