593 29 622 56 53 0.8501 
 134 483 168 513 53 0.8447 
 516 68 548 97 53 0.8438 
 178 396 216 430 53 0.8424 
 311 258 345 291 53 0.8389 
 671 121 704 153 53 0.8374 
 385 108 417 142 53 0.8354 
 574 170 610 205 53 0.8346 
 655 388 692 431 53 0.8296 
 284 324 315 355 53 0.8223 
 57 305 95 335 53 0.8135 
 457 57 496 92 53 0.8131 
 500 0 535 29 53 0.8106 
 414 218 453 248 53 0.8077 
 224 26 261 57 53 0.8066 
 462 307 499 338 53 0.8052 
 33 171 66 205 53 0.8003 
 664 324 703 356 53 0.7988 
 412 100 449 127 53 0.7983 
 367 404 399 433 53 0.7959 
 516 415 551 445 53 0.7949 
 216 256 251 286 53 0.793 
 586 69 612 94 53 0.7905 
 117 230 150 262 53 0.7905 
 10 36 41 70 53 0.7891 
 210 524 247 559 53 0.7877 
 24 262 62 297 53 0.7857 
 524 38 562 64 53 0.7842 
 22 625 57 655 53 0.7832 
 609 181 624 210 53 0.7828 
 167 310 199 337 53 0.7788 
 197 505 225 535 53 0.7769 
 243 412 274 442 53 0.7759 
 52 94 84 120 53 0.7744 
 91 362 122 389 53 0.7744 
 403 510 435 540 53 0.7739 
 491 458 521 487 53 0.7735 
 611 71 647 99 53 0.772 
 163 362 196 390 53 0.771 
 573 363 615 404 53 0.7695 
 561 90 590 123 53 0.7656 
 589 418 632 451 53 0.7656 
 429 66 459 95 53 0.7627 
 489 214 529 249 53 0.7609 
 141 67 174 97 53 0.7598 
 108 345 138 377 53 0.7598 
 183 547 218 574 53 0.7598 
 74 527 111 558 53 0.7583 
 262 286 293 316 53 0.7568 
 179 652 207 678 53 0.7545 
 114 195 146 223 53 0.7529 
 157 467 187 497 53 0.7485 
 382 167 410 191 53 0.7476 
 639 88 684 123 53 0.7471 
 460 25 485 49 53 0.7467 
 299 239 326 264 53 0.7467 
 376 14 397 49 53 0.7452 
 537 123 571 147 53 0.7446 
 675 257 704 290 53 0.7446 
 0 150 20 183 53 0.7407 
 653 299 692 330 53 0.7389 
 667 67 704 92 53 0.7378 
 334 304 366 331 53 0.7373 
 215 488 252 518 53 0.7349 
 352 231 378 266 53 0.7295 
 31 31 62 60 53 0.7285 
 183 78 217 112 53 0.728 
 394 18 419 43 53 0.7271 
 104 230 125 257 53 0.7252 
 129 345 153 378 53 0.7238 
 559 54 591 78 53 0.7202 
 130 303 168 336 53 0.7202 
 420 557 445 588 53 0.7199 
 595 514 633 549 53 0.7188 
 270 400 300 430 53 0.7168 
 342 417 370 445 53 0.7139 
 350 206 382 232 53 0.7135 
 62 596 93 623 53 0.7124 
 543 104 573 127 53 0.709 
 430 500 451 531 53 0.708 
 282 379 308 400 53 0.701 
 147 673 177 702 53 0.6974 
 84 0 130 19 53 0.6958 
 0 619 27 657 53 0.694 
 150 354 171 382 53 0.6919 
 213 668 245 698 53 0.6895 
 198 588 221 609 53 0.6891 
 195 321 226 353 53 0.6851 
 365 234 395 266 53 0.6851 
 204 368 239 396 53 0.6836 
 416 473 450 504 53 0.6807 
 670 183 698 208 53 0.6768 
 527 502 560 529 53 0.6714 
 203 13 237 40 53 0.6646 
 436 275 463 301 53 0.6636 
 129 88 159 112 53 0.6611 
 329 419 353 443 53 0.6533 
 662 557 691 587 53 0.6523 
 148 222 170 259 53 0.6504 
 330 0 369 22 53 0.6504 
 430 419 464 447 53 0.6494 
 239 291 266 321 53 0.6479 
 367 593 406 623 53 0.6377 
 612 280 640 311 53 0.6353 
 689 360 703 386 53 0.633 
 629 274 657 309 53 0.6309 
 450 594 487 626 53 0.6309 
 245 330 272 360 53 0.626 
 678 484 704 514 53 0.625 
 282 673 301 699 53 0.6242 
 187 637 215 658 53 0.6235 
 381 428 405 456 53 0.6232 
 458 381 490 405 53 0.6226 
 585 243 624 275 53 0.6226 
 629 424 650 452 53 0.6213 
 329 392 361 423 53 0.6196 
 208 66 241 99 53 0.6162 
 282 277 311 307 53 0.6152 
 273 15 294 42 53 0.6091 
 663 241 686 272 53 0.6069 
 245 171 269 197 53 0.606 
 160 641 189 665 53 0.5957 
 498 557 523 590 53 0.5938 
 517 20 540 45 53 0.5928 
 56 635 83 662 53 0.5928 
 544 220 566 244 53 0.5886 
 658 306 698 349 53 0.583 
 257 316 293 350 53 0.5815 
 372 303 395 327 53 0.581 
 78 627 104 658 53 0.5669 
 450 227 477 249 53 0.5669 
 612 324 633 349 53 0.5608 
 113 79 133 102 53 0.5578 
 392 396 423 419 53 0.5571 
 475 484 502 513 53 0.5566 
 151 513 175 536 53 0.5534 
 274 249 305 273 53 0.5515 
 152 605 182 629 53 0.5508 
 52 530 77 554 53 0.5469 
 113 674 144 700 53 0.5391 
 479 565 511 604 53 0.5283 
 232 356 256 374 53 0.5273 
 326 107 350 131 53 0.5212 
 331 197 352 216 53 0.5203 
 406 158 432 180 53 0.5156 
 644 240 668 267 53 0.5098 
 218 333 249 361 53 0.501 
 196 267 217 295 53 0.498 
 19 154 34 176 53 0.4922 
 123 325 146 346 53 0.4912 
 502 132 533 155 53 0.4775 
 494 297 514 323 53 0.4756 
 432 38 452 59 53 0.4744 
 398 538 433 578 53 0.4688 
 641 317 663 344 53 0.459 
 622 285 650 312 53 0.4578 
 177 202 190 222 53 0.4534 
 226 160 248 181 53 0.4436 
 4 326 28 350 53 0.4387 
 615 357 640 376 53 0.4282 
 619 202 633 225 53 0.4272 
 72 519 92 535 53 0.4148 
 194 298 228 324 53 0.4148 
 297 14 315 43 53 0.4102 
 0 195 11 214 53 0.4092 
 135 351 166 385 53 0.4026 
 558 228 585 256 53 0.4006 
 317 126 340 151 53 0.3943 
 562 158 585 183 53 0.3895 
 350 125 381 151 53 0.3867 
 624 513 648 548 53 0.385 
 526 225 549 257 53 0.3831 
 233 512 258 531 53 0.3755 
 119 550 150 566 53 0.373 
 96 638 127 668 53 0.3674 
 309 283 326 303 53 0.3555 
 405 429 428 452 53 0.3372 
 286 510 316 532 53 0.3364 
 199 9 222 42 53 0.3364 
 249 670 269 696 53 0.3345 
 1 655 7 683 53 0.3252 
 132 55 163 79 53 0.3208 
 274 364 289 386 53 0.3167 
 7 154 29 181 53 0.3157 
 650 673 680 701 53 0.3015 
 84 457 107 476 53 0.2845 
 340 393 361 414 53 0.2798 
 159 688 200 704 53 0.2737 
 607 241 627 272 53 0.272 
 640 207 660 230 53 0.2712 
 536 238 558 261 53 0.2712 
 13 596 41 616 53 0.2698 
 291 356 312 382 53 0.2681 
 192 368 212 393 53 0.2681 
 116 100 140 121 53 0.2583 
 548 607 585 638 53 0.2583 
 514 448 547 471 53 0.2554 
 543 598 571 631 53 0.251 
