534 153 563 182 53 0.822 
 498 156 526 181 53 0.8164 
 104 143 136 175 53 0.813 
 148 188 184 219 53 0.8062 
 307 50 340 76 53 0.8042 
 148 132 176 166 53 0.8008 
 619 230 645 255 53 0.7984 
 643 408 671 434 53 0.7984 
 67 209 96 238 53 0.7921 
 89 197 122 224 53 0.79 
 380 84 414 114 53 0.7886 
 213 172 242 202 53 0.7881 
 540 495 570 524 53 0.7843 
 4 376 34 404 53 0.7788 
 120 426 148 455 53 0.7773 
 463 244 499 276 53 0.7744 
 2 35 29 56 53 0.7725 
 19 435 49 466 53 0.7725 
 573 384 604 411 53 0.771 
 629 458 654 484 53 0.7676 
 622 303 651 333 53 0.7604 
 515 123 551 153 53 0.7598 
 673 400 701 428 53 0.7578 
 643 556 675 583 53 0.7534 
 126 358 160 388 53 0.752 
 340 122 372 155 53 0.7511 
 448 167 483 197 53 0.75 
 612 163 638 189 53 0.7443 
 0 428 25 458 53 0.7441 
 395 181 422 206 53 0.7389 
 673 338 702 362 53 0.7349 
 423 402 459 430 53 0.7339 
 78 142 107 170 53 0.7324 
 580 210 607 238 53 0.7301 
 32 373 61 412 53 0.7202 
 555 454 584 481 53 0.7148 
 654 462 672 487 53 0.7141 
 140 83 168 105 53 0.709 
 657 430 681 461 53 0.6989 
 439 443 468 471 53 0.6875 
 151 365 173 395 53 0.6872 
 198 300 221 331 53 0.6837 
 183 476 217 501 53 0.6836 
 684 202 703 226 53 0.6833 
 433 144 459 169 53 0.6807 
 638 439 663 461 53 0.6803 
 280 104 312 132 53 0.6772 
 483 129 516 156 53 0.6738 
 217 481 249 506 53 0.6689 
 593 310 621 334 53 0.668 
 181 164 208 188 53 0.667 
 536 356 570 384 53 0.6626 
 117 209 139 233 53 0.6602 
 42 166 73 193 53 0.6577 
 0 0 21 20 53 0.6548 
 661 513 681 534 53 0.6548 
 170 300 191 326 53 0.6535 
 262 559 292 582 53 0.6523 
 140 3 172 29 53 0.6514 
 606 525 635 553 53 0.646 
 135 318 159 345 53 0.6426 
 400 113 424 133 53 0.6423 
 47 433 78 467 53 0.6315 
 353 558 375 583 53 0.6276 
 450 362 484 392 53 0.606 
 640 512 663 539 53 0.5957 
 569 474 597 501 53 0.5879 
 689 523 704 550 53 0.585 
 568 424 593 448 53 0.584 
 375 177 398 208 53 0.5688 
 331 505 368 541 53 0.5688 
 218 504 233 527 53 0.5515 
 168 164 186 191 53 0.5479 
 121 316 140 341 53 0.5361 
 424 509 454 532 53 0.5137 
 277 277 301 302 53 0.5117 
 406 554 438 580 53 0.5078 
 188 334 211 359 53 0.4912 
 658 478 679 498 53 0.4861 
 0 302 28 325 53 0.4795 
 370 112 390 133 53 0.4705 
 605 216 625 243 53 0.4639 
 248 134 278 157 53 0.4629 
 327 478 360 507 53 0.4561 
 581 568 610 593 53 0.4534 
 98 405 128 427 53 0.4292 
 465 403 503 432 53 0.4233 
 219 324 250 344 53 0.4207 
 382 464 412 499 53 0.4167 
 7 254 32 280 53 0.4141 
 492 600 520 628 53 0.4092 
 37 196 58 215 53 0.4014 
 257 279 279 303 53 0.395 
 157 406 193 429 53 0.3914 
 387 155 404 173 53 0.3885 
 604 394 624 416 53 0.3829 
 657 379 675 403 53 0.3721 
 418 191 441 214 53 0.3621 
 504 444 524 470 53 0.3611 
 246 683 281 702 53 0.3416 
 309 108 333 137 53 0.3337 
 392 206 410 227 53 0.3303 
 196 65 235 94 53 0.3242 
 474 562 509 588 53 0.3208 
 52 261 80 289 53 0.3201 
 221 350 245 378 53 0.3184 
 1 106 13 119 53 0.2959 
 390 411 420 441 53 0.2959 
 47 70 70 89 53 0.2886 
 346 675 380 701 53 0.2854 
 192 684 222 704 53 0.2798 
 239 52 258 75 53 0.2666 
 400 472 425 497 53 0.2622 
 575 465 597 487 53 0.2605 
 508 59 522 78 53 0.2568 
