486 337 523 367 53 0.8564 
 397 474 432 507 53 0.855 
 313 318 350 352 53 0.8521 
 578 343 613 369 53 0.8447 
 232 383 271 416 53 0.8408 
 343 4 375 35 53 0.8398 
 307 145 343 176 53 0.8384 
 297 245 336 275 53 0.8374 
 192 431 229 465 53 0.8364 
 426 297 452 327 53 0.8335 
 161 290 197 322 53 0.8311 
 139 69 173 100 53 0.8276 
 612 433 641 464 53 0.8267 
 87 106 126 140 53 0.8242 
 459 268 494 298 53 0.8242 
 149 2 185 35 53 0.8218 
 612 283 645 314 53 0.8199 
 259 104 289 133 53 0.8184 
 148 403 179 434 53 0.8174 
 329 504 368 536 53 0.8165 
 390 285 429 320 53 0.8164 
 546 144 579 174 53 0.8164 
 530 177 566 206 53 0.8145 
 567 272 607 303 53 0.8135 
 94 421 116 450 53 0.8131 
 346 104 382 134 53 0.8102 
 278 356 310 384 53 0.8091 
 189 197 225 224 53 0.8086 
 178 0 203 24 53 0.8042 
 529 315 566 350 53 0.8032 
 461 523 489 558 53 0.8032 
 649 132 676 161 53 0.7959 
 557 428 587 459 53 0.7944 
 225 229 265 264 53 0.7936 
 407 429 437 461 53 0.791 
 260 144 293 172 53 0.7881 
 40 0 70 26 53 0.7842 
 425 107 459 136 53 0.7794 
 490 518 531 553 53 0.7789 
 59 251 91 282 53 0.7773 
 523 116 559 148 53 0.7725 
 140 543 176 579 53 0.772 
 365 226 405 258 53 0.7686 
 495 469 537 500 53 0.7661 
 542 92 580 123 53 0.7607 
 361 380 389 414 53 0.7607 
 617 404 651 429 53 0.7563 
 143 346 175 379 53 0.7472 
 321 530 350 557 53 0.7388 
 621 316 650 343 53 0.731 
 116 220 150 247 53 0.7305 
 633 169 666 202 53 0.728 
 673 80 703 114 53 0.728 
 112 364 142 390 53 0.7227 
 375 356 406 380 53 0.7168 
 640 475 670 503 53 0.709 
 340 144 365 177 53 0.708 
 293 92 318 114 53 0.7038 
 0 156 25 188 53 0.7003 
 223 454 253 479 53 0.6934 
 547 584 577 614 53 0.6909 
 261 608 299 641 53 0.6885 
 578 368 607 390 53 0.6782 
 461 141 490 171 53 0.6701 
 374 667 405 698 53 0.6533 
 508 77 544 112 53 0.645 
 687 603 703 635 53 0.6369 
 585 505 621 537 53 0.6323 
 66 106 97 134 53 0.6235 
 565 68 593 92 53 0.6206 
 325 594 349 623 53 0.6143 
 540 475 563 502 53 0.6084 
 271 562 306 592 53 0.6021 
 430 634 467 664 53 0.5796 
 320 49 356 83 53 0.5737 
 116 1 158 16 53 0.5698 
 557 477 581 499 53 0.564 
 96 574 126 604 53 0.5518 
 649 554 684 584 53 0.5479 
 457 99 484 124 53 0.5381 
 561 0 582 19 53 0.5339 
 160 1 197 27 53 0.5244 
 341 440 378 468 53 0.5039 
 382 309 400 329 53 0.4932 
 582 1 603 22 53 0.4832 
 348 666 378 700 53 0.4648 
 639 312 662 335 53 0.4531 
 683 7 704 29 53 0.4514 
 109 564 132 583 53 0.4495 
 352 435 383 462 53 0.4475 
 634 43 661 73 53 0.4368 
 384 549 424 589 53 0.4351 
 213 373 234 395 53 0.4243 
 536 0 558 16 53 0.4233 
 342 50 361 80 53 0.4092 
 399 292 443 325 53 0.4036 
 232 260 251 277 53 0.4016 
 327 454 348 478 53 0.384 
 235 588 251 609 53 0.3794 
 15 531 43 557 53 0.3604 
 248 0 273 17 53 0.3557 
 556 2 602 18 53 0.3345 
 614 412 650 461 53 0.3303 
 534 137 554 160 53 0.304 
 103 506 133 528 53 0.3008 
 643 419 659 436 53 0.2878 
 320 54 339 78 53 0.2837 
 250 1 270 11 53 0.2718 
