218 215 252 240 53 0.8345 
 89 372 124 397 53 0.8223 
 133 424 163 454 53 0.8174 
 209 181 237 209 53 0.8115 
 57 211 90 239 53 0.8008 
 181 442 213 471 53 0.8003 
 3 422 37 452 53 0.7944 
 324 388 356 417 53 0.7852 
 152 312 180 344 53 0.7789 
 296 511 326 539 53 0.7734 
 57 114 79 141 53 0.7692 
 476 13 501 38 53 0.7633 
 23 182 51 208 53 0.7534 
 222 21 243 53 53 0.7482 
 187 501 202 528 53 0.7428 
 223 527 251 553 53 0.7402 
 78 41 102 72 53 0.7378 
 158 509 190 539 53 0.7285 
 409 2 428 30 53 0.7252 
 532 82 552 107 53 0.7184 
 443 520 471 547 53 0.7148 
 43 492 69 518 53 0.7111 
 569 11 588 37 53 0.7023 
 83 416 102 444 53 0.695 
 178 318 191 345 53 0.6711 
 379 477 407 502 53 0.6667 
 593 95 620 122 53 0.653 
 402 74 430 101 53 0.6333 
 31 123 55 151 53 0.6299 
 202 32 221 54 53 0.6213 
 557 10 579 31 53 0.6018 
 677 332 702 359 53 0.5972 
 292 362 324 390 53 0.5908 
 618 245 648 270 53 0.582 
 600 602 632 632 53 0.5688 
 612 82 630 112 53 0.5608 
 192 675 232 702 53 0.5488 
 78 371 90 395 53 0.5447 
 358 47 384 69 53 0.5371 
 219 421 228 447 53 0.5303 
 253 3 278 24 53 0.5303 
 132 267 155 294 53 0.5186 
 73 2 103 21 53 0.502 
 574 396 600 423 53 0.4893 
 683 100 702 120 53 0.4483 
 168 504 200 534 53 0.4331 
 686 294 703 317 53 0.3968 
 566 597 592 629 53 0.395 
 320 618 343 640 53 0.3887 
 90 551 119 580 53 0.3877 
 679 161 704 182 53 0.3792 
 53 640 85 667 53 0.3767 
 363 432 385 454 53 0.3602 
 159 428 178 456 53 0.3513 
 72 451 108 472 53 0.3269 
 344 541 379 563 53 0.3201 
 164 41 176 62 53 0.3167 
 317 420 332 442 53 0.2886 
 377 400 397 421 53 0.2766 
 527 180 552 201 53 0.2712 
 124 548 153 580 53 0.2644 
 54 201 68 220 53 0.2604 
