192 0 225 25 53 0.832 
 13 373 51 405 53 0.8272 
 12 139 45 178 53 0.8203 
 307 140 337 170 53 0.8121 
 229 19 263 45 53 0.8062 
 17 585 49 614 53 0.8058 
 218 140 251 168 53 0.8057 
 18 226 50 255 53 0.8003 
 599 386 636 417 53 0.7964 
 525 28 552 57 53 0.7936 
 515 291 543 327 53 0.7936 
 451 322 484 359 53 0.7905 
 616 111 654 147 53 0.7769 
 322 59 350 86 53 0.774 
 309 227 347 261 53 0.7739 
 89 323 125 354 53 0.7734 
 57 160 91 194 53 0.7642 
 83 108 109 138 53 0.7579 
 35 136 67 165 53 0.7559 
 42 535 62 559 53 0.754 
 20 83 47 108 53 0.7476 
 114 340 145 364 53 0.7471 
 180 336 212 363 53 0.7461 
 474 194 509 225 53 0.7461 
 310 272 339 298 53 0.7446 
 254 0 293 32 53 0.7432 
 423 123 457 157 53 0.7404 
 102 215 138 248 53 0.7378 
 478 324 513 350 53 0.7319 
 430 0 462 22 53 0.728 
 372 493 401 521 53 0.7223 
 247 138 276 168 53 0.7217 
 405 496 431 528 53 0.7189 
 221 84 250 115 53 0.7178 
 55 517 85 540 53 0.7178 
 374 215 405 244 53 0.7168 
 185 157 220 185 53 0.7148 
 8 44 36 70 53 0.7129 
 493 502 519 532 53 0.7125 
 328 291 354 318 53 0.7104 
 153 0 189 28 53 0.709 
 436 368 458 393 53 0.7083 
 0 600 29 627 53 0.7026 
 107 83 137 108 53 0.7007 
 106 147 137 176 53 0.6968 
 65 465 96 496 53 0.6958 
 254 306 295 335 53 0.6953 
 396 0 423 22 53 0.6896 
 344 205 376 242 53 0.687 
 434 298 462 325 53 0.687 
 340 449 368 480 53 0.687 
 29 174 54 202 53 0.6836 
 482 519 512 548 53 0.6782 
 209 306 228 339 53 0.673 
 372 188 398 216 53 0.672 
 332 261 356 292 53 0.6704 
 369 451 394 475 53 0.6701 
 688 391 704 413 53 0.6689 
 293 221 324 247 53 0.6611 
 386 278 419 310 53 0.6602 
 518 616 545 647 53 0.6602 
 516 326 550 352 53 0.6558 
 671 319 703 353 53 0.6504 
 530 152 562 189 53 0.6489 
 35 197 65 225 53 0.6343 
 563 391 598 420 53 0.6343 
 520 580 538 610 53 0.6318 
 0 311 16 333 53 0.6318 
 57 62 79 87 53 0.6149 
 398 108 434 136 53 0.6143 
 652 178 683 206 53 0.6133 
 230 325 264 347 53 0.606 
 681 415 704 447 53 0.5972 
 655 48 701 104 53 0.5962 
 437 339 458 371 53 0.5938 
 87 60 116 99 53 0.5908 
 20 197 42 225 53 0.5869 
 384 14 417 41 53 0.5859 
 91 498 125 526 53 0.585 
 84 422 114 450 53 0.583 
 140 546 178 581 53 0.582 
 572 529 607 565 53 0.5786 
 240 127 264 151 53 0.5783 
 262 260 290 282 53 0.5767 
 490 0 518 16 53 0.5649 
 305 657 334 679 53 0.5595 
 219 325 241 349 53 0.5518 
 283 497 314 527 53 0.5508 
 211 190 238 212 53 0.542 
 307 299 337 325 53 0.542 
 104 485 130 507 53 0.5349 
 204 120 219 144 53 0.5339 
 533 587 558 612 53 0.5273 
 684 474 704 500 53 0.5254 
 589 597 627 626 53 0.5225 
 656 0 678 16 53 0.5186 
 215 170 239 197 53 0.5146 
 556 146 584 172 53 0.5127 
 659 672 696 704 53 0.5085 
 69 504 98 535 53 0.5078 
 660 149 695 178 53 0.5059 
 0 522 26 552 53 0.5039 
 498 598 527 629 53 0.5 
 240 657 270 689 53 0.498 
 402 352 439 381 53 0.4961 
 615 576 633 607 53 0.4951 
 240 385 275 417 53 0.4863 
 163 151 187 179 53 0.4568 
 1 1 43 21 53 0.4534 
 478 134 517 157 53 0.4207 
 315 190 333 215 53 0.4102 
 664 534 701 557 53 0.4092 
 404 644 439 671 53 0.4065 
 386 2 423 35 53 0.4006 
 660 24 699 48 53 0.396 
 410 538 434 562 53 0.3931 
 54 209 81 231 53 0.3867 
 514 382 536 401 53 0.3746 
 518 583 553 610 53 0.3721 
 392 310 413 330 53 0.3694 
 463 2 495 16 53 0.3657 
 526 350 554 376 53 0.3594 
 536 437 572 464 53 0.3584 
 86 466 108 496 53 0.3567 
 400 358 423 385 53 0.354 
 598 509 628 536 53 0.3311 
 412 214 429 241 53 0.3081 
 557 445 575 469 53 0.3065 
 637 52 686 106 53 0.3032 
 381 519 403 542 53 0.3014 
 546 628 585 659 53 0.2942 
 70 460 89 478 53 0.2854 
 600 579 630 617 53 0.2822 
 504 192 517 210 53 0.2644 
 588 64 629 107 53 0.2637 
 624 61 665 108 53 0.259 
 512 359 539 381 53 0.2583 
 0 162 16 190 53 0.2568 
 649 624 681 651 53 0.2568 
 209 314 238 346 53 0.2502 
