665 371 696 401 53 0.8428 
 342 304 378 336 53 0.8403 
 161 368 197 399 53 0.8359 
 545 105 583 138 53 0.832 
 159 227 197 260 53 0.8311 
 664 146 704 187 53 0.8276 
 219 256 260 298 53 0.8174 
 343 214 378 249 53 0.8081 
 259 46 296 76 53 0.8052 
 493 609 535 652 53 0.8018 
 556 475 596 513 53 0.7925 
 216 132 247 157 53 0.7905 
 634 7 667 50 53 0.79 
 240 141 271 172 53 0.7881 
 588 282 636 319 53 0.7871 
 207 457 242 486 53 0.7823 
 630 627 666 659 53 0.7808 
 240 458 271 487 53 0.7788 
 380 219 413 253 53 0.7773 
 164 618 202 653 53 0.7773 
 656 618 691 650 53 0.7769 
 184 0 223 28 53 0.7759 
 476 113 519 148 53 0.7725 
 536 578 579 622 53 0.7705 
 209 339 244 370 53 0.769 
 544 232 585 268 53 0.7598 
 93 590 136 630 53 0.752 
 91 263 129 293 53 0.749 
 500 270 531 302 53 0.749 
 620 522 661 555 53 0.7438 
 648 562 686 590 53 0.7422 
 495 347 524 381 53 0.7393 
 607 480 637 514 53 0.7388 
 373 660 407 698 53 0.7363 
 483 649 516 677 53 0.7305 
 125 573 168 607 53 0.7256 
 29 181 60 207 53 0.7153 
 328 284 355 312 53 0.7148 
 291 128 324 160 53 0.7104 
 327 399 353 425 53 0.6953 
 587 458 621 496 53 0.6929 
 326 624 367 655 53 0.6909 
 125 212 168 246 53 0.6895 
 404 76 430 106 53 0.6802 
 132 110 165 143 53 0.6792 
 545 174 579 216 53 0.6792 
 167 510 212 547 53 0.6724 
 306 266 336 297 53 0.6626 
 335 141 358 176 53 0.6577 
 277 75 307 103 53 0.6558 
 141 378 165 400 53 0.6436 
 290 531 324 562 53 0.6193 
 372 58 401 94 53 0.603 
 275 377 308 405 53 0.5962 
 248 214 266 242 53 0.585 
 228 617 262 644 53 0.5361 
 231 115 252 136 53 0.5117 
 133 261 161 281 53 0.5039 
 488 140 526 162 53 0.4619 
 633 354 652 380 53 0.4609 
 633 618 687 656 53 0.4561 
 460 539 483 568 53 0.4016 
 2 196 19 217 53 0.3943 
 385 56 411 96 53 0.3821 
 559 226 596 261 53 0.3657 
 170 193 195 216 53 0.3577 
 291 91 316 116 53 0.355 
 361 4 379 24 53 0.3115 
 248 419 272 445 53 0.2935 
 408 8 428 27 53 0.283 
 470 196 510 235 53 0.2771 
 593 176 609 196 53 0.2524 
 308 276 350 307 53 0.2517 
