582 479 627 515 53 0.8193 
 357 26 401 59 53 0.8106 
 497 368 536 403 53 0.7925 
 665 544 703 577 53 0.7812 
 303 30 328 57 53 0.7804 
 224 191 253 227 53 0.7798 
 438 645 480 678 53 0.7798 
 456 434 500 470 53 0.7759 
 356 405 395 439 53 0.7754 
 183 575 219 606 53 0.7695 
 454 226 490 252 53 0.7656 
 400 371 434 401 53 0.7642 
 484 653 520 686 53 0.7568 
 57 619 94 652 53 0.7563 
 558 554 593 586 53 0.756 
 177 207 214 238 53 0.7559 
 362 91 401 122 53 0.7555 
 433 51 473 89 53 0.7534 
 519 243 562 276 53 0.7529 
 306 487 341 524 53 0.7505 
 468 345 502 375 53 0.7388 
 672 445 704 477 53 0.7285 
 179 413 213 438 53 0.7285 
 84 447 118 475 53 0.728 
 679 520 704 553 53 0.7213 
 115 313 146 340 53 0.71 
 359 352 401 383 53 0.709 
 156 613 198 648 53 0.7021 
 386 173 417 203 53 0.7017 
 355 218 392 251 53 0.6929 
 513 524 554 560 53 0.6895 
 47 669 78 700 53 0.6851 
 617 596 653 625 53 0.6782 
 415 180 453 212 53 0.6768 
 273 144 307 170 53 0.6538 
 466 166 499 202 53 0.6523 
 150 422 175 447 53 0.6523 
 176 319 202 342 53 0.652 
 171 138 206 167 53 0.627 
 511 165 556 204 53 0.624 
 652 538 678 566 53 0.6206 
 92 524 132 554 53 0.6196 
 339 300 375 330 53 0.6143 
 650 178 688 210 53 0.6133 
 487 573 516 605 53 0.6084 
 131 298 157 327 53 0.606 
 87 636 120 663 53 0.606 
 486 45 516 76 53 0.5972 
 259 608 297 636 53 0.5962 
 358 497 396 524 53 0.5908 
 562 66 598 96 53 0.584 
 216 322 249 349 53 0.5757 
 482 303 505 320 53 0.5564 
 176 18 209 44 53 0.5527 
 638 99 676 134 53 0.5459 
 214 263 250 292 53 0.5371 
 410 200 442 236 53 0.5361 
 197 480 224 504 53 0.5342 
 587 148 631 185 53 0.5176 
 223 658 257 690 53 0.5127 
 186 167 219 200 53 0.5117 
 683 329 703 359 53 0.4744 
 548 677 580 702 53 0.4648 
 609 64 648 100 53 0.4614 
 463 495 484 520 53 0.4253 
 69 0 97 22 53 0.4216 
 676 13 702 41 53 0.4197 
 200 435 234 456 53 0.4187 
 626 322 663 351 53 0.4141 
 63 404 87 428 53 0.396 
 36 342 56 370 53 0.3958 
 274 334 308 363 53 0.3513 
 299 428 323 453 53 0.3458 
 542 551 563 571 53 0.3157 
 333 467 364 497 53 0.3091 
 192 432 215 452 53 0.3081 
 210 480 231 507 53 0.3081 
 59 275 95 299 53 0.2705 
 170 15 191 41 53 0.259 
