296 221 332 255 53 0.8652 
 273 258 307 284 53 0.853 
 390 254 421 285 53 0.8389 
 508 371 549 404 53 0.8355 
 466 430 500 464 53 0.8345 
 289 14 324 49 53 0.8301 
 374 221 410 255 53 0.8301 
 132 79 170 113 53 0.8296 
 498 262 529 293 53 0.8276 
 381 153 418 189 53 0.8242 
 352 256 387 287 53 0.8232 
 242 236 275 266 53 0.8228 
 355 186 395 217 53 0.8224 
 421 134 459 164 53 0.8203 
 197 554 235 593 53 0.8174 
 258 657 293 688 53 0.8145 
 251 280 292 312 53 0.8097 
 320 127 356 161 53 0.8081 
 566 630 601 655 53 0.8081 
 667 179 704 211 53 0.8008 
 255 54 292 89 53 0.8004 
 170 308 204 337 53 0.7964 
 529 231 569 264 53 0.7916 
 255 579 290 610 53 0.7852 
 325 208 365 241 53 0.7822 
 515 49 548 77 53 0.7754 
 60 602 102 634 53 0.7735 
 364 22 394 50 53 0.7705 
 299 105 328 137 53 0.7701 
 415 464 447 497 53 0.7637 
 358 51 383 79 53 0.7623 
 328 289 355 313 53 0.762 
 499 85 540 118 53 0.7593 
 613 71 635 93 53 0.7565 
 194 23 232 52 53 0.7505 
 409 19 446 49 53 0.75 
 59 149 96 179 53 0.75 
 673 353 703 386 53 0.7471 
 229 322 268 352 53 0.7441 
 654 232 689 259 53 0.7407 
 9 351 32 385 53 0.7384 
 610 213 640 236 53 0.7378 
 469 289 510 318 53 0.7334 
 469 57 503 83 53 0.7319 
 624 288 662 318 53 0.7241 
 589 110 623 132 53 0.7231 
 180 72 222 102 53 0.7212 
 324 674 362 702 53 0.7188 
 433 526 462 549 53 0.7178 
 322 71 348 99 53 0.7141 
 477 212 510 241 53 0.7104 
 113 291 152 318 53 0.708 
 450 455 476 475 53 0.7075 
 388 569 427 601 53 0.7026 
 168 155 190 182 53 0.6999 
 351 100 373 121 53 0.6919 
 400 287 421 307 53 0.6867 
 336 112 367 144 53 0.686 
 397 364 425 386 53 0.6646 
 220 46 252 80 53 0.6403 
 191 277 214 307 53 0.6289 
 287 540 320 576 53 0.6206 
 390 342 421 362 53 0.6206 
 487 122 511 133 53 0.6113 
 457 21 476 38 53 0.5988 
 112 126 132 153 53 0.5879 
 517 540 551 566 53 0.585 
 239 680 269 703 53 0.5688 
 369 63 393 83 53 0.5637 
 648 118 670 134 53 0.563 
 103 34 129 60 53 0.5571 
 95 620 123 654 53 0.5525 
 635 591 657 612 53 0.5495 
 46 142 62 161 53 0.5469 
 392 190 417 211 53 0.543 
 284 91 306 115 53 0.5303 
 342 101 371 135 53 0.5264 
 285 355 315 381 53 0.5264 
 317 545 344 571 53 0.501 
 278 334 290 355 53 0.4978 
 295 52 311 78 53 0.4854 
 569 561 585 580 53 0.4734 
 393 600 433 632 53 0.4668 
 680 674 704 702 53 0.4456 
 223 227 243 249 53 0.4341 
 347 446 359 461 53 0.4226 
 281 191 298 210 53 0.4111 
 430 546 460 576 53 0.384 
 52 300 85 327 53 0.384 
 416 218 434 236 53 0.3821 
 150 7 175 29 53 0.3767 
 545 460 564 486 53 0.3647 
 156 534 190 556 53 0.353 
 461 211 476 235 53 0.3469 
 299 247 318 267 53 0.3442 
 248 204 262 224 53 0.337 
 498 404 526 423 53 0.3354 
 505 61 545 120 53 0.3269 
 694 232 702 259 53 0.3167 
 429 546 446 569 53 0.3006 
 54 305 71 329 53 0.2997 
 0 541 10 566 53 0.2917 
 254 581 272 605 53 0.2815 
 417 449 434 466 53 0.2798 
 289 212 365 254 53 0.2666 
 36 357 51 369 53 0.2605 
