201 253 236 287 53 0.8335 
 318 298 354 334 53 0.8335 
 152 420 176 449 53 0.8302 
 575 51 609 82 53 0.814 
 261 352 297 383 53 0.8115 
 1 230 37 257 53 0.8057 
 163 215 193 251 53 0.7993 
 265 154 303 181 53 0.7969 
 135 401 166 431 53 0.7944 
 229 354 263 385 53 0.7871 
 100 296 136 326 53 0.7827 
 369 4 406 33 53 0.7789 
 143 310 183 342 53 0.7773 
 527 372 559 404 53 0.7759 
 119 215 147 238 53 0.7744 
 265 418 295 449 53 0.7734 
 660 26 694 53 53 0.772 
 224 150 257 181 53 0.771 
 561 385 595 416 53 0.7705 
 304 444 334 479 53 0.769 
 503 196 540 225 53 0.7676 
 452 149 479 176 53 0.7672 
 10 274 37 297 53 0.7646 
 309 43 336 77 53 0.7643 
 117 439 141 467 53 0.7643 
 198 361 226 391 53 0.7642 
 449 99 483 129 53 0.7529 
 357 462 387 486 53 0.752 
 609 46 645 81 53 0.749 
 424 28 451 55 53 0.7487 
 441 74 471 105 53 0.7485 
 374 180 406 207 53 0.7485 
 651 321 690 354 53 0.7485 
 351 367 384 402 53 0.7485 
 245 321 281 352 53 0.7446 
 56 483 93 513 53 0.7432 
 547 118 583 157 53 0.7432 
 373 487 403 518 53 0.7378 
 298 316 326 345 53 0.7373 
 482 209 511 241 53 0.7373 
 491 21 530 52 53 0.7339 
 517 135 558 163 53 0.7305 
 238 172 268 198 53 0.7285 
 348 85 376 110 53 0.7178 
 560 528 599 562 53 0.7114 
 0 207 18 229 53 0.71 
 378 421 416 463 53 0.71 
 339 499 371 526 53 0.708 
 505 289 541 318 53 0.7065 
 73 363 106 393 53 0.7056 
 684 318 704 354 53 0.7052 
 269 302 300 329 53 0.7051 
 641 60 669 92 53 0.7038 
 521 209 548 245 53 0.7026 
 328 232 353 255 53 0.6989 
 329 375 357 404 53 0.6982 
 306 382 335 404 53 0.6958 
 599 421 634 443 53 0.6934 
 410 50 441 75 53 0.6919 
 239 403 268 432 53 0.6919 
 330 156 360 200 53 0.6899 
 150 381 176 407 53 0.6895 
 613 322 650 349 53 0.6841 
 582 461 616 493 53 0.6841 
 506 414 536 442 53 0.6836 
 65 161 101 195 53 0.6836 
 490 246 528 272 53 0.6782 
 22 295 55 327 53 0.6768 
 483 388 511 416 53 0.6758 
 400 262 425 295 53 0.6745 
 331 198 358 221 53 0.6724 
 204 412 232 444 53 0.672 
 315 213 349 244 53 0.6714 
 87 406 114 438 53 0.6689 
 239 250 271 273 53 0.668 
 532 505 565 534 53 0.668 
 592 442 626 469 53 0.6626 
 561 170 592 203 53 0.6621 
 372 131 408 158 53 0.6611 
 79 449 111 480 53 0.6577 
 684 291 704 320 53 0.6554 
 561 363 590 391 53 0.6514 
 654 116 687 149 53 0.6514 
 45 331 72 359 53 0.6494 
 274 2 311 29 53 0.6479 
 253 513 283 550 53 0.6432 
 607 131 638 169 53 0.6377 
 288 341 308 360 53 0.6362 
 506 469 544 497 53 0.6353 
 134 131 161 155 53 0.6289 
 343 354 368 381 53 0.6266 
 438 309 465 336 53 0.6245 
 5 480 44 510 53 0.6216 
 488 113 512 140 53 0.6149 
 49 274 95 318 53 0.6128 
 100 206 122 234 53 0.612 
 635 299 675 331 53 0.6113 
 230 223 259 256 53 0.6074 
 232 17 257 44 53 0.6066 
 60 410 93 434 53 0.605 
 255 379 279 409 53 0.6021 
 342 13 364 34 53 0.6011 
 609 553 645 586 53 0.6011 
 13 251 46 272 53 0.5991 
 253 272 276 292 53 0.5957 
 631 127 656 154 53 0.5947 
 377 212 414 243 53 0.5898 
 149 96 179 125 53 0.5869 
 459 174 474 204 53 0.5827 
 356 159 393 192 53 0.5815 
 179 178 198 201 53 0.5803 
 656 80 685 106 53 0.5764 
 221 0 248 22 53 0.5754 
 192 340 226 362 53 0.5737 
 182 24 214 50 53 0.5708 
 363 347 392 374 53 0.5688 
 188 371 206 397 53 0.5666 
 682 510 704 543 53 0.562 
 358 268 382 303 53 0.5508 
 363 546 392 578 53 0.5479 
 0 255 22 281 53 0.5342 
 430 174 468 205 53 0.5332 
 474 365 508 390 53 0.5322 
 392 365 421 389 53 0.5273 
 541 538 569 574 53 0.5225 
 590 204 617 230 53 0.5193 
 305 480 342 520 53 0.5176 
 310 195 336 215 53 0.5146 
 475 237 495 265 53 0.5124 
 500 222 534 254 53 0.5049 
 310 410 337 441 53 0.499 
 515 244 542 270 53 0.499 
 682 261 704 293 53 0.491 
 214 479 241 511 53 0.4844 
 417 639 452 677 53 0.4844 
 548 91 577 119 53 0.4844 
 274 26 299 54 53 0.4841 
 94 473 130 502 53 0.4834 
 210 535 235 563 53 0.4822 
 33 212 75 237 53 0.4805 
 467 5 499 29 53 0.4785 
 65 333 88 361 53 0.4717 
 503 532 543 562 53 0.4688 
 454 385 481 417 53 0.4668 
 459 327 497 351 53 0.4668 
 669 209 697 241 53 0.4648 
 325 31 358 73 53 0.4639 
 427 91 451 118 53 0.4636 
 325 461 352 482 53 0.457 
 277 518 303 542 53 0.4543 
 195 150 221 168 53 0.4514 
 86 501 109 530 53 0.4514 
 1 322 9 346 53 0.4502 
 517 437 559 470 53 0.4456 
 7 441 33 468 53 0.4436 
 604 485 635 510 53 0.4312 
 359 314 389 341 53 0.4282 
 434 242 454 263 53 0.4272 
 401 498 419 523 53 0.4272 
 320 277 342 298 53 0.4263 
 552 34 576 61 53 0.4226 
 587 124 617 170 53 0.4072 
 119 185 150 210 53 0.3914 
 323 407 342 435 53 0.3867 
 622 32 654 72 53 0.3804 
 642 202 674 226 53 0.3804 
 42 500 75 530 53 0.3767 
 123 375 151 401 53 0.373 
 428 392 460 434 53 0.3721 
 685 477 704 510 53 0.3721 
 194 510 232 539 53 0.3701 
 229 513 252 546 53 0.3667 
 443 370 463 396 53 0.3655 
 485 266 506 297 53 0.3638 
 506 373 532 403 53 0.3636 
 382 510 405 538 53 0.363 
 255 0 272 15 53 0.3621 
 203 300 222 320 53 0.3621 
 287 372 305 394 53 0.3594 
 583 293 618 320 53 0.3567 
 201 317 220 336 53 0.355 
 329 31 358 52 53 0.355 
 179 492 211 516 53 0.353 
 574 486 599 502 53 0.3523 
 414 161 434 185 53 0.3496 
 282 0 314 21 53 0.3459 
 232 55 255 82 53 0.3452 
 222 194 245 216 53 0.3328 
 434 0 462 19 53 0.3303 
 492 229 539 268 53 0.3242 
 196 131 222 160 53 0.3235 
 176 461 199 488 53 0.3191 
 3 0 41 26 53 0.3191 
 243 560 276 586 53 0.3184 
 465 396 489 423 53 0.3132 
 174 567 203 600 53 0.3098 
 632 31 665 56 53 0.3015 
 298 24 323 46 53 0.2989 
 68 429 96 453 53 0.2949 
 444 178 480 200 53 0.291 
 19 128 62 154 53 0.2886 
 171 97 197 124 53 0.2822 
 61 62 85 88 53 0.2815 
 499 66 520 90 53 0.2712 
 208 346 233 369 53 0.2698 
 380 671 395 696 53 0.2651 
 662 542 701 567 53 0.2637 
 585 446 624 485 53 0.2632 
 61 188 85 215 53 0.2612 
 193 140 227 172 53 0.251 
