582 171 616 202 53 0.832 
 664 47 698 77 53 0.7505 
 597 432 625 462 53 0.7456 
 630 150 670 183 53 0.7202 
 587 34 623 64 53 0.7139 
 375 54 405 91 53 0.6919 
 686 63 704 94 53 0.6885 
 529 335 569 371 53 0.6782 
 398 169 428 203 53 0.6689 
 482 135 516 167 53 0.645 
 682 10 704 37 53 0.6299 
 532 401 560 427 53 0.6226 
 428 107 461 140 53 0.6021 
 652 147 673 179 53 0.5498 
 659 517 687 551 53 0.5215 
 280 91 307 122 53 0.502 
 467 168 492 205 53 0.4922 
 398 53 425 79 53 0.4854 
 569 430 599 463 53 0.4795 
 448 190 477 219 53 0.4619 
 460 232 490 260 53 0.4465 
 487 398 516 425 53 0.4187 
 646 372 691 408 53 0.3821 
 635 527 666 561 53 0.3794 
 93 602 134 633 53 0.3657 
 665 2 686 35 53 0.3286 
 382 91 415 120 53 0.2917 
