139 293 166 324 53 0.7482 
 565 587 598 614 53 0.6968 
 529 50 550 75 53 0.6266 
 416 0 436 25 53 0.6232 
 551 492 577 516 53 0.5938 
 614 467 637 489 53 0.5925 
 110 288 141 321 53 0.585 
 6 244 35 267 53 0.5176 
 630 421 658 448 53 0.4961 
 30 673 59 696 53 0.491 
 550 679 582 700 53 0.4814 
 2 268 30 291 53 0.4707 
 547 459 579 486 53 0.4629 
 59 662 102 699 53 0.4551 
 566 483 586 503 53 0.4417 
 153 176 189 201 53 0.4292 
 11 3 42 31 53 0.3809 
 505 39 537 58 53 0.3748 
 6 668 31 692 53 0.3584 
 475 343 508 368 53 0.3364 
 450 648 479 681 53 0.3303 
 505 675 530 700 53 0.3252 
 527 681 574 703 53 0.3225 
 556 482 585 513 53 0.3218 
 628 333 663 357 53 0.3108 
 133 96 174 121 53 0.3057 
 247 0 266 15 53 0.304 
 677 678 704 701 53 0.2949 
 103 434 134 456 53 0.2935 
 654 666 687 699 53 0.272 
 348 2 369 17 53 0.2679 
 30 355 66 383 53 0.2637 
 636 672 663 699 53 0.2612 
 532 636 559 660 53 0.2517 
