375 331 409 362 53 0.853 
 533 90 562 117 53 0.8481 
 514 44 548 73 53 0.8291 
 589 246 620 273 53 0.8257 
 283 368 317 400 53 0.8257 
 666 416 700 441 53 0.8242 
 624 258 659 289 53 0.8228 
 551 58 585 84 53 0.8208 
 98 143 135 174 53 0.8208 
 469 83 505 110 53 0.8198 
 605 186 634 216 53 0.8188 
 640 116 671 145 53 0.8174 
 586 102 614 130 53 0.8164 
 487 219 526 250 53 0.8155 
 273 186 309 218 53 0.8154 
 614 437 649 471 53 0.8053 
 447 409 478 441 53 0.8042 
 33 80 70 111 53 0.8042 
 224 386 261 421 53 0.8027 
 681 345 704 377 53 0.7984 
 221 22 257 63 53 0.7969 
 69 246 104 276 53 0.7969 
 456 220 490 251 53 0.7955 
 41 286 76 313 53 0.7905 
 391 157 423 188 53 0.7866 
 401 227 429 257 53 0.7863 
 370 165 396 193 53 0.7827 
 657 253 684 281 53 0.7759 
 98 51 135 81 53 0.7744 
 233 95 267 122 53 0.7739 
 33 414 66 446 53 0.7612 
 590 1 627 33 53 0.7578 
 10 310 30 340 53 0.7472 
 517 405 548 435 53 0.7471 
 342 421 368 449 53 0.7471 
 333 297 362 327 53 0.7438 
 629 52 657 77 53 0.7389 
 251 469 283 497 53 0.7349 
 325 407 357 436 53 0.7256 
 283 293 319 322 53 0.7251 
 210 220 243 255 53 0.7231 
 0 233 19 258 53 0.7228 
 545 165 578 189 53 0.7217 
 330 384 352 412 53 0.7145 
 23 243 51 263 53 0.7139 
 662 0 701 24 53 0.7104 
 378 199 413 229 53 0.71 
 19 43 59 72 53 0.709 
 592 218 623 246 53 0.708 
 190 413 212 444 53 0.7077 
 520 265 556 296 53 0.7031 
 387 107 411 134 53 0.6992 
 74 483 108 509 53 0.6816 
 668 129 701 159 53 0.6758 
 157 260 190 290 53 0.6655 
 653 436 685 462 53 0.6577 
 652 84 682 109 53 0.6476 
 633 23 662 46 53 0.646 
 559 226 589 250 53 0.625 
 372 136 396 159 53 0.6216 
 447 122 466 147 53 0.6143 
 159 299 190 323 53 0.6094 
 612 43 635 68 53 0.5747 
 658 348 683 370 53 0.5735 
 83 1 121 22 53 0.5708 
 223 366 246 393 53 0.5566 
 23 489 47 517 53 0.5391 
 531 286 560 307 53 0.5312 
 300 143 316 171 53 0.5085 
 150 458 179 486 53 0.5039 
 328 276 356 305 53 0.4998 
 509 484 547 515 53 0.4951 
 0 469 11 496 53 0.4773 
 238 371 263 391 53 0.4668 
 124 29 164 62 53 0.46 
 522 273 562 310 53 0.458 
 693 222 702 251 53 0.4578 
 469 73 484 92 53 0.4329 
 479 51 500 78 53 0.4312 
 438 515 475 544 53 0.4092 
 40 498 67 524 53 0.4082 
 256 440 273 455 53 0.3914 
 106 560 134 589 53 0.3831 
 534 51 579 82 53 0.3767 
 623 12 642 35 53 0.3757 
 9 243 26 264 53 0.3674 
 389 470 425 494 53 0.354 
 0 238 36 263 53 0.353 
 210 438 238 456 53 0.3149 
 200 38 221 65 53 0.3091 
 469 466 503 502 53 0.3032 
 342 519 374 542 53 0.3015 
 0 554 15 586 53 0.2959 
 4 528 34 554 53 0.2805 
 690 439 703 463 53 0.2705 
 497 198 521 219 53 0.2659 
