613 427 646 462 53 0.8242 
 327 305 362 336 53 0.8174 
 461 420 493 450 53 0.7881 
 289 274 327 307 53 0.7842 
 459 358 493 385 53 0.7773 
 579 177 611 202 53 0.7271 
 98 142 133 177 53 0.7231 
 571 404 598 432 53 0.7168 
 364 247 400 274 53 0.7153 
 392 229 420 256 53 0.7114 
 354 314 376 343 53 0.6758 
 618 283 655 315 53 0.6662 
 216 574 254 610 53 0.6548 
 430 249 468 283 53 0.6447 
 199 463 235 491 53 0.5698 
 85 123 115 149 53 0.563 
 141 455 178 490 53 0.4976 
 263 500 300 538 53 0.4746 
 505 242 542 266 53 0.4102 
 359 180 393 199 53 0.397 
 334 310 376 342 53 0.3923 
 280 353 316 386 53 0.3821 
 509 0 544 21 53 0.3433 
 584 123 625 159 53 0.3342 
 280 153 315 179 53 0.3174 
 468 68 508 107 53 0.3127 
 118 324 160 356 53 0.3049 
 278 454 313 489 53 0.3049 
 437 502 473 530 53 0.3032 
 237 337 265 364 53 0.2983 
 281 376 298 392 53 0.2974 
 72 495 109 521 53 0.2776 
