176 45 214 80 53 0.7983 
 502 429 541 463 53 0.793 
 674 501 704 531 53 0.7827 
 684 324 704 355 53 0.7818 
 28 608 62 644 53 0.7505 
 521 243 556 276 53 0.7476 
 289 443 324 478 53 0.7389 
 278 53 311 82 53 0.7334 
 642 466 681 496 53 0.7251 
 99 194 133 233 53 0.7217 
 562 195 598 225 53 0.71 
 541 162 578 195 53 0.7075 
 0 588 33 624 53 0.7047 
 648 11 687 39 53 0.7041 
 405 382 441 413 53 0.7041 
 66 612 96 642 53 0.7002 
 230 391 272 424 53 0.6919 
 541 346 573 375 53 0.6875 
 207 26 233 58 53 0.6836 
 284 83 312 111 53 0.6733 
 311 426 335 450 53 0.6618 
 545 0 572 25 53 0.6595 
 145 198 180 229 53 0.6567 
 619 460 642 488 53 0.6564 
 607 642 644 673 53 0.6489 
 155 43 185 71 53 0.6353 
 399 182 437 215 53 0.626 
 446 102 476 131 53 0.6001 
 78 197 112 233 53 0.5859 
 470 94 501 126 53 0.5688 
 215 243 242 267 53 0.5688 
 616 171 643 202 53 0.5578 
 307 247 343 276 53 0.5537 
 141 54 174 90 53 0.5469 
 522 1 549 23 53 0.5459 
 81 636 114 659 53 0.5449 
 592 493 627 527 53 0.5361 
 336 123 357 147 53 0.5186 
 678 181 704 227 53 0.5166 
 335 450 360 484 53 0.5146 
 95 71 133 102 53 0.5146 
 220 209 254 240 53 0.5146 
 533 533 564 560 53 0.5029 
 122 215 147 239 53 0.4978 
 86 148 114 174 53 0.4697 
 496 88 539 133 53 0.4648 
 694 297 702 320 53 0.4578 
 678 157 704 187 53 0.457 
 45 674 85 702 53 0.4417 
 89 495 127 525 53 0.4397 
 192 498 225 530 53 0.4368 
 295 585 331 614 53 0.4351 
 314 191 349 219 53 0.4111 
 461 77 476 100 53 0.4036 
 455 265 481 294 53 0.3999 
 146 12 173 39 53 0.396 
 380 421 412 451 53 0.3867 
 552 604 571 630 53 0.3811 
 200 226 227 254 53 0.3794 
 419 274 454 308 53 0.3765 
 124 506 144 528 53 0.3636 
 213 564 253 592 53 0.3523 
 493 1 510 16 53 0.3343 
 421 631 460 663 53 0.3293 
 637 254 671 284 53 0.3174 
 481 277 519 316 53 0.2974 
 142 0 165 15 53 0.2942 
 690 300 704 323 53 0.2942 
 334 419 370 443 53 0.2822 
 572 465 616 498 53 0.2502 
