373 16 403 52 53 0.8365 
 620 310 653 339 53 0.8311 
 516 292 555 325 53 0.813 
 438 318 476 360 53 0.8105 
 249 186 287 223 53 0.8066 
 214 376 255 410 53 0.8038 
 542 437 582 472 53 0.7959 
 332 255 374 298 53 0.7866 
 545 265 587 301 53 0.7838 
 642 476 684 517 53 0.7549 
 436 584 476 622 53 0.7515 
 240 328 274 357 53 0.7446 
 255 625 287 657 53 0.7056 
 158 268 199 306 53 0.7056 
 380 186 418 223 53 0.7041 
 592 468 630 501 53 0.7007 
 556 462 591 494 53 0.6943 
 125 577 162 607 53 0.6816 
 248 488 283 519 53 0.6162 
 584 653 616 678 53 0.6123 
 400 338 420 365 53 0.6084 
 213 604 243 638 53 0.606 
 528 143 561 172 53 0.6021 
 437 1 457 20 53 0.6005 
 1 484 35 515 53 0.5991 
 319 503 360 538 53 0.5898 
 631 469 667 499 53 0.5767 
 429 357 464 388 53 0.5659 
 301 284 331 310 53 0.5088 
 403 376 434 408 53 0.4824 
 564 579 603 613 53 0.4504 
 283 82 325 120 53 0.4426 
 376 373 396 396 53 0.4397 
 530 455 562 488 53 0.4351 
 517 363 538 388 53 0.4131 
 676 517 697 538 53 0.4026 
 668 582 702 621 53 0.3567 
 638 523 664 549 53 0.3557 
 340 643 371 669 53 0.3433 
 467 128 493 154 53 0.3364 
 539 301 569 329 53 0.3345 
 154 267 174 300 53 0.3066 
 237 543 267 579 53 0.3057 
 516 273 582 327 53 0.2874 
