577 360 611 396 53 0.8491 
 502 106 536 137 53 0.8472 
 420 394 454 425 53 0.8389 
 90 325 117 353 53 0.8346 
 531 172 568 203 53 0.8346 
 443 192 472 217 53 0.8302 
 226 467 255 498 53 0.8301 
 549 625 589 658 53 0.8296 
 149 206 185 234 53 0.8282 
 484 482 510 513 53 0.8258 
 553 358 583 390 53 0.8208 
 636 408 675 440 53 0.8199 
 170 254 194 279 53 0.8185 
 230 233 267 262 53 0.818 
 643 231 675 254 53 0.8135 
 94 366 120 392 53 0.8131 
 526 320 564 349 53 0.8105 
 269 343 292 367 53 0.8058 
 549 545 591 578 53 0.8032 
 557 443 589 479 53 0.8008 
 218 248 238 277 53 0.7984 
 370 365 404 392 53 0.7939 
 304 389 330 416 53 0.7921 
 535 243 566 271 53 0.7905 
 296 333 326 359 53 0.7891 
 435 325 459 354 53 0.7852 
 503 465 524 491 53 0.7843 
 609 366 638 396 53 0.7842 
 599 275 632 304 53 0.7827 
 633 562 669 592 53 0.7822 
 36 263 58 286 53 0.7753 
 172 350 198 377 53 0.769 
 675 352 702 377 53 0.7643 
 392 499 428 527 53 0.7642 
 386 463 415 500 53 0.7612 
 125 348 150 372 53 0.7598 
 93 205 120 227 53 0.7545 
 310 414 338 438 53 0.7544 
 220 504 241 527 53 0.7537 
 402 328 430 356 53 0.7515 
 570 228 601 254 53 0.7319 
 290 391 304 416 53 0.7306 
 433 216 454 240 53 0.7267 
 395 9 422 37 53 0.7256 
 630 296 670 331 53 0.7231 
 679 454 703 476 53 0.7139 
 472 447 502 471 53 0.7041 
 483 290 513 314 53 0.6958 
 646 255 673 283 53 0.6934 
 371 396 397 424 53 0.6895 
 107 293 129 312 53 0.6823 
 337 293 361 319 53 0.6816 
 385 301 402 327 53 0.6792 
 586 657 612 677 53 0.6748 
 463 1 503 30 53 0.6738 
 449 132 467 155 53 0.6667 
 502 260 531 288 53 0.6577 
 689 234 703 263 53 0.6514 
 243 432 270 463 53 0.6494 
 311 310 332 329 53 0.6486 
 508 335 533 362 53 0.6457 
 119 310 140 330 53 0.645 
 589 601 612 623 53 0.6436 
 580 184 610 207 53 0.6299 
 303 444 336 471 53 0.6226 
 640 254 662 277 53 0.6193 
 340 63 363 86 53 0.619 
 449 284 478 307 53 0.6162 
 574 246 605 278 53 0.6143 
 109 583 136 605 53 0.6133 
 369 40 408 63 53 0.6104 
 205 239 215 263 53 0.6091 
 330 460 352 479 53 0.603 
 58 160 80 180 53 0.5998 
 88 621 110 650 53 0.5991 
 109 358 139 385 53 0.5972 
 690 645 703 669 53 0.5962 
 463 480 490 510 53 0.5962 
 118 620 141 647 53 0.585 
 366 3 393 22 53 0.583 
 329 357 348 376 53 0.5591 
 263 439 282 461 53 0.5557 
 94 619 124 651 53 0.5557 
 125 172 150 199 53 0.5508 
 613 576 643 604 53 0.5508 
 334 428 362 452 53 0.5449 
 114 351 147 379 53 0.5371 
 547 605 567 628 53 0.5349 
 325 291 353 318 53 0.5342 
 274 287 294 309 53 0.532 
 269 327 293 346 53 0.5273 
 176 180 203 202 53 0.5176 
 1 324 23 350 53 0.5173 
 246 377 275 400 53 0.5068 
 150 342 172 371 53 0.5049 
 54 597 77 621 53 0.4902 
 69 126 84 150 53 0.488 
 560 27 590 52 53 0.4844 
 129 618 162 648 53 0.4795 
 666 568 701 598 53 0.4785 
 429 294 453 323 53 0.4775 
 260 1 285 20 53 0.4756 
 333 320 359 346 53 0.4717 
 453 169 471 190 53 0.4695 
 559 402 595 434 53 0.4648 
 319 8 336 34 53 0.4609 
 528 26 544 45 53 0.46 
 11 86 35 105 53 0.4358 
 693 269 702 299 53 0.4282 
 352 426 380 451 53 0.4272 
 668 446 695 471 53 0.4158 
 589 311 611 330 53 0.4026 
 668 259 695 289 53 0.3831 
 323 452 353 477 53 0.3831 
 361 66 390 93 53 0.3811 
 558 261 574 277 53 0.3765 
 346 357 374 378 53 0.3567 
 286 248 309 275 53 0.3557 
 677 264 701 303 53 0.3557 
 163 627 181 650 53 0.3477 
 472 151 495 173 53 0.3469 
 69 18 83 42 53 0.3424 
 17 133 40 156 53 0.3408 
 508 198 547 223 53 0.3381 
 510 165 537 188 53 0.3337 
 403 298 430 324 53 0.3337 
 107 62 126 78 53 0.3328 
 304 365 324 384 53 0.3293 
 143 42 175 62 53 0.3157 
 399 482 428 500 53 0.3098 
 251 90 268 106 53 0.3097 
 43 215 61 233 53 0.2997 
 465 660 504 688 53 0.2983 
 628 169 658 191 53 0.291 
 105 43 129 65 53 0.2903 
 122 31 148 60 53 0.2886 
 224 620 250 648 53 0.2878 
 286 445 311 470 53 0.2776 
 426 267 443 284 53 0.2766 
 267 457 283 474 53 0.2698 
 320 34 348 55 53 0.2698 
 380 300 417 327 53 0.2622 
 142 119 155 136 53 0.2582 
