367 232 394 258 53 0.7734 
 472 273 506 301 53 0.7607 
 51 260 78 288 53 0.7579 
 22 272 45 295 53 0.7306 
 403 289 432 314 53 0.7291 
 477 245 501 268 53 0.7145 
 226 66 254 91 53 0.7096 
 549 220 580 245 53 0.709 
 431 141 454 165 53 0.6837 
 279 657 305 684 53 0.6803 
 189 420 225 445 53 0.6758 
 74 245 101 267 53 0.6646 
 413 126 438 155 53 0.6618 
 348 219 367 243 53 0.6564 
 434 346 462 371 53 0.6548 
 6 217 33 239 53 0.6416 
 267 94 288 117 53 0.632 
 324 264 349 285 53 0.6167 
 21 308 50 336 53 0.6113 
 449 446 479 472 53 0.6084 
 382 662 411 686 53 0.6074 
 127 142 160 170 53 0.6069 
 618 252 641 276 53 0.5876 
 54 218 76 245 53 0.5869 
 385 93 406 121 53 0.5857 
 570 347 589 372 53 0.5837 
 238 4 265 28 53 0.5747 
 33 619 59 644 53 0.5747 
 92 148 113 174 53 0.5715 
 647 336 677 360 53 0.5708 
 478 0 503 16 53 0.5688 
 345 241 369 263 53 0.5676 
 356 262 376 280 53 0.5525 
 443 191 462 214 53 0.5515 
 678 261 702 287 53 0.5459 
 522 187 541 208 53 0.5456 
 445 378 473 402 53 0.5312 
 467 508 496 532 53 0.5205 
 220 132 245 158 53 0.5127 
 8 294 26 321 53 0.5127 
 176 129 203 149 53 0.5107 
 578 255 596 273 53 0.5056 
 568 423 592 446 53 0.5037 
 420 663 451 686 53 0.4873 
 652 170 680 195 53 0.4763 
 232 143 259 166 53 0.4754 
 585 371 604 395 53 0.4734 
 148 392 173 417 53 0.4727 
 372 21 400 42 53 0.4678 
 106 24 121 47 53 0.4549 
 435 106 452 127 53 0.4512 
 37 329 61 354 53 0.4436 
 398 237 441 267 53 0.4331 
 202 276 232 296 53 0.4312 
 101 46 114 70 53 0.4302 
 182 373 207 397 53 0.4243 
 517 492 540 516 53 0.4216 
 442 484 472 513 53 0.4216 
 478 451 504 476 53 0.4197 
 470 427 489 448 53 0.4187 
 283 686 303 704 53 0.4156 
 54 182 79 204 53 0.4121 
 559 276 586 292 53 0.4082 
 181 235 203 263 53 0.3912 
 124 86 142 105 53 0.3895 
 654 274 667 292 53 0.3729 
 92 491 119 526 53 0.3577 
 168 105 179 121 53 0.3538 
 237 128 275 163 53 0.3469 
 365 659 381 686 53 0.3442 
 228 373 254 401 53 0.3425 
 496 349 524 373 53 0.3416 
 13 67 47 93 53 0.3381 
 258 604 291 627 53 0.3381 
 618 169 644 192 53 0.3337 
 122 309 147 334 53 0.3326 
 343 612 374 635 53 0.3235 
 112 426 137 448 53 0.3199 
 266 51 291 72 53 0.3184 
 495 110 515 131 53 0.3167 
 151 214 163 229 53 0.3098 
 536 331 560 349 53 0.3074 
 632 453 652 476 53 0.2991 
 366 382 394 409 53 0.2837 
 161 468 186 495 53 0.283 
 127 40 147 54 53 0.2822 
 99 230 117 251 53 0.2759 
 54 309 76 332 53 0.2705 
 100 636 127 665 53 0.2651 
 166 670 198 698 53 0.2629 
 170 238 186 257 53 0.2517 
