530 533 558 557 53 0.7384 
 658 298 689 320 53 0.7227 
 372 128 394 153 53 0.6803 
 519 386 547 408 53 0.6768 
 369 344 395 367 53 0.6696 
 516 16 539 37 53 0.639 
 560 120 577 143 53 0.6369 
 508 336 533 358 53 0.6343 
 611 150 636 174 53 0.6104 
 375 150 399 171 53 0.605 
 297 180 323 208 53 0.5886 
 344 138 371 168 53 0.5525 
 480 69 501 96 53 0.5479 
 624 285 645 306 53 0.5459 
 432 194 464 220 53 0.5225 
 632 480 647 500 53 0.5049 
 487 422 507 445 53 0.4951 
 665 608 692 633 53 0.4844 
 639 285 662 308 53 0.4727 
 502 417 527 436 53 0.4658 
 557 54 583 70 53 0.458 
 631 517 652 541 53 0.4495 
 408 427 431 449 53 0.4395 
 687 654 702 678 53 0.4375 
 639 550 668 571 53 0.429 
 299 261 328 282 53 0.4263 
 536 118 559 138 53 0.407 
 457 63 481 87 53 0.4006 
 334 342 358 368 53 0.3933 
 562 0 580 15 53 0.3496 
 361 15 386 40 53 0.3216 
 476 269 494 290 53 0.3132 
 607 405 632 426 53 0.3132 
 269 179 291 206 53 0.2847 
 564 1 577 10 53 0.2804 
 333 162 366 191 53 0.2798 
 679 128 704 149 53 0.2791 
 662 678 689 699 53 0.2681 
 574 30 587 49 53 0.2673 
 227 25 251 50 53 0.2516 
