364 366 385 392 53 0.7843 
 319 309 343 336 53 0.7818 
 343 367 362 391 53 0.7111 
 605 414 634 438 53 0.6992 
 419 266 448 291 53 0.6974 
 344 406 370 427 53 0.6919 
 252 169 276 192 53 0.6393 
 435 223 464 246 53 0.6377 
 270 367 290 391 53 0.6242 
 125 351 151 380 53 0.6164 
 396 257 424 282 53 0.5737 
 229 184 254 207 53 0.5273 
 252 135 277 161 53 0.5117 
 243 343 273 367 53 0.4824 
 476 269 514 294 53 0.4678 
 189 286 212 310 53 0.4629 
 556 95 588 120 53 0.4619 
 543 29 566 52 53 0.4417 
 207 143 233 172 53 0.4251 
 550 282 578 304 53 0.4167 
 244 494 277 518 53 0.4167 
 190 186 222 211 53 0.4141 
 337 246 353 266 53 0.3857 
 264 190 277 208 53 0.3829 
 364 13 391 35 53 0.373 
 341 178 358 197 53 0.3636 
 143 418 166 438 53 0.3619 
 177 202 201 226 53 0.3575 
 183 322 208 342 53 0.355 
 304 363 321 386 53 0.3442 
 630 542 662 567 53 0.3328 
 119 435 141 459 53 0.332 
 423 481 454 504 53 0.3259 
 505 341 533 361 53 0.3225 
 441 176 477 196 53 0.3015 
 512 392 532 406 53 0.2903 
 594 151 616 171 53 0.2783 
 621 478 639 498 53 0.2531 
