371 63 406 96 53 0.854 
 330 39 370 73 53 0.837 
 345 479 376 507 53 0.8335 
 292 372 327 406 53 0.833 
 529 50 565 79 53 0.8257 
 287 10 324 45 53 0.8188 
 254 74 297 112 53 0.8164 
 517 268 547 302 53 0.816 
 353 172 386 211 53 0.8159 
 560 397 595 433 53 0.8159 
 179 342 214 378 53 0.8033 
 403 258 438 295 53 0.8018 
 587 103 625 139 53 0.7989 
 319 4 357 37 53 0.793 
 166 620 202 655 53 0.79 
 201 206 232 243 53 0.7866 
 494 348 530 387 53 0.7798 
 358 205 392 240 53 0.7789 
 90 168 127 193 53 0.7788 
 348 216 375 249 53 0.7755 
 78 108 114 139 53 0.774 
 114 571 153 604 53 0.774 
 93 454 127 484 53 0.7739 
 289 446 319 476 53 0.771 
 112 640 146 671 53 0.7676 
 590 143 623 172 53 0.7661 
 497 0 534 23 53 0.7637 
 107 39 142 74 53 0.7609 
 166 79 188 113 53 0.7607 
 510 114 544 143 53 0.7598 
 585 511 619 543 53 0.7568 
 495 292 529 324 53 0.7563 
 337 413 363 442 53 0.7559 
 63 73 96 102 53 0.7559 
 133 447 161 470 53 0.7534 
 456 170 483 213 53 0.75 
 148 111 189 142 53 0.7487 
 528 0 555 25 53 0.7485 
 98 352 129 391 53 0.7471 
 273 532 306 561 53 0.7471 
 486 182 515 212 53 0.7467 
 611 28 636 58 53 0.7443 
 187 77 227 116 53 0.7407 
 121 425 158 455 53 0.7373 
 528 303 563 335 53 0.7339 
 423 245 452 279 53 0.7334 
 550 81 581 105 53 0.7319 
 161 139 202 172 53 0.7319 
 437 0 458 20 53 0.7316 
 448 79 476 111 53 0.7271 
 241 626 279 665 53 0.7227 
 45 390 67 416 53 0.7208 
 326 182 354 209 53 0.7188 
 663 224 702 262 53 0.7041 
 528 333 570 378 53 0.6978 
 561 309 590 340 53 0.6934 
 278 663 311 690 53 0.6934 
 577 544 614 592 53 0.6929 
 177 50 219 84 53 0.6909 
 92 666 136 699 53 0.6899 
 94 30 118 60 53 0.6847 
 453 421 488 458 53 0.6841 
 626 45 670 75 53 0.6769 
 683 56 703 81 53 0.6745 
 683 16 703 45 53 0.6714 
 62 375 89 402 53 0.6699 
 566 159 595 181 53 0.668 
 571 101 595 130 53 0.6646 
 177 30 208 55 53 0.6646 
 627 65 658 89 53 0.6636 
 277 437 299 464 53 0.6629 
 33 322 59 351 53 0.6558 
 71 623 111 660 53 0.646 
 63 0 96 17 53 0.6436 
 651 279 682 313 53 0.6406 
 128 600 161 632 53 0.6353 
 627 90 651 121 53 0.6279 
 208 306 243 331 53 0.6279 
 302 653 340 693 53 0.626 
 440 444 465 469 53 0.6206 
 478 283 507 303 53 0.6094 
 418 217 445 246 53 0.6094 
 38 414 71 438 53 0.6069 
 50 308 79 336 53 0.606 
 488 507 523 547 53 0.6027 
 435 57 461 89 53 0.6021 
 277 298 306 327 53 0.6021 
 534 612 571 641 53 0.5991 
 476 220 506 253 53 0.5947 
 36 74 57 100 53 0.5935 
 0 313 26 349 53 0.5889 
 22 354 50 386 53 0.5886 
 639 125 676 154 53 0.584 
 88 204 111 232 53 0.5757 
 174 586 202 608 53 0.5676 
 91 0 113 21 53 0.5669 
 651 142 696 173 53 0.5566 
 479 172 497 199 53 0.5547 
 363 554 400 586 53 0.5537 
 547 507 574 537 53 0.5527 
 292 672 334 702 53 0.5518 
 437 649 473 682 53 0.5371 
 59 135 98 153 53 0.5283 
 610 578 640 618 53 0.5244 
 502 15 530 37 53 0.5193 
 581 305 607 328 53 0.5186 
 349 462 372 481 53 0.5039 
 32 353 69 382 53 0.499 
 684 354 704 389 53 0.4951 
 150 426 179 449 53 0.4893 
 227 505 255 526 53 0.4795 
 408 0 436 17 53 0.4795 
 27 182 59 207 53 0.459 
 479 0 502 17 53 0.4534 
 40 64 68 92 53 0.4531 
 435 279 455 317 53 0.4465 
 605 618 633 646 53 0.4456 
 561 559 597 593 53 0.4436 
 282 418 301 439 53 0.4387 
 578 615 623 643 53 0.4253 
 321 451 341 481 53 0.4226 
 537 231 565 250 53 0.4102 
 668 263 704 294 53 0.4036 
 103 210 134 237 53 0.4026 
 540 284 573 314 53 0.3979 
 1 222 44 264 53 0.3938 
 296 619 322 642 53 0.3794 
 312 432 336 457 53 0.3748 
 197 49 223 78 53 0.3567 
 566 276 601 308 53 0.3567 
 169 415 189 441 53 0.3442 
 546 253 580 288 53 0.3381 
 316 440 348 479 53 0.3303 
 387 186 429 235 53 0.3276 
 533 505 555 535 53 0.3191 
 662 102 704 140 53 0.3049 
 0 176 31 212 53 0.291 
 38 115 58 145 53 0.2903 
 345 195 364 217 53 0.283 
 263 287 289 321 53 0.2744 
 647 148 674 172 53 0.2659 
 671 102 697 126 53 0.2554 
