421 17 450 46 53 0.8355 
 658 524 685 552 53 0.8292 
 292 68 327 99 53 0.813 
 193 110 223 139 53 0.8008 
 9 145 34 178 53 0.792 
 392 35 424 62 53 0.7881 
 571 449 599 474 53 0.7852 
 668 361 699 385 53 0.7773 
 667 578 701 608 53 0.7725 
 282 210 311 231 53 0.7676 
 184 57 213 81 53 0.7661 
 550 348 579 382 53 0.7661 
 484 56 515 88 53 0.7637 
 545 2 574 32 53 0.7578 
 33 144 62 175 53 0.7511 
 27 70 59 94 53 0.7461 
 317 335 346 363 53 0.7407 
 437 107 469 134 53 0.7349 
 267 268 297 293 53 0.7324 
 96 27 126 54 53 0.7217 
 135 13 165 38 53 0.7212 
 326 205 357 234 53 0.7188 
 459 155 489 180 53 0.7168 
 209 167 241 188 53 0.7163 
 630 579 664 608 53 0.6992 
 162 0 200 27 53 0.6982 
 82 128 111 153 53 0.6895 
 639 294 668 322 53 0.6891 
 39 481 76 509 53 0.6807 
 247 8 268 30 53 0.6735 
 272 368 307 401 53 0.6724 
 303 185 335 211 53 0.667 
 406 114 438 136 53 0.6665 
 549 376 569 399 53 0.6655 
 580 509 612 531 53 0.6611 
 269 77 298 109 53 0.6489 
 348 198 374 227 53 0.6362 
 298 327 327 351 53 0.6279 
 469 19 495 49 53 0.627 
 172 412 201 443 53 0.6223 
 469 44 492 72 53 0.6084 
 200 35 229 55 53 0.6084 
 258 469 292 507 53 0.604 
 533 133 569 162 53 0.6011 
 228 496 260 525 53 0.5718 
 582 257 617 283 53 0.5591 
 193 439 218 463 53 0.5578 
 0 352 17 381 53 0.5488 
 649 656 678 680 53 0.5361 
 675 610 704 640 53 0.5342 
 630 604 662 631 53 0.5273 
 648 527 663 553 53 0.5059 
 227 156 255 179 53 0.5059 
 338 232 356 249 53 0.5056 
 397 480 429 509 53 0.5039 
 475 517 514 548 53 0.4971 
 0 551 24 580 53 0.4951 
 128 87 164 108 53 0.4775 
 452 381 477 403 53 0.4707 
 426 297 457 326 53 0.4514 
 406 162 436 191 53 0.4387 
 4 473 33 500 53 0.4282 
 414 461 431 481 53 0.4251 
 462 176 484 203 53 0.4006 
 214 137 237 163 53 0.3989 
 479 244 505 272 53 0.3941 
 581 481 605 504 53 0.3877 
 363 472 399 504 53 0.3867 
 584 644 617 667 53 0.3821 
 503 98 531 123 53 0.3811 
 652 46 693 85 53 0.3804 
 386 340 411 365 53 0.3765 
 239 479 267 505 53 0.3684 
 308 210 329 234 53 0.3636 
 602 22 634 45 53 0.3621 
 26 111 48 140 53 0.3604 
 337 270 353 291 53 0.3567 
 356 539 387 565 53 0.3408 
 413 72 436 96 53 0.3381 
 156 0 186 24 53 0.3337 
 466 62 490 88 53 0.3259 
 155 0 175 18 53 0.3115 
 229 660 261 689 53 0.3115 
 223 559 261 595 53 0.3108 
 191 414 223 441 53 0.3057 
 176 673 212 702 53 0.3008 
 637 319 666 341 53 0.2942 
 597 504 616 527 53 0.2917 
 452 525 478 558 53 0.2869 
 694 232 703 263 53 0.2651 
 491 454 515 478 53 0.259 
 632 578 704 611 53 0.2573 
 516 118 545 141 53 0.2546 
 124 344 145 359 53 0.2509 
