213 256 252 285 53 0.8501 
 353 311 386 339 53 0.8374 
 512 401 548 433 53 0.8193 
 272 463 304 490 53 0.8081 
 16 386 52 417 53 0.7886 
 19 500 50 527 53 0.7881 
 646 123 679 152 53 0.7788 
 394 157 424 185 53 0.7734 
 387 391 416 420 53 0.7725 
 620 188 647 210 53 0.7607 
 252 149 283 178 53 0.7568 
 95 205 133 237 53 0.7568 
 38 436 69 461 53 0.7534 
 150 47 183 75 53 0.7472 
 130 629 160 655 53 0.7461 
 70 575 101 605 53 0.7422 
 453 108 485 134 53 0.7407 
 165 298 195 326 53 0.7402 
 233 662 259 689 53 0.7363 
 411 257 445 288 53 0.7358 
 441 316 473 343 53 0.7339 
 496 36 525 65 53 0.7295 
 96 291 125 321 53 0.7192 
 483 240 509 267 53 0.7124 
 107 542 135 565 53 0.7062 
 437 640 473 669 53 0.7031 
 239 500 269 525 53 0.7007 
 388 261 414 293 53 0.6989 
 489 447 518 471 53 0.6982 
 27 355 61 384 53 0.6982 
 204 281 237 308 53 0.6978 
 179 247 204 276 53 0.6968 
 384 80 422 112 53 0.6934 
 117 303 142 333 53 0.6802 
 166 501 196 522 53 0.6782 
 178 659 221 690 53 0.6689 
 36 208 67 233 53 0.667 
 464 223 488 252 53 0.6667 
 427 101 452 124 53 0.6646 
 143 7 171 34 53 0.6548 
 568 246 601 272 53 0.6548 
 645 410 673 438 53 0.6494 
 559 165 581 187 53 0.6476 
 511 467 545 497 53 0.645 
 0 42 30 78 53 0.6447 
 479 116 513 146 53 0.6416 
 591 284 616 315 53 0.626 
 74 468 109 493 53 0.6235 
 550 262 577 289 53 0.6133 
 252 587 278 615 53 0.6104 
 578 291 616 324 53 0.6104 
 205 450 231 475 53 0.5918 
 414 438 444 459 53 0.5898 
 34 19 64 45 53 0.5737 
 173 411 204 436 53 0.5708 
 590 50 617 80 53 0.5705 
 562 310 584 333 53 0.5676 
 79 317 112 346 53 0.5566 
 363 208 397 235 53 0.5469 
 548 309 569 332 53 0.5264 
 589 147 613 165 53 0.5254 
 597 614 637 645 53 0.5186 
 117 109 146 133 53 0.5117 
 500 283 534 307 53 0.5088 
 447 212 469 232 53 0.5085 
 41 129 77 157 53 0.5078 
 412 579 444 608 53 0.4932 
 54 685 96 704 53 0.4883 
 56 626 78 652 53 0.4851 
 685 316 704 348 53 0.4814 
 671 416 691 442 53 0.4678 
 508 572 546 600 53 0.4475 
 413 660 446 688 53 0.4387 
 149 456 182 484 53 0.4292 
 45 682 62 703 53 0.4185 
 611 525 637 555 53 0.4177 
 467 401 503 430 53 0.4148 
 383 188 411 212 53 0.4102 
 547 630 582 661 53 0.4102 
 323 112 354 151 53 0.397 
 302 267 343 297 53 0.3831 
 352 583 378 609 53 0.3784 
 625 240 655 269 53 0.3767 
 662 556 689 578 53 0.3646 
 222 397 243 421 53 0.363 
 439 536 475 569 53 0.363 
 598 84 627 115 53 0.3584 
 475 685 514 704 53 0.353 
 441 581 459 607 53 0.3442 
 234 502 254 525 53 0.3442 
 615 61 642 83 53 0.3389 
 378 74 410 108 53 0.3337 
 82 123 112 154 53 0.3293 
 442 65 476 100 53 0.3286 
 574 485 613 512 53 0.3149 
 546 537 585 555 53 0.3091 
 507 682 545 704 53 0.2998 
 170 227 183 250 53 0.2991 
 72 88 98 110 53 0.2974 
 310 687 349 703 53 0.2966 
 593 86 615 113 53 0.2949 
 270 83 297 115 53 0.2917 
 60 109 84 128 53 0.2805 
 175 656 199 688 53 0.2737 
 451 85 476 109 53 0.2672 
 561 113 585 136 53 0.259 
 115 117 146 152 53 0.2583 
