627 264 667 298 53 0.8633 
 255 51 292 82 53 0.8511 
 495 178 532 216 53 0.8403 
 40 197 82 231 53 0.8336 
 292 292 329 324 53 0.832 
 318 155 355 185 53 0.8311 
 397 24 434 58 53 0.8306 
 147 469 194 513 53 0.8267 
 447 190 464 219 53 0.8248 
 159 80 197 113 53 0.8228 
 116 349 157 384 53 0.8228 
 45 49 85 80 53 0.8193 
 166 295 210 331 53 0.818 
 100 177 144 212 53 0.8174 
 486 385 520 419 53 0.813 
 385 166 421 202 53 0.8126 
 220 401 260 433 53 0.8115 
 643 210 681 243 53 0.8105 
 647 286 684 319 53 0.8018 
 365 582 398 618 53 0.7959 
 240 420 281 457 53 0.7959 
 0 636 41 673 53 0.7949 
 553 306 587 339 53 0.793 
 294 187 328 213 53 0.7852 
 223 598 263 635 53 0.7735 
 472 274 502 303 53 0.771 
 451 327 465 363 53 0.7686 
 121 43 163 84 53 0.7676 
 158 142 196 179 53 0.7676 
 95 610 138 645 53 0.7612 
 678 149 704 189 53 0.7593 
 491 488 533 522 53 0.7472 
 582 275 604 307 53 0.7443 
 245 126 283 161 53 0.7441 
 170 582 209 610 53 0.7319 
 530 397 560 433 53 0.7277 
 467 79 492 109 53 0.7241 
 506 228 532 256 53 0.7117 
 251 583 290 617 53 0.7086 
 266 281 296 309 53 0.6919 
 124 0 167 27 53 0.6916 
 594 601 629 633 53 0.6738 
 589 30 611 56 53 0.668 
 601 450 628 474 53 0.6494 
 688 114 704 150 53 0.646 
 175 0 203 23 53 0.6396 
 392 483 429 518 53 0.6196 
 375 189 396 208 53 0.605 
 4 468 27 491 53 0.5962 
 689 418 703 442 53 0.5774 
 692 199 701 229 53 0.5735 
 520 636 551 662 53 0.5566 
 537 637 560 661 53 0.532 
 372 239 417 289 53 0.5303 
 164 0 183 20 53 0.501 
 309 276 333 294 53 0.458 
 33 154 73 189 53 0.4446 
 321 563 348 587 53 0.4082 
 221 18 243 38 53 0.2791 
