432 194 456 221 53 0.8326 
 30 74 59 112 53 0.8271 
 51 68 88 101 53 0.8091 
 395 328 428 356 53 0.8058 
 412 209 438 232 53 0.8018 
 450 96 481 128 53 0.8009 
 73 37 103 67 53 0.8008 
 101 39 125 67 53 0.7945 
 97 252 129 278 53 0.7944 
 593 46 624 69 53 0.793 
 346 295 379 321 53 0.7788 
 633 19 663 42 53 0.7734 
 85 63 118 91 53 0.7687 
 423 154 456 180 53 0.7568 
 149 132 177 159 53 0.7563 
 78 539 112 569 53 0.756 
 148 41 178 65 53 0.7559 
 365 399 393 426 53 0.7549 
 120 61 147 91 53 0.7531 
 352 38 371 57 53 0.7516 
 87 356 123 385 53 0.7505 
 69 146 93 167 53 0.75 
 69 294 97 322 53 0.7485 
 330 22 357 48 53 0.7461 
 584 431 606 461 53 0.7374 
 6 158 41 191 53 0.7373 
 160 203 194 224 53 0.7349 
 608 408 637 431 53 0.728 
 48 275 79 304 53 0.728 
 410 53 445 82 53 0.7256 
 288 279 318 309 53 0.7238 
 141 424 158 448 53 0.7184 
 415 268 447 293 53 0.7178 
 83 3 110 23 53 0.7104 
 400 243 424 266 53 0.7086 
 232 139 262 168 53 0.7051 
 23 42 53 62 53 0.7041 
 344 187 367 212 53 0.7031 
 0 525 29 554 53 0.6978 
 38 651 68 675 53 0.6968 
 346 211 367 232 53 0.695 
 625 383 647 414 53 0.695 
 19 668 53 690 53 0.6919 
 405 186 437 213 53 0.6885 
 562 57 586 80 53 0.6867 
 52 551 86 582 53 0.686 
 126 405 152 432 53 0.6782 
 567 346 589 375 53 0.6772 
 131 205 155 228 53 0.6761 
 425 243 447 269 53 0.6755 
 15 209 51 235 53 0.6738 
 604 115 634 141 53 0.6733 
 4 644 37 672 53 0.6714 
 4 135 38 161 53 0.6689 
 283 372 312 396 53 0.667 
 67 204 101 231 53 0.6626 
 191 46 219 76 53 0.6608 
 674 154 704 183 53 0.6602 
 374 342 397 366 53 0.6413 
 533 74 567 111 53 0.6343 
 562 433 586 462 53 0.634 
 349 226 380 253 53 0.6289 
 69 516 97 542 53 0.626 
 252 319 282 348 53 0.625 
 639 118 674 146 53 0.6226 
 24 528 61 559 53 0.6226 
 529 269 563 297 53 0.6167 
 120 526 145 553 53 0.613 
 197 367 216 396 53 0.6123 
 134 510 163 535 53 0.5962 
 114 434 140 456 53 0.5935 
 531 442 559 467 53 0.5908 
 345 419 371 445 53 0.5866 
 195 97 221 127 53 0.5857 
 212 371 236 397 53 0.5786 
 171 180 193 205 53 0.5718 
 609 132 634 158 53 0.5676 
 544 224 566 253 53 0.5676 
 673 100 704 125 53 0.564 
 133 141 158 169 53 0.5518 
 308 24 335 46 53 0.543 
 605 430 633 452 53 0.5371 
 297 1 317 19 53 0.5349 
 52 168 86 200 53 0.5303 
 595 93 622 120 53 0.5273 
 177 596 205 623 53 0.5234 
 353 449 384 480 53 0.5186 
 558 34 583 60 53 0.5156 
 572 104 600 136 53 0.5137 
 230 1 258 19 53 0.5098 
 176 348 205 373 53 0.5068 
 534 0 560 22 53 0.4988 
 36 70 78 109 53 0.4922 
 531 298 556 324 53 0.4893 
 430 406 453 429 53 0.4863 
 516 589 545 617 53 0.4844 
 343 3 367 22 53 0.4824 
 536 421 569 450 53 0.4805 
 593 424 617 449 53 0.4805 
 0 72 18 87 53 0.4775 
 222 0 247 15 53 0.4736 
 33 106 69 137 53 0.4717 
 637 472 669 500 53 0.4688 
 373 427 401 455 53 0.459 
 691 121 703 148 53 0.457 
 516 398 548 428 53 0.4561 
 591 187 617 212 53 0.4534 
 419 236 438 268 53 0.4483 
 113 203 132 226 53 0.4465 
 498 61 518 83 53 0.4444 
 346 497 381 526 53 0.4426 
 261 391 289 415 53 0.4358 
 529 2 564 37 53 0.4243 
 0 155 20 181 53 0.4233 
 513 0 532 12 53 0.4216 
 104 494 126 516 53 0.4207 
 116 509 137 532 53 0.4197 
 624 597 658 625 53 0.4092 
 115 135 132 162 53 0.4063 
 398 460 432 486 53 0.397 
 303 414 322 445 53 0.3811 
 254 220 273 235 53 0.3657 
 75 229 96 249 53 0.3655 
 163 25 183 43 53 0.3584 
 107 529 141 560 53 0.3567 
 41 216 58 241 53 0.3557 
 516 338 551 367 53 0.3503 
 557 550 581 577 53 0.3345 
 253 367 267 390 53 0.3326 
 638 155 660 175 53 0.3293 
 674 461 696 480 53 0.3286 
 645 197 674 222 53 0.3208 
 538 0 556 13 53 0.3174 
 544 574 566 598 53 0.3123 
 50 443 75 469 53 0.3121 
 547 317 571 330 53 0.3049 
 401 189 420 213 53 0.3025 
 88 158 107 185 53 0.3015 
 506 356 535 379 53 0.2949 
 563 283 582 304 53 0.2923 
 533 359 566 383 53 0.2893 
 169 619 192 640 53 0.2861 
 284 405 304 428 53 0.2847 
 651 594 687 615 53 0.2822 
 153 104 173 130 53 0.2751 
 691 474 703 506 53 0.275 
 29 211 60 238 53 0.2727 
 334 188 349 207 53 0.2711 
 70 93 97 115 53 0.2698 
 374 310 384 329 53 0.2681 
 552 430 571 455 53 0.2659 
 96 527 122 553 53 0.2583 
 533 553 577 575 53 0.251 
