652 51 686 82 53 0.8623 
 592 93 627 124 53 0.8613 
 385 31 421 65 53 0.8433 
 293 144 330 176 53 0.8398 
 81 643 115 675 53 0.8359 
 471 587 510 621 53 0.8345 
 493 316 532 345 53 0.8331 
 189 404 228 434 53 0.832 
 608 396 645 426 53 0.8291 
 429 444 467 478 53 0.8242 
 86 158 122 189 53 0.8188 
 340 11 379 49 53 0.816 
 352 221 385 254 53 0.813 
 131 547 164 580 53 0.813 
 201 463 235 493 53 0.8125 
 63 15 100 45 53 0.8057 
 313 460 348 492 53 0.8057 
 52 392 88 420 53 0.8003 
 566 613 602 650 53 0.7993 
 213 586 249 621 53 0.7983 
 605 0 646 29 53 0.7983 
 271 392 310 423 53 0.7965 
 483 342 513 367 53 0.7959 
 564 93 591 121 53 0.7936 
 5 40 30 62 53 0.792 
 231 346 268 381 53 0.7891 
 646 436 679 466 53 0.7832 
 176 146 214 172 53 0.7744 
 370 643 406 677 53 0.7739 
 419 137 458 166 53 0.771 
 124 385 172 426 53 0.77 
 231 129 273 164 53 0.769 
 500 177 535 211 53 0.7676 
 91 349 122 369 53 0.7671 
 66 240 96 264 53 0.7656 
 276 243 300 271 53 0.7627 
 609 170 635 206 53 0.7604 
 246 554 273 580 53 0.7496 
 544 574 582 604 53 0.749 
 535 613 567 645 53 0.7417 
 157 230 198 263 53 0.7349 
 683 392 703 423 53 0.731 
 468 513 504 542 53 0.7285 
 375 605 403 626 53 0.7277 
 594 122 617 150 53 0.7213 
 0 158 21 190 53 0.7168 
 578 218 602 242 53 0.716 
 553 181 587 212 53 0.7139 
 320 490 340 509 53 0.7135 
 306 17 336 48 53 0.7124 
 53 0 89 20 53 0.7114 
 498 562 538 589 53 0.7114 
 624 85 657 113 53 0.7065 
 581 245 605 263 53 0.7056 
 312 293 337 315 53 0.7002 
 377 571 406 602 53 0.6968 
 199 645 233 669 53 0.6953 
 406 64 441 91 53 0.6919 
 378 399 410 436 53 0.687 
 48 235 63 269 53 0.686 
 633 21 654 45 53 0.6837 
 45 530 79 568 53 0.6802 
 489 27 523 58 53 0.6768 
 95 1 137 19 53 0.6733 
 110 74 119 97 53 0.6676 
 221 302 239 325 53 0.6673 
 335 296 352 318 53 0.652 
 206 283 232 301 53 0.647 
 646 198 668 216 53 0.6403 
 565 350 602 384 53 0.6318 
 367 47 403 80 53 0.625 
 68 156 87 185 53 0.6242 
 155 15 187 40 53 0.6235 
 590 422 624 444 53 0.6226 
 292 263 305 286 53 0.6203 
 669 471 699 496 53 0.6167 
 679 254 704 288 53 0.6133 
 541 165 551 186 53 0.613 
 491 525 528 556 53 0.6123 
 197 56 219 73 53 0.5969 
 107 248 130 271 53 0.5857 
 287 601 324 630 53 0.5796 
 126 667 155 694 53 0.5725 
 0 258 29 284 53 0.5708 
 142 17 170 41 53 0.5698 
 152 184 173 201 53 0.5695 
 137 79 163 106 53 0.5566 
 116 105 137 130 53 0.5479 
 266 147 288 173 53 0.5456 
 427 192 459 221 53 0.543 
 510 600 543 625 53 0.543 
 355 576 381 608 53 0.5391 
 289 265 327 294 53 0.5381 
 9 560 37 580 53 0.5322 
 121 111 149 139 53 0.5273 
 6 534 45 566 53 0.5264 
 615 269 632 285 53 0.5137 
 324 129 356 149 53 0.5127 
 677 628 704 657 53 0.5117 
 245 644 275 677 53 0.5098 
 451 644 474 673 53 0.5056 
 430 194 449 217 53 0.5049 
 53 509 79 535 53 0.4961 
 560 328 584 350 53 0.4873 
 104 73 124 99 53 0.4805 
 315 653 342 678 53 0.4648 
 316 173 351 199 53 0.4534 
 295 224 329 243 53 0.4436 
 489 72 507 90 53 0.4321 
 448 66 470 87 53 0.4156 
 63 512 92 539 53 0.4111 
 24 372 39 390 53 0.4072 
 430 338 462 365 53 0.3757 
 514 0 542 15 53 0.3738 
 586 200 618 223 53 0.3738 
 485 73 517 93 53 0.363 
 74 339 95 357 53 0.3548 
 75 518 94 538 53 0.3496 
 96 11 115 29 53 0.3408 
 583 0 606 22 53 0.3398 
 575 97 595 124 53 0.3293 
 577 241 612 272 53 0.3081 
 578 484 613 518 53 0.3066 
 166 436 180 453 53 0.3048 
 358 579 375 597 53 0.2959 
 88 235 103 253 53 0.272 
 651 626 677 652 53 0.2605 
 617 449 646 475 53 0.2561 
 20 448 46 467 53 0.2546 
