484 278 521 310 53 0.8433 
 376 219 408 249 53 0.8105 
 537 288 575 321 53 0.8042 
 167 58 204 92 53 0.7969 
 613 363 646 393 53 0.7877 
 194 290 225 321 53 0.7808 
 133 305 168 336 53 0.7754 
 362 179 394 207 53 0.7705 
 253 218 287 254 53 0.7686 
 243 170 280 203 53 0.7682 
 408 119 446 150 53 0.7578 
 486 177 522 204 53 0.7578 
 73 56 110 89 53 0.7531 
 461 48 497 79 53 0.7319 
 637 185 676 221 53 0.7301 
 460 295 493 325 53 0.728 
 614 454 650 487 53 0.7266 
 458 363 487 389 53 0.7168 
 435 493 470 526 53 0.7114 
 502 512 538 544 53 0.7041 
 538 261 568 290 53 0.7017 
 132 367 163 398 53 0.7017 
 166 1 197 27 53 0.7002 
 314 464 349 494 53 0.6978 
 552 184 589 216 53 0.6974 
 592 227 627 256 53 0.6826 
 434 22 469 53 53 0.6621 
 0 462 22 494 53 0.6564 
 435 179 468 209 53 0.6558 
 538 387 567 416 53 0.646 
 151 471 185 499 53 0.6416 
 172 99 196 118 53 0.6372 
 432 618 461 649 53 0.6362 
 249 321 287 351 53 0.6353 
 188 251 221 277 53 0.6318 
 215 24 249 57 53 0.6235 
 295 251 325 281 53 0.6187 
 346 128 383 162 53 0.6177 
 411 450 442 478 53 0.6162 
 196 414 232 443 53 0.6152 
 652 325 689 355 53 0.6084 
 148 184 175 206 53 0.5991 
 98 140 125 169 53 0.5947 
 85 186 114 211 53 0.5947 
 384 455 419 484 53 0.5728 
 618 145 652 176 53 0.5649 
 601 298 634 325 53 0.5527 
 355 324 391 355 53 0.5332 
 620 524 646 552 53 0.5234 
 641 580 676 612 53 0.4639 
 79 262 116 290 53 0.4417 
 693 483 702 513 53 0.4026 
 604 555 638 586 53 0.3684 
 339 77 365 104 53 0.3604 
 544 513 572 540 53 0.353 
 649 611 683 642 53 0.3074 
 538 604 576 633 53 0.3025 
 54 56 72 78 53 0.3008 
 109 187 124 212 53 0.2783 
