405 421 441 454 53 0.7944 
 606 305 637 338 53 0.7789 
 485 401 515 428 53 0.7773 
 105 491 131 524 53 0.7642 
 501 423 531 447 53 0.7529 
 443 350 473 375 53 0.728 
 648 564 674 589 53 0.6699 
 334 319 364 342 53 0.6646 
 430 516 457 542 53 0.6611 
 393 389 427 417 53 0.6577 
 417 342 440 364 53 0.6558 
 293 438 323 464 53 0.6523 
 184 365 219 398 53 0.644 
 95 364 126 388 53 0.6396 
 205 394 235 421 53 0.625 
 84 282 113 307 53 0.6196 
 421 543 448 569 53 0.6143 
 60 493 85 519 53 0.6071 
 641 630 667 657 53 0.6018 
 359 261 388 289 53 0.5879 
 463 328 494 351 53 0.582 
 385 499 405 521 53 0.5793 
 628 221 649 248 53 0.5774 
 654 643 684 668 53 0.561 
 578 279 612 305 53 0.5566 
 335 486 369 513 53 0.5439 
 498 203 531 234 53 0.5342 
 519 41 544 66 53 0.5154 
 161 479 186 505 53 0.5066 
 691 500 703 520 53 0.4998 
 689 550 703 566 53 0.4883 
 373 218 401 243 53 0.4775 
 12 71 46 98 53 0.4756 
 689 656 703 678 53 0.4688 
 484 115 513 137 53 0.4397 
 40 322 60 347 53 0.4292 
 678 367 700 391 53 0.4226 
 578 43 604 73 53 0.384 
 595 341 620 360 53 0.3829 
 500 524 539 557 53 0.3784 
 604 587 633 616 53 0.3577 
 175 0 196 12 53 0.3459 
 591 189 615 209 53 0.3441 
 545 42 571 71 53 0.3276 
 138 358 168 385 53 0.2966 
 592 663 625 692 53 0.2966 
 166 2 200 16 53 0.2949 
 385 151 421 176 53 0.2651 
 131 24 167 48 53 0.2637 
