620 415 650 442 53 0.8623 
 184 109 219 144 53 0.8511 
 408 326 444 355 53 0.8491 
 398 260 436 294 53 0.8428 
 166 277 203 308 53 0.8389 
 263 316 295 341 53 0.8389 
 230 261 263 292 53 0.8374 
 213 195 250 224 53 0.8364 
 150 135 187 166 53 0.8335 
 410 463 443 496 53 0.8335 
 325 109 365 144 53 0.832 
 630 289 668 323 53 0.8257 
 162 49 201 82 53 0.8232 
 128 216 169 249 53 0.8188 
 326 523 357 555 53 0.8174 
 97 90 135 126 53 0.8154 
 541 149 571 183 53 0.8154 
 466 340 503 374 53 0.8154 
 491 274 537 308 53 0.8145 
 403 496 440 529 53 0.8145 
 554 322 593 359 53 0.814 
 590 44 626 76 53 0.8115 
 556 107 601 147 53 0.8062 
 307 274 343 307 53 0.8057 
 372 225 407 253 53 0.7944 
 589 598 629 632 53 0.792 
 291 260 320 292 53 0.7905 
 154 98 188 130 53 0.7891 
 186 204 218 234 53 0.7866 
 278 603 311 632 53 0.7843 
 341 74 375 105 53 0.7838 
 455 1 485 30 53 0.7788 
 218 1 258 33 53 0.7759 
 411 659 447 689 53 0.7759 
 101 10 137 41 53 0.7682 
 152 0 190 25 53 0.7676 
 523 502 561 538 53 0.7633 
 11 0 46 26 53 0.7622 
 366 90 393 119 53 0.7594 
 261 243 287 266 53 0.7574 
 210 77 243 110 53 0.7568 
 614 569 648 598 53 0.7544 
 434 140 475 168 53 0.7529 
 346 258 377 289 53 0.7432 
 264 63 295 95 53 0.7432 
 380 176 407 206 53 0.7418 
 343 525 382 561 53 0.7378 
 629 192 668 221 53 0.7349 
 235 87 262 117 53 0.7321 
 552 512 590 543 53 0.7231 
 667 130 703 160 53 0.7148 
 529 213 563 246 53 0.7139 
 213 239 237 271 53 0.7135 
 77 96 102 126 53 0.708 
 644 360 676 389 53 0.7017 
 504 108 540 136 53 0.6826 
 253 574 282 609 53 0.6807 
 655 635 691 668 53 0.6792 
 188 574 231 612 53 0.6724 
 384 464 418 493 53 0.667 
 326 256 351 285 53 0.6636 
 562 414 582 435 53 0.6633 
 432 216 465 241 53 0.6602 
 460 571 488 605 53 0.6533 
 555 538 587 559 53 0.6514 
 257 284 285 311 53 0.647 
 269 103 297 126 53 0.6374 
 175 386 208 414 53 0.6343 
 468 648 507 676 53 0.6143 
 500 620 536 655 53 0.605 
 605 194 635 222 53 0.603 
 542 614 579 645 53 0.6001 
 684 661 703 690 53 0.5905 
 398 648 420 683 53 0.5747 
 568 566 603 595 53 0.5557 
 425 31 464 62 53 0.5381 
 312 640 350 673 53 0.5322 
 286 219 314 250 53 0.5254 
 380 501 406 527 53 0.5107 
 653 126 669 149 53 0.4951 
 575 408 598 434 53 0.4893 
 680 609 703 643 53 0.4834 
 445 0 463 16 53 0.4736 
 562 216 577 238 53 0.4648 
 638 135 670 166 53 0.4358 
 689 325 704 348 53 0.4302 
 606 630 628 652 53 0.4148 
 621 666 633 692 53 0.4043 
 245 198 264 222 53 0.3948 
 683 312 704 351 53 0.3867 
 581 628 617 654 53 0.3867 
 619 497 644 517 53 0.3381 
 630 687 667 703 53 0.3286 
 394 0 416 18 53 0.3149 
 524 108 547 138 53 0.3091 
 406 466 446 526 53 0.3091 
 468 571 504 606 53 0.3066 
 622 530 649 553 53 0.3015 
 576 390 601 415 53 0.2837 
 689 627 703 659 53 0.2822 
 185 585 209 613 53 0.2766 
 507 168 530 189 53 0.2751 
 561 0 579 17 53 0.2576 
 538 127 585 182 53 0.2573 
 315 227 334 250 53 0.2502 
