223 142 247 167 53 0.7565 
 82 430 108 455 53 0.7358 
 491 478 521 505 53 0.731 
 255 20 274 44 53 0.7202 
 70 46 94 71 53 0.7086 
 233 7 251 33 53 0.7077 
 250 0 269 25 53 0.6964 
 516 485 534 513 53 0.6745 
 627 11 653 38 53 0.6741 
 321 644 343 674 53 0.6574 
 267 2 289 25 53 0.6533 
 274 59 296 81 53 0.6286 
 375 225 401 247 53 0.6247 
 115 74 138 96 53 0.6149 
 92 38 116 63 53 0.6037 
 95 4 123 30 53 0.5898 
 389 192 413 213 53 0.584 
 210 295 239 317 53 0.5537 
 201 516 226 544 53 0.5479 
 217 3 234 28 53 0.5398 
 448 507 470 533 53 0.532 
 372 213 404 242 53 0.5154 
 104 425 120 447 53 0.502 
 233 3 266 28 53 0.4678 
 131 73 153 101 53 0.458 
 23 562 50 587 53 0.4514 
 231 584 255 611 53 0.4475 
 532 53 559 76 53 0.4436 
 540 571 568 606 53 0.4377 
 500 559 517 585 53 0.4282 
 142 182 167 204 53 0.4121 
 317 47 341 64 53 0.3997 
 210 233 247 253 53 0.385 
 514 559 534 586 53 0.3657 
 87 2 107 21 53 0.363 
 216 7 252 27 53 0.3486 
 514 415 536 432 53 0.3485 
 103 411 127 429 53 0.3477 
 377 211 401 231 53 0.3469 
 513 21 536 45 53 0.3468 
 405 172 435 194 53 0.3452 
 464 517 494 542 53 0.3433 
 295 104 322 125 53 0.3191 
 247 502 272 527 53 0.3149 
 354 165 372 184 53 0.3015 
 0 84 23 115 53 0.2903 
 527 600 555 624 53 0.2805 
 487 101 512 121 53 0.269 
 513 85 532 105 53 0.2517 
 100 415 126 440 53 0.251 
