282 4 315 33 53 0.8491 
 413 248 443 274 53 0.8408 
 551 142 586 174 53 0.8364 
 485 307 515 333 53 0.8306 
 29 382 62 411 53 0.8276 
 417 304 440 333 53 0.8267 
 89 1 117 26 53 0.8174 
 386 224 416 250 53 0.8121 
 316 0 345 26 53 0.8105 
 170 379 200 404 53 0.8105 
 167 321 202 348 53 0.8091 
 521 579 553 608 53 0.8066 
 50 244 86 267 53 0.8062 
 462 393 493 421 53 0.8048 
 392 568 428 607 53 0.8042 
 68 372 100 398 53 0.8008 
 152 429 178 456 53 0.7989 
 567 0 598 31 53 0.7944 
 564 640 597 670 53 0.7882 
 502 290 529 314 53 0.7765 
 444 24 477 53 53 0.7759 
 303 471 328 502 53 0.775 
 215 2 245 25 53 0.7661 
 426 0 464 20 53 0.7642 
 594 40 633 75 53 0.7633 
 296 180 327 204 53 0.7598 
 214 282 245 310 53 0.7568 
 348 513 382 542 53 0.75 
 353 378 369 404 53 0.7461 
 97 156 127 180 53 0.7456 
 641 211 672 235 53 0.7438 
 684 408 704 439 53 0.7422 
 674 516 704 555 53 0.7402 
 261 508 299 533 53 0.7388 
 19 441 43 466 53 0.7358 
 546 625 576 653 53 0.7301 
 337 664 367 689 53 0.7295 
 356 79 379 104 53 0.7271 
 35 133 65 158 53 0.7271 
 557 504 586 531 53 0.7266 
 635 476 673 501 53 0.7251 
 0 373 19 399 53 0.7184 
 0 214 16 239 53 0.7125 
 0 155 25 183 53 0.7111 
 240 285 262 311 53 0.7086 
 552 673 576 696 53 0.6955 
 258 0 290 17 53 0.6909 
 22 162 44 190 53 0.6885 
 572 178 608 202 53 0.6885 
 545 15 571 42 53 0.6733 
 105 455 133 481 53 0.6714 
 123 418 146 443 53 0.6611 
 255 597 289 621 53 0.6533 
 242 84 269 106 53 0.6523 
 677 325 703 346 53 0.6514 
 397 0 432 15 53 0.6377 
 433 347 453 368 53 0.6266 
 94 615 126 642 53 0.6113 
 246 381 271 401 53 0.5969 
 43 372 62 390 53 0.5925 
 135 602 167 630 53 0.5767 
 594 669 623 695 53 0.562 
 382 422 402 448 53 0.5195 
 97 359 114 382 53 0.5176 
 446 535 479 561 53 0.5039 
 343 630 370 657 53 0.5 
 571 611 597 630 53 0.4912 
 692 643 704 670 53 0.4902 
 346 60 368 83 53 0.4844 
 279 489 304 510 53 0.4763 
 19 374 34 393 53 0.4724 
 461 10 485 29 53 0.4717 
 580 571 606 590 53 0.4697 
 88 625 117 651 53 0.4697 
 531 134 552 157 53 0.4646 
 626 652 645 680 53 0.4619 
 3 347 23 373 53 0.4465 
 548 626 592 663 53 0.4312 
 602 297 626 317 53 0.4185 
 663 419 686 440 53 0.3857 
 468 421 482 439 53 0.3857 
 212 513 236 535 53 0.332 
 258 321 270 340 53 0.3269 
 69 599 97 624 53 0.3115 
 532 621 551 640 53 0.3048 
 361 2 382 19 53 0.2965 
 365 493 382 510 53 0.2804 
