150 384 184 415 53 0.8457 
 270 410 310 445 53 0.8414 
 199 112 237 144 53 0.8413 
 338 515 376 551 53 0.8408 
 118 394 157 424 53 0.8335 
 599 503 637 537 53 0.8267 
 528 619 563 653 53 0.8262 
 253 436 283 466 53 0.8232 
 48 590 83 623 53 0.8169 
 140 660 174 692 53 0.8164 
 439 178 474 211 53 0.814 
 108 276 137 301 53 0.814 
 285 387 318 418 53 0.8115 
 64 407 100 440 53 0.8111 
 137 32 174 64 53 0.8076 
 331 587 361 618 53 0.8062 
 365 537 403 569 53 0.8048 
 233 7 265 38 53 0.8018 
 358 602 391 630 53 0.8003 
 490 519 524 549 53 0.7905 
 593 552 631 584 53 0.7773 
 449 43 478 72 53 0.7661 
 520 671 550 700 53 0.7622 
 456 21 484 54 53 0.7476 
 136 429 162 448 53 0.7441 
 496 543 535 574 53 0.7418 
 43 403 66 431 53 0.7358 
 107 667 144 700 53 0.7227 
 464 191 495 222 53 0.7168 
 404 72 437 102 53 0.7148 
 161 600 201 632 53 0.6958 
 66 627 103 656 53 0.6885 
 32 613 66 644 53 0.687 
 252 585 291 617 53 0.6514 
 501 571 535 596 53 0.646 
 424 623 459 654 53 0.644 
 528 228 563 256 53 0.6143 
 309 1 343 18 53 0.6074 
 346 247 378 278 53 0.5757 
 178 513 202 543 53 0.5725 
 77 542 112 580 53 0.5718 
 341 161 373 187 53 0.5669 
 395 26 427 52 53 0.5029 
 1 483 12 508 53 0.499 
 639 47 672 77 53 0.4426 
 200 468 229 494 53 0.4216 
 238 670 267 703 53 0.397 
 656 571 685 594 53 0.3293 
