426 206 461 234 53 0.8301 
 509 7 536 35 53 0.8131 
 293 353 322 382 53 0.8033 
 450 11 479 39 53 0.7999 
 233 70 262 95 53 0.7959 
 572 192 602 219 53 0.7906 
 581 128 616 157 53 0.7891 
 241 42 275 67 53 0.7881 
 527 53 558 80 53 0.7842 
 445 132 476 159 53 0.7759 
 237 129 267 155 53 0.771 
 474 314 507 341 53 0.7583 
 474 243 507 270 53 0.7568 
 196 290 222 314 53 0.7472 
 158 362 183 390 53 0.7374 
 471 280 501 310 53 0.731 
 437 189 465 210 53 0.7202 
 55 11 88 37 53 0.7178 
 264 361 290 386 53 0.7145 
 276 47 305 77 53 0.7104 
 239 0 268 19 53 0.7056 
 403 365 437 392 53 0.7041 
 112 537 141 568 53 0.6968 
 24 476 59 499 53 0.6953 
 366 37 392 62 53 0.6896 
 335 159 356 185 53 0.6745 
 678 146 703 167 53 0.6582 
 181 364 202 395 53 0.6538 
 490 297 522 324 53 0.6538 
 683 241 703 269 53 0.6535 
 372 99 392 124 53 0.651 
 0 300 25 326 53 0.6504 
 270 179 288 203 53 0.645 
 306 299 336 325 53 0.6333 
 210 373 235 401 53 0.6296 
 295 130 315 154 53 0.6247 
 408 103 430 126 53 0.6242 
 556 465 585 493 53 0.6152 
 424 5 450 26 53 0.5962 
 176 39 203 59 53 0.5935 
 159 492 184 518 53 0.5925 
 653 138 678 162 53 0.5708 
 389 0 399 17 53 0.5705 
 206 400 233 419 53 0.5698 
 8 200 43 228 53 0.562 
 416 35 437 55 53 0.5557 
 374 308 403 330 53 0.5488 
 97 395 121 420 53 0.5456 
 435 22 461 41 53 0.5381 
 364 137 389 165 53 0.5352 
 490 11 507 32 53 0.529 
 438 86 462 110 53 0.5234 
 32 0 54 21 53 0.5222 
 278 348 302 373 53 0.5 
 273 133 299 159 53 0.4978 
 351 273 380 296 53 0.4961 
 155 540 180 570 53 0.4922 
 616 157 643 186 53 0.49 
 568 9 594 29 53 0.4854 
 351 351 368 377 53 0.4834 
 618 421 656 448 53 0.4805 
 424 574 455 603 53 0.4697 
 673 76 699 102 53 0.459 
 269 309 302 333 53 0.4534 
 135 156 166 181 53 0.4524 
 692 384 703 409 53 0.4483 
 618 232 639 252 53 0.4405 
 144 478 160 500 53 0.4351 
 210 7 230 25 53 0.43 
 402 220 420 240 53 0.4272 
 646 161 661 183 53 0.4261 
 354 180 372 199 53 0.4224 
 567 62 596 90 53 0.4167 
 663 112 684 133 53 0.4131 
 574 263 595 279 53 0.4092 
 502 408 533 431 53 0.4072 
 685 308 704 330 53 0.4016 
 581 415 601 444 53 0.3914 
 334 0 348 14 53 0.3767 
 423 340 449 361 53 0.3701 
 122 578 154 603 53 0.3701 
 381 1 404 18 53 0.363 
 76 0 96 16 53 0.3582 
 610 497 645 523 53 0.3567 
 535 470 560 500 53 0.353 
 448 89 471 106 53 0.3496 
 318 5 350 33 53 0.3442 
 676 0 687 12 53 0.3364 
 464 44 485 57 53 0.3364 
 445 367 469 390 53 0.3303 
 619 205 646 225 53 0.3293 
 526 327 555 354 53 0.3242 
 324 113 338 126 53 0.3167 
 685 7 701 29 53 0.2997 
 284 200 295 213 53 0.2991 
 149 47 169 70 53 0.2925 
 370 536 405 563 53 0.2837 
 275 334 296 351 53 0.2814 
 566 171 583 189 53 0.2789 
 603 631 622 656 53 0.2783 
 257 381 272 397 53 0.2751 
 215 580 247 601 53 0.2568 
 423 24 456 46 53 0.2524 
