277 326 308 358 53 0.8579 
 48 215 81 242 53 0.832 
 549 179 582 208 53 0.8271 
 645 165 681 195 53 0.8257 
 505 411 537 447 53 0.8223 
 391 638 426 667 53 0.8188 
 232 261 264 286 53 0.8184 
 466 405 505 436 53 0.8125 
 408 292 442 321 53 0.8062 
 360 403 395 431 53 0.8037 
 159 318 189 343 53 0.8008 
 409 411 438 437 53 0.7999 
 443 444 475 469 53 0.7969 
 164 230 196 253 53 0.7944 
 568 199 606 229 53 0.7861 
 184 213 209 235 53 0.7852 
 327 57 367 87 53 0.7789 
 615 61 645 94 53 0.7773 
 178 47 213 75 53 0.7676 
 458 531 478 556 53 0.7618 
 238 288 255 312 53 0.7605 
 81 307 109 330 53 0.7598 
 214 252 238 278 53 0.7457 
 363 220 396 244 53 0.7378 
 667 486 704 518 53 0.7369 
 538 460 571 491 53 0.7358 
 540 492 571 519 53 0.7266 
 335 469 359 492 53 0.7252 
 404 513 436 539 53 0.7148 
 297 259 322 285 53 0.709 
 51 384 83 415 53 0.709 
 114 19 134 43 53 0.6964 
 364 288 389 314 53 0.6802 
 683 168 704 199 53 0.6758 
 515 373 547 399 53 0.6665 
 193 350 221 378 53 0.6623 
 524 303 549 325 53 0.6618 
 564 1 608 18 53 0.6611 
 624 349 655 383 53 0.6523 
 466 483 494 507 53 0.647 
 304 325 322 350 53 0.6437 
 399 406 416 431 53 0.6429 
 521 674 553 701 53 0.6396 
 487 222 509 251 53 0.634 
 0 177 20 202 53 0.6187 
 520 403 547 429 53 0.6133 
 609 620 647 648 53 0.604 
 316 446 348 473 53 0.5698 
 88 466 125 493 53 0.5669 
 38 45 76 74 53 0.5659 
 467 353 495 383 53 0.563 
 0 422 25 449 53 0.5581 
 556 224 579 247 53 0.5463 
 452 386 486 408 53 0.5029 
 523 582 556 606 53 0.499 
 450 306 470 330 53 0.4961 
 115 399 137 420 53 0.488 
 168 213 186 233 53 0.4873 
 434 434 451 462 53 0.4814 
 303 466 336 491 53 0.4766 
 692 67 703 95 53 0.46 
 56 448 77 468 53 0.4053 
 427 199 461 221 53 0.3604 
 28 58 53 86 53 0.3235 
 553 180 597 220 53 0.3184 
 307 543 343 572 53 0.2998 
 592 191 610 212 53 0.2644 
 489 350 507 375 53 0.2622 
 308 452 346 487 53 0.259 
 34 488 52 509 53 0.2568 
