562 480 596 520 53 0.879 
 320 0 371 39 53 0.8574 
 188 187 232 233 53 0.853 
 477 26 526 78 53 0.8496 
 540 393 589 442 53 0.8447 
 582 73 627 127 53 0.8418 
 411 44 459 94 53 0.8408 
 544 222 582 266 53 0.8398 
 82 470 125 509 53 0.8355 
 606 586 655 633 53 0.8354 
 128 87 185 150 53 0.835 
 644 257 685 292 53 0.834 
 446 408 497 466 53 0.8311 
 227 206 276 258 53 0.8301 
 364 657 410 702 53 0.8291 
 279 56 310 94 53 0.8276 
 124 460 171 505 53 0.8267 
 579 635 628 682 53 0.8262 
 322 587 375 638 53 0.8252 
 203 144 251 192 53 0.8242 
 235 33 280 74 53 0.8218 
 21 41 60 84 53 0.8193 
 510 195 557 241 53 0.8159 
 367 387 407 432 53 0.8154 
 326 120 378 174 53 0.8135 
 559 419 605 466 53 0.8066 
 82 182 132 234 53 0.8037 
 18 246 76 300 53 0.8003 
 95 635 144 671 53 0.7993 
 258 283 299 320 53 0.7988 
 424 661 463 704 53 0.7974 
 388 253 432 291 53 0.7974 
 318 245 365 293 53 0.7969 
 282 355 325 404 53 0.7969 
 367 615 405 656 53 0.793 
 407 326 455 373 53 0.791 
 518 100 574 156 53 0.7852 
 313 67 360 112 53 0.7832 
 383 55 413 92 53 0.7827 
 196 647 229 683 53 0.7798 
 512 273 552 306 53 0.7788 
 520 502 555 546 53 0.7759 
 313 175 347 217 53 0.7759 
 195 539 241 581 53 0.7725 
 279 181 317 219 53 0.7705 
 625 676 664 702 53 0.7642 
 29 206 55 239 53 0.7578 
 464 604 504 642 53 0.7549 
 119 569 165 611 53 0.7485 
 90 111 129 146 53 0.7476 
 623 266 653 297 53 0.7457 
 212 484 266 537 53 0.7393 
 438 451 465 478 53 0.7388 
 0 109 23 140 53 0.7378 
 247 516 274 551 53 0.7335 
 572 214 641 284 53 0.7295 
 319 452 345 492 53 0.7266 
 196 20 238 51 53 0.7266 
 622 319 651 348 53 0.7174 
 404 594 443 617 53 0.7148 
 219 624 267 662 53 0.7139 
 144 200 170 227 53 0.7086 
 537 500 575 538 53 0.7065 
 566 660 588 689 53 0.6964 
 0 248 19 295 53 0.6953 
 477 278 520 312 53 0.6699 
 61 428 89 458 53 0.6646 
 660 619 700 648 53 0.6167 
 601 323 641 355 53 0.6152 
 386 466 410 494 53 0.584 
 58 48 87 81 53 0.5698 
 247 394 289 436 53 0.5586 
 449 481 486 524 53 0.5557 
 340 354 370 386 53 0.5361 
 84 434 116 462 53 0.5205 
 306 153 337 182 53 0.5137 
 394 1 412 20 53 0.4949 
 483 221 517 248 53 0.4902 
 439 491 469 521 53 0.4802 
 170 500 193 522 53 0.4783 
 282 177 348 223 53 0.4668 
 179 117 202 143 53 0.4617 
 405 671 432 701 53 0.4312 
 62 203 84 236 53 0.3914 
 131 136 150 158 53 0.3829 
 462 491 484 521 53 0.3523 
 192 19 266 62 53 0.3416 
 350 322 390 344 53 0.314 
 165 422 206 447 53 0.2917 
 541 93 576 110 53 0.2791 
 289 537 306 557 53 0.2737 
 145 327 170 348 53 0.2659 
 390 576 420 593 53 0.2659 
