626 436 655 465 53 0.8531 
 213 354 249 381 53 0.8193 
 70 412 92 442 53 0.8131 
 352 109 381 134 53 0.813 
 625 48 658 79 53 0.8086 
 497 219 532 246 53 0.8058 
 248 384 276 415 53 0.8037 
 248 45 278 73 53 0.8018 
 111 360 139 386 53 0.7993 
 597 427 630 454 53 0.7974 
 162 405 185 426 53 0.7956 
 369 405 402 437 53 0.7842 
 453 448 482 476 53 0.7842 
 621 146 656 180 53 0.7773 
 318 47 348 75 53 0.7744 
 120 508 150 532 53 0.7661 
 365 650 390 690 53 0.7618 
 598 253 627 279 53 0.7607 
 563 391 596 421 53 0.7583 
 175 358 196 392 53 0.7579 
 219 395 252 422 53 0.7578 
 541 165 567 192 53 0.7574 
 477 0 516 21 53 0.7559 
 515 18 551 42 53 0.7559 
 366 331 398 356 53 0.7529 
 335 89 365 113 53 0.7505 
 398 115 425 144 53 0.7505 
 476 161 503 191 53 0.749 
 160 385 184 407 53 0.7482 
 150 596 179 619 53 0.7446 
 194 608 226 638 53 0.7402 
 279 20 297 41 53 0.7389 
 549 291 574 317 53 0.7277 
 307 2 343 21 53 0.7256 
 621 73 645 100 53 0.7208 
 294 286 327 314 53 0.7163 
 409 389 435 414 53 0.7111 
 170 548 194 576 53 0.7107 
 510 268 546 292 53 0.7026 
 127 30 152 55 53 0.7023 
 508 300 540 329 53 0.686 
 195 350 214 375 53 0.6769 
 157 21 186 46 53 0.6768 
 410 275 448 302 53 0.6636 
 154 465 181 493 53 0.6621 
 415 300 444 328 53 0.6567 
 521 389 547 414 53 0.6514 
 518 544 551 574 53 0.6377 
 496 494 521 526 53 0.6359 
 187 472 208 499 53 0.6306 
 429 330 452 356 53 0.627 
 530 119 552 145 53 0.6203 
 583 486 613 512 53 0.6069 
 360 306 382 330 53 0.6066 
 577 154 599 182 53 0.5962 
 594 234 619 255 53 0.5935 
 77 516 103 537 53 0.5827 
 556 248 582 272 53 0.582 
 397 190 418 217 53 0.5571 
 243 419 274 445 53 0.5566 
 516 154 544 179 53 0.54 
 261 417 285 442 53 0.5391 
 101 432 120 458 53 0.5359 
 376 182 402 205 53 0.5312 
 685 524 704 556 53 0.5293 
 485 281 517 309 53 0.5234 
 597 39 624 67 53 0.5166 
 200 641 229 664 53 0.5107 
 386 436 410 458 53 0.4998 
 453 263 473 287 53 0.4995 
 335 376 353 403 53 0.4941 
 508 374 534 398 53 0.4912 
 447 102 470 126 53 0.4873 
 224 521 255 547 53 0.4844 
 40 636 71 661 53 0.4688 
 156 363 181 388 53 0.4678 
 408 213 428 239 53 0.4648 
 184 3 200 24 53 0.4636 
 422 5 445 25 53 0.4609 
 619 238 641 268 53 0.4522 
 401 226 422 244 53 0.4504 
 631 509 665 536 53 0.4446 
 674 423 703 452 53 0.4351 
 92 498 123 525 53 0.4272 
 463 475 480 494 53 0.4177 
 463 137 490 160 53 0.4045 
 643 224 673 249 53 0.4036 
 209 559 233 577 53 0.3609 
 637 389 647 411 53 0.3594 
 551 70 578 99 53 0.3557 
 230 657 254 684 53 0.354 
 328 67 348 86 53 0.3513 
 397 205 413 229 53 0.3496 
 600 66 627 95 53 0.3477 
 384 464 409 486 53 0.3431 
 447 20 477 46 53 0.3425 
 529 87 542 105 53 0.3311 
 344 489 362 513 53 0.3286 
 243 344 260 361 53 0.3201 
 288 290 306 316 53 0.3108 
 406 88 420 109 53 0.3106 
 424 470 451 494 53 0.3098 
 171 504 200 526 53 0.3057 
 64 519 76 534 53 0.3055 
 588 305 598 325 53 0.2917 
 328 686 353 704 53 0.291 
 657 343 675 368 53 0.2878 
 249 661 281 689 53 0.2822 
 322 477 348 508 53 0.2735 
 176 645 203 668 53 0.2727 
 435 532 464 564 53 0.2705 
 174 514 195 530 53 0.2539 
