22 348 62 390 53 0.7114 
 355 402 384 432 53 0.6982 
 62 437 96 462 53 0.6216 
 379 378 413 406 53 0.6094 
 4 329 46 363 53 0.6021 
 444 148 468 170 53 0.5659 
 652 84 684 113 53 0.562 
 620 260 653 283 53 0.5215 
 571 202 593 227 53 0.5186 
 555 422 582 447 53 0.5127 
 46 518 65 542 53 0.5085 
 19 501 47 526 53 0.5 
 4 312 41 345 53 0.4922 
 629 228 657 252 53 0.4902 
 42 479 71 510 53 0.4707 
 436 197 461 218 53 0.4697 
 435 307 453 332 53 0.4292 
 23 479 52 517 53 0.4045 
 450 318 475 349 53 0.3941 
 634 99 654 119 53 0.3657 
 188 415 204 432 53 0.3619 
 11 436 34 459 53 0.3555 
 344 520 382 549 53 0.3442 
 262 157 292 182 53 0.3425 
 520 353 538 375 53 0.3408 
 88 509 114 536 53 0.3286 
 326 389 357 413 53 0.3174 
 57 75 78 98 53 0.3157 
 28 409 49 431 53 0.2822 
 627 352 659 379 53 0.2766 
 490 309 515 335 53 0.2727 
 100 380 124 408 53 0.2672 
 536 16 557 36 53 0.2612 
