154 306 187 336 53 0.8389 
 279 400 314 429 53 0.8208 
 476 47 507 77 53 0.818 
 589 60 614 89 53 0.8121 
 579 34 608 58 53 0.796 
 630 116 658 141 53 0.7925 
 345 294 376 328 53 0.792 
 431 59 457 90 53 0.7897 
 406 175 435 204 53 0.7842 
 161 85 191 114 53 0.7828 
 132 166 164 197 53 0.7798 
 10 440 36 470 53 0.7793 
 59 67 92 93 53 0.7769 
 60 417 86 441 53 0.7765 
 48 497 80 522 53 0.7759 
 161 155 187 185 53 0.7735 
 507 44 533 70 53 0.7672 
 559 272 593 304 53 0.7642 
 649 241 684 271 53 0.7627 
 210 11 240 44 53 0.7618 
 236 43 261 73 53 0.7618 
 578 112 603 137 53 0.7507 
 22 246 44 270 53 0.7501 
 569 81 595 110 53 0.7496 
 152 70 172 96 53 0.7428 
 654 112 672 138 53 0.7428 
 59 230 77 252 53 0.7418 
 235 225 271 261 53 0.7319 
 542 281 562 306 53 0.7306 
 113 296 138 325 53 0.7252 
 165 454 192 480 53 0.7135 
 368 278 395 306 53 0.7121 
 366 102 396 124 53 0.7026 
 86 421 113 445 53 0.6943 
 83 622 118 656 53 0.6851 
 27 221 59 248 53 0.6782 
 6 480 27 506 53 0.6779 
 662 289 694 316 53 0.6689 
 156 573 182 598 53 0.668 
 69 284 96 307 53 0.6667 
 435 35 462 63 53 0.6592 
 324 34 349 63 53 0.6514 
 385 32 418 66 53 0.6436 
 120 533 147 553 53 0.6432 
 551 198 576 220 53 0.6416 
 355 520 386 549 53 0.6396 
 385 550 402 577 53 0.634 
 108 350 137 380 53 0.6289 
 649 348 666 380 53 0.6247 
 250 380 274 410 53 0.6245 
 124 211 145 229 53 0.6235 
 34 445 57 469 53 0.6223 
 287 377 314 402 53 0.6133 
 250 334 270 358 53 0.613 
 246 396 273 422 53 0.6091 
 388 529 412 552 53 0.6084 
 615 354 647 379 53 0.604 
 53 111 79 139 53 0.5815 
 275 426 306 457 53 0.5786 
 146 337 188 356 53 0.5737 
 0 133 15 159 53 0.5718 
 327 268 351 296 53 0.5676 
 222 651 258 680 53 0.564 
 298 144 331 167 53 0.562 
 106 346 136 366 53 0.5601 
 4 0 26 20 53 0.5527 
 35 450 75 479 53 0.5498 
 111 168 136 197 53 0.5495 
 507 2 545 22 53 0.5479 
 622 104 637 127 53 0.5466 
 170 79 194 105 53 0.5459 
 652 96 672 117 53 0.5388 
 173 620 207 648 53 0.5352 
 126 555 150 577 53 0.5322 
 77 494 102 516 53 0.5303 
 181 117 224 148 53 0.5273 
 474 92 495 111 53 0.5007 
 202 7 216 28 53 0.4893 
 469 668 491 688 53 0.4844 
 256 317 277 342 53 0.4824 
 134 612 169 639 53 0.4824 
 549 140 574 159 53 0.4717 
 273 80 304 104 53 0.4551 
 346 41 361 65 53 0.4446 
 127 480 161 509 53 0.4387 
 422 643 443 671 53 0.4351 
 322 652 352 678 53 0.4263 
 520 432 550 458 53 0.4226 
 341 19 364 51 53 0.4187 
 282 31 296 46 53 0.4102 
 99 332 114 355 53 0.4036 
 255 84 276 111 53 0.4016 
 544 421 563 450 53 0.4016 
 23 230 53 267 53 0.396 
 300 324 324 350 53 0.395 
 298 273 321 295 53 0.3804 
 229 679 255 702 53 0.3767 
 188 123 210 149 53 0.3755 
 185 469 208 496 53 0.3746 
 164 145 178 159 53 0.3667 
 317 547 344 572 53 0.3594 
 270 215 285 239 53 0.3592 
 277 232 300 254 53 0.3577 
 265 479 289 506 53 0.3486 
 324 111 350 135 53 0.3416 
 455 390 486 419 53 0.3398 
 143 568 164 594 53 0.3225 
 591 500 625 533 53 0.3184 
 105 211 119 228 53 0.3167 
 350 276 375 296 53 0.3074 
 181 119 201 141 53 0.2989 
 231 238 257 263 53 0.2959 
 158 144 184 161 53 0.2886 
 74 48 97 73 53 0.2884 
 538 576 554 600 53 0.2869 
 313 115 342 135 53 0.2854 
 506 420 527 438 53 0.2847 
 220 439 233 464 53 0.2622 
 206 171 222 191 53 0.2621 
 21 228 46 253 53 0.2576 
 322 237 341 255 53 0.2532 
 97 338 128 362 53 0.2532 
