98 65 132 104 53 0.8872 
 652 620 684 653 53 0.8438 
 490 343 524 373 53 0.8428 
 399 457 432 488 53 0.8335 
 553 86 591 123 53 0.8311 
 517 522 554 550 53 0.8297 
 264 16 300 50 53 0.8296 
 190 480 226 518 53 0.8267 
 475 309 513 341 53 0.8228 
 224 411 256 445 53 0.8198 
 419 150 461 184 53 0.8184 
 348 642 381 673 53 0.8164 
 116 161 148 195 53 0.8159 
 257 519 294 554 53 0.8155 
 280 340 318 379 53 0.8106 
 398 357 425 385 53 0.8066 
 525 388 560 418 53 0.8057 
 72 419 94 449 53 0.8048 
 0 453 28 487 53 0.8037 
 632 106 662 135 53 0.8033 
 298 451 332 480 53 0.8032 
 243 550 282 582 53 0.8013 
 565 314 603 346 53 0.8009 
 481 530 514 563 53 0.8008 
 360 462 399 495 53 0.8008 
 134 518 170 553 53 0.7926 
 455 174 486 205 53 0.7891 
 324 503 358 533 53 0.7866 
 292 610 323 641 53 0.7842 
 0 497 35 531 53 0.7812 
 146 165 167 194 53 0.777 
 293 198 330 229 53 0.769 
 547 603 576 634 53 0.7646 
 212 665 249 696 53 0.7594 
 34 59 71 86 53 0.7563 
 612 658 636 684 53 0.7443 
 485 412 511 435 53 0.7407 
 397 334 419 358 53 0.7388 
 93 150 124 180 53 0.7373 
 134 449 167 476 53 0.733 
 532 224 558 248 53 0.7217 
 130 234 153 265 53 0.7189 
 359 355 386 380 53 0.7148 
 469 288 495 320 53 0.7096 
 9 90 42 123 53 0.7065 
 591 164 622 192 53 0.7031 
 237 31 271 63 53 0.7026 
 97 634 129 670 53 0.7002 
 223 84 252 113 53 0.6971 
 38 357 70 384 53 0.6934 
 435 274 464 302 53 0.6934 
 534 411 563 437 53 0.6906 
 382 113 422 145 53 0.6895 
 209 223 255 251 53 0.6689 
 119 464 142 488 53 0.6686 
 87 23 109 47 53 0.6662 
 180 208 205 230 53 0.6538 
 8 665 43 697 53 0.6538 
 10 255 41 282 53 0.6523 
 444 622 483 656 53 0.6318 
 688 55 703 73 53 0.6206 
 52 545 94 578 53 0.6177 
 672 671 704 700 53 0.6113 
 483 221 506 254 53 0.6069 
 102 179 121 204 53 0.5898 
 257 98 286 129 53 0.5898 
 302 327 327 354 53 0.5857 
 578 517 601 539 53 0.5847 
 93 394 132 412 53 0.5747 
 137 626 170 651 53 0.5659 
 688 562 704 586 53 0.5649 
 27 487 57 517 53 0.5649 
 461 52 498 85 53 0.542 
 36 227 61 246 53 0.5293 
 282 643 310 670 53 0.5283 
 2 87 21 106 53 0.5215 
 536 666 572 694 53 0.5176 
 103 329 139 359 53 0.5127 
 348 359 363 378 53 0.5124 
 347 244 391 287 53 0.5083 
 217 83 238 109 53 0.4951 
 0 253 26 285 53 0.4893 
 670 117 700 143 53 0.4883 
 368 675 397 699 53 0.4705 
 596 603 630 628 53 0.4495 
 656 352 682 373 53 0.4185 
 1 83 30 113 53 0.4121 
 352 597 375 618 53 0.3856 
 343 356 373 379 53 0.373 
 393 343 421 379 53 0.373 
 286 536 305 562 53 0.3647 
 552 407 566 433 53 0.3584 
 547 310 566 333 53 0.3521 
 244 119 274 141 53 0.3408 
 29 666 52 694 53 0.3091 
 508 537 522 560 53 0.2959 
 244 91 265 119 53 0.2775 
 668 562 703 585 53 0.2568 
