512 299 554 336 53 0.8452 
 476 290 514 331 53 0.8403 
 299 500 345 541 53 0.836 
 553 35 601 78 53 0.834 
 514 166 560 216 53 0.8315 
 25 364 72 411 53 0.8315 
 0 546 54 597 53 0.8311 
 342 157 370 192 53 0.8306 
 126 461 172 506 53 0.8306 
 640 499 690 536 53 0.8291 
 167 235 213 280 53 0.8223 
 13 88 60 126 53 0.8169 
 3 172 49 211 53 0.8159 
 130 217 180 262 53 0.8081 
 515 30 555 64 53 0.8037 
 489 553 536 595 53 0.8013 
 413 222 451 260 53 0.8008 
 285 58 334 96 53 0.7993 
 0 474 23 516 53 0.7964 
 261 443 310 487 53 0.7964 
 434 475 476 521 53 0.7964 
 224 290 264 331 53 0.7944 
 656 212 696 245 53 0.7871 
 665 652 704 703 53 0.7822 
 446 669 489 703 53 0.7695 
 521 429 562 468 53 0.7676 
 209 85 252 123 53 0.7642 
 164 481 208 526 53 0.7627 
 313 345 366 387 53 0.7612 
 0 603 30 643 53 0.7544 
 234 363 274 403 53 0.752 
 536 362 584 406 53 0.749 
 483 472 525 519 53 0.7417 
 338 0 385 20 53 0.7324 
 652 54 689 92 53 0.7324 
 327 188 364 219 53 0.7153 
 220 356 247 393 53 0.6953 
 176 648 213 688 53 0.6826 
 142 338 168 376 53 0.6758 
 152 343 187 374 53 0.6582 
 118 257 148 283 53 0.6094 
 229 179 264 205 53 0.5938 
 566 135 596 169 53 0.5918 
 74 612 117 646 53 0.5566 
 196 460 224 496 53 0.5508 
 674 54 703 91 53 0.4243 
 472 472 495 499 53 0.4055 
 294 323 333 363 53 0.395 
 374 156 392 183 53 0.3218 
 423 374 438 400 53 0.3165 
 218 62 236 79 53 0.2998 
 474 470 508 511 53 0.259 
 438 685 452 704 53 0.2561 
