168 63 199 91 53 0.8457 
 531 304 563 336 53 0.8369 
 492 238 526 271 53 0.8311 
 91 120 121 147 53 0.8198 
 388 355 417 384 53 0.8062 
 663 407 703 439 53 0.8004 
 51 0 93 23 53 0.7988 
 534 455 562 485 53 0.7828 
 416 365 449 396 53 0.7812 
 117 105 150 132 53 0.7759 
 43 22 70 50 53 0.774 
 513 417 546 451 53 0.7725 
 163 182 193 214 53 0.7672 
 143 215 173 242 53 0.7627 
 671 267 703 293 53 0.7607 
 22 35 51 56 53 0.7583 
 459 247 488 273 53 0.7544 
 341 392 371 422 53 0.75 
 128 370 154 396 53 0.7472 
 479 401 515 432 53 0.7446 
 211 570 243 601 53 0.7393 
 603 337 642 369 53 0.7339 
 363 343 394 370 53 0.7334 
 26 130 56 155 53 0.7324 
 251 293 280 323 53 0.7295 
 150 367 181 395 53 0.7192 
 562 318 588 348 53 0.7002 
 202 320 235 347 53 0.6943 
 231 353 253 379 53 0.6769 
 555 278 583 303 53 0.6768 
 78 204 110 226 53 0.6768 
 91 186 123 207 53 0.6714 
 674 236 698 263 53 0.6711 
 175 510 199 538 53 0.6667 
 516 624 548 653 53 0.6535 
 302 357 324 380 53 0.653 
 620 618 665 651 53 0.6504 
 6 283 26 305 53 0.6501 
 36 464 76 497 53 0.6416 
 279 376 308 404 53 0.6406 
 81 402 111 428 53 0.6387 
 156 437 194 465 53 0.6353 
 585 414 621 443 53 0.6343 
 655 347 689 373 53 0.6309 
 553 626 582 650 53 0.6279 
 69 670 104 696 53 0.625 
 651 547 684 582 53 0.6152 
 6 444 38 468 53 0.6094 
 644 425 673 456 53 0.582 
 436 380 463 405 53 0.5806 
 99 350 129 377 53 0.5786 
 46 330 76 359 53 0.5566 
 454 635 483 670 53 0.5498 
 205 380 237 411 53 0.5469 
 82 367 117 398 53 0.543 
 135 467 163 496 53 0.5381 
 6 0 34 18 53 0.5332 
 646 519 675 548 53 0.5283 
 21 160 53 178 53 0.5273 
 2 312 16 334 53 0.5271 
 662 238 693 271 53 0.5039 
 132 204 156 226 53 0.4971 
 619 585 653 621 53 0.4922 
 685 360 702 395 53 0.491 
 108 165 135 188 53 0.4873 
 240 449 268 478 53 0.4824 
 42 680 72 701 53 0.4756 
 311 511 345 540 53 0.4678 
 69 450 95 473 53 0.4619 
 559 464 578 485 53 0.459 
 435 403 458 423 53 0.4483 
 522 373 541 395 53 0.43 
 85 475 116 502 53 0.4282 
 171 587 199 615 53 0.4263 
 617 542 649 573 53 0.4233 
 594 481 626 509 53 0.4207 
 151 668 179 697 53 0.4121 
 200 596 227 624 53 0.4102 
 657 248 680 281 53 0.4092 
 443 301 483 334 53 0.3882 
 135 208 162 237 53 0.3867 
 123 395 144 414 53 0.3848 
 396 332 417 357 53 0.3821 
 181 569 209 596 53 0.3784 
 74 170 92 190 53 0.3721 
 580 374 597 399 53 0.3694 
 610 397 630 415 53 0.3513 
 634 352 657 379 53 0.3469 
 47 438 66 465 53 0.3452 
 213 642 241 668 53 0.3408 
 92 430 114 445 53 0.3397 
 375 501 403 531 53 0.3381 
 74 280 96 299 53 0.3224 
 423 624 457 651 53 0.3218 
 175 659 202 683 53 0.3008 
 534 528 572 558 53 0.2942 
 12 2 36 13 53 0.2561 
