9 166 42 195 53 0.8154 
 7 336 42 364 53 0.8057 
 0 82 25 111 53 0.791 
 182 306 217 343 53 0.7739 
 4 317 25 346 53 0.7184 
 46 373 73 398 53 0.7026 
 110 53 137 72 53 0.7003 
 175 351 204 386 53 0.7002 
 387 233 428 268 53 0.6782 
 0 635 29 665 53 0.6768 
 258 1 293 32 53 0.6216 
 113 516 145 544 53 0.6177 
 140 448 168 470 53 0.6057 
 282 506 310 536 53 0.5893 
 6 669 38 695 53 0.5796 
 572 1 598 21 53 0.5725 
 500 139 534 165 53 0.5293 
 643 315 676 341 53 0.5283 
 491 73 514 94 53 0.4822 
 673 303 699 330 53 0.4736 
 533 377 564 402 53 0.4648 
 0 299 11 325 53 0.4588 
 272 503 289 525 53 0.4534 
 239 1 252 12 53 0.4436 
 251 5 280 35 53 0.4197 
 195 116 223 140 53 0.396 
 267 2 288 24 53 0.384 
 228 233 265 257 53 0.3657 
 462 0 484 25 53 0.355 
 0 439 18 464 53 0.3523 
 544 515 576 541 53 0.3098 
 233 0 256 16 53 0.2949 
 81 82 101 102 53 0.2766 
 175 275 204 303 53 0.2744 
 615 31 628 48 53 0.2704 
 99 382 121 406 53 0.2612 
