559 171 591 202 53 0.8672 
 184 381 218 410 53 0.8633 
 362 135 396 165 53 0.854 
 284 340 317 371 53 0.8511 
 241 402 276 433 53 0.8364 
 524 453 555 483 53 0.8335 
 610 177 637 210 53 0.8282 
 478 418 513 449 53 0.8242 
 174 121 210 158 53 0.8218 
 327 91 360 120 53 0.8198 
 494 569 530 599 53 0.8165 
 585 181 614 208 53 0.8141 
 88 111 120 140 53 0.8066 
 601 571 633 598 53 0.8032 
 453 371 487 399 53 0.8032 
 622 470 658 499 53 0.8013 
 200 260 227 286 53 0.8008 
 675 534 704 559 53 0.7993 
 135 412 172 437 53 0.7983 
 549 412 578 441 53 0.797 
 646 399 676 430 53 0.7959 
 391 160 432 191 53 0.7949 
 531 668 565 696 53 0.7939 
 223 270 251 298 53 0.7881 
 644 133 676 158 53 0.7881 
 590 356 622 381 53 0.7852 
 37 384 74 412 53 0.7832 
 342 58 377 87 53 0.7798 
 536 173 563 205 53 0.7778 
 683 614 703 646 53 0.775 
 178 457 212 485 53 0.7739 
 554 506 586 533 53 0.7739 
 129 262 167 290 53 0.771 
 513 25 536 50 53 0.7701 
 468 8 494 43 53 0.7667 
 549 279 582 307 53 0.7656 
 650 184 682 209 53 0.7642 
 501 365 526 388 53 0.7623 
 307 208 341 234 53 0.7622 
 652 58 686 91 53 0.7583 
 133 457 165 485 53 0.7559 
 440 508 481 536 53 0.7505 
 391 400 422 426 53 0.7485 
 203 104 240 134 53 0.7476 
 9 397 44 421 53 0.7471 
 649 610 682 636 53 0.7461 
 683 235 704 264 53 0.7438 
 471 525 499 554 53 0.7438 
 63 304 91 328 53 0.7434 
 369 269 405 299 53 0.7422 
 361 510 386 534 53 0.741 
 595 0 633 26 53 0.7321 
 365 209 391 235 53 0.7295 
 36 576 65 607 53 0.7295 
 168 203 198 229 53 0.7271 
 561 595 589 620 53 0.7271 
 688 133 702 164 53 0.7244 
 485 176 510 205 53 0.7238 
 487 339 526 365 53 0.7217 
 574 80 610 111 53 0.7188 
 259 141 290 170 53 0.716 
 104 295 141 324 53 0.7148 
 594 475 622 501 53 0.6978 
 548 303 570 323 53 0.6888 
 612 302 637 322 53 0.6851 
 498 109 533 133 53 0.6768 
 398 572 436 594 53 0.6704 
 585 344 612 370 53 0.6652 
 617 646 653 671 53 0.6533 
 390 221 415 243 53 0.6372 
 521 177 542 204 53 0.6216 
 127 37 168 63 53 0.6187 
 288 531 322 557 53 0.6069 
 638 629 665 655 53 0.6066 
 206 554 238 578 53 0.5889 
 470 297 500 324 53 0.5879 
 454 134 491 155 53 0.5879 
 240 135 265 162 53 0.5837 
 563 0 591 14 53 0.5669 
 551 125 573 147 53 0.561 
 261 505 285 528 53 0.5329 
 473 584 507 610 53 0.5176 
 218 389 239 409 53 0.5156 
 66 590 98 616 53 0.5127 
 193 531 226 557 53 0.4959 
 298 497 335 524 53 0.4485 
 330 170 371 193 53 0.4436 
 507 169 541 199 53 0.4351 
 592 22 621 44 53 0.4216 
 153 302 194 340 53 0.3364 
 512 423 530 442 53 0.3174 
 423 678 458 701 53 0.3149 
 289 196 304 221 53 0.2998 
 676 7 703 28 53 0.2983 
 149 35 169 56 53 0.2974 
 235 205 259 229 53 0.2744 
 124 0 152 15 53 0.2612 
