337 9 365 34 53 0.7578 
 185 37 207 57 53 0.7208 
 234 286 262 312 53 0.7188 
 379 30 405 52 53 0.7163 
 215 310 234 336 53 0.693 
 307 5 334 27 53 0.6841 
 559 17 580 46 53 0.672 
 466 290 497 317 53 0.6582 
 182 61 201 90 53 0.6548 
 265 254 285 279 53 0.6369 
 596 21 620 46 53 0.6289 
 166 66 190 90 53 0.6279 
 526 401 549 421 53 0.6066 
 350 611 372 633 53 0.6066 
 237 400 268 431 53 0.5998 
 291 0 312 25 53 0.5979 
 277 249 301 273 53 0.5947 
 204 198 231 223 53 0.5935 
 618 346 647 374 53 0.5508 
 23 67 49 92 53 0.5439 
 540 98 565 124 53 0.5205 
 629 523 660 550 53 0.5049 
 264 387 284 412 53 0.4863 
 366 400 389 425 53 0.4863 
 587 0 622 18 53 0.4854 
 279 219 301 243 53 0.4844 
 258 213 276 234 53 0.4695 
 238 36 260 63 53 0.4688 
 546 397 568 422 53 0.4627 
 213 381 236 409 53 0.4393 
 295 214 311 238 53 0.4358 
 408 411 433 432 53 0.4177 
 557 66 581 91 53 0.4167 
 304 170 321 194 53 0.4082 
 234 312 247 334 53 0.4065 
 531 327 557 353 53 0.4006 
 615 566 654 603 53 0.3999 
 344 465 370 491 53 0.3948 
 501 12 528 33 53 0.3943 
 311 305 334 330 53 0.3877 
 238 368 264 391 53 0.3748 
 250 26 270 45 53 0.373 
 221 263 238 281 53 0.3682 
 269 198 293 222 53 0.363 
 497 93 519 113 53 0.3555 
 275 404 293 428 53 0.3523 
 18 675 54 702 53 0.3503 
 650 252 677 277 53 0.3452 
 377 49 398 71 53 0.3433 
 589 320 619 342 53 0.3408 
 248 234 271 255 53 0.3381 
 265 180 284 200 53 0.332 
 579 13 603 43 53 0.3286 
 627 4 655 27 53 0.3049 
 447 34 470 54 53 0.2991 
 594 175 618 200 53 0.2948 
 232 388 254 409 53 0.2766 
 536 5 564 29 53 0.2727 
 337 629 357 648 53 0.2666 
 187 182 202 205 53 0.2605 
 519 305 539 330 53 0.2532 
