67 543 97 574 53 0.7038 
 223 3 244 30 53 0.6387 
 68 514 94 541 53 0.603 
 96 543 124 573 53 0.5525 
 147 456 174 480 53 0.5088 
 632 497 662 524 53 0.4971 
 333 258 359 286 53 0.4893 
 24 209 47 232 53 0.4766 
 45 230 69 254 53 0.458 
 0 382 17 405 53 0.4426 
 30 521 43 548 53 0.4251 
 661 481 677 500 53 0.4119 
 200 30 220 51 53 0.4036 
 0 293 10 315 53 0.4026 
 117 5 148 27 53 0.3989 
 317 2 346 22 53 0.3914 
 208 461 240 488 53 0.3372 
 207 31 231 48 53 0.3132 
 227 389 251 413 53 0.286 
 217 412 243 439 53 0.2828 
 679 545 704 581 53 0.2651 
 172 390 193 413 53 0.2567 
