660 85 691 112 53 0.7759 
 632 93 652 119 53 0.6535 
 583 402 604 430 53 0.6494 
 6 62 34 92 53 0.6309 
 167 434 197 461 53 0.6011 
 227 147 261 170 53 0.5728 
 33 416 55 442 53 0.5378 
 0 64 13 97 53 0.5293 
 0 43 13 63 53 0.4756 
 601 63 632 88 53 0.4697 
 407 354 434 387 53 0.4495 
 274 61 303 89 53 0.4475 
 0 289 8 321 53 0.4465 
 604 398 622 426 53 0.4195 
 212 464 244 490 53 0.4141 
 661 177 688 199 53 0.4006 
 626 78 645 98 53 0.3948 
 670 44 698 66 53 0.3931 
 325 2 342 13 53 0.3895 
 371 33 401 54 53 0.384 
 71 2 100 20 53 0.3711 
 430 356 460 384 53 0.3711 
 582 517 619 540 53 0.355 
 85 261 115 295 53 0.3286 
 600 268 624 296 53 0.3225 
 559 230 593 256 53 0.3184 
 266 349 288 368 53 0.3048 
 173 415 200 434 53 0.304 
 668 0 693 18 53 0.2949 
 319 1 348 15 53 0.2942 
 0 58 23 93 53 0.2822 
 380 13 417 38 53 0.2822 
 49 0 69 14 53 0.2766 
 156 315 186 339 53 0.2727 
