610 275 647 305 53 0.8345 
 674 54 702 80 53 0.8106 
 453 0 483 24 53 0.8008 
 602 200 636 231 53 0.7905 
 537 224 563 250 53 0.7815 
 647 89 678 117 53 0.7642 
 666 649 699 680 53 0.7594 
 560 110 588 142 53 0.7526 
 371 285 392 313 53 0.7457 
 627 524 653 554 53 0.7443 
 585 108 610 134 53 0.7369 
 523 340 550 361 53 0.7334 
 74 375 103 402 53 0.7192 
 392 32 418 60 53 0.7192 
 133 379 155 406 53 0.6875 
 591 274 614 301 53 0.6807 
 302 100 328 123 53 0.6769 
 636 22 662 45 53 0.6758 
 546 295 571 323 53 0.6745 
 103 385 123 411 53 0.6745 
 78 350 98 373 53 0.673 
 146 224 182 251 53 0.6611 
 151 404 175 426 53 0.6535 
 3 384 25 409 53 0.6476 
 130 193 149 215 53 0.6306 
 668 174 694 203 53 0.627 
 544 46 565 71 53 0.6242 
 84 303 111 326 53 0.603 
 205 367 234 393 53 0.5972 
 505 50 533 76 53 0.5972 
 346 247 364 272 53 0.5886 
 441 61 468 82 53 0.585 
 0 545 15 565 53 0.5815 
 262 118 278 140 53 0.5705 
 167 29 187 48 53 0.5676 
 46 483 73 508 53 0.5591 
 191 276 208 303 53 0.5508 
 211 75 228 100 53 0.5408 
 369 109 385 133 53 0.5273 
 588 349 620 373 53 0.5225 
 345 198 366 218 53 0.4873 
 0 657 30 690 53 0.4834 
 115 47 148 76 53 0.4824 
 245 300 272 325 53 0.4727 
 554 278 577 300 53 0.4705 
 246 185 260 205 53 0.4646 
 283 50 300 68 53 0.4619 
 664 511 689 531 53 0.4495 
 296 2 321 13 53 0.4436 
 124 138 144 156 53 0.4395 
 213 0 235 16 53 0.4358 
 573 205 589 222 53 0.4214 
 422 64 448 97 53 0.4197 
 66 83 85 104 53 0.4165 
 114 383 137 405 53 0.4102 
 647 508 670 535 53 0.3999 
 25 260 48 291 53 0.3933 
 214 304 239 332 53 0.3904 
 83 329 107 353 53 0.385 
 2 357 22 381 53 0.3774 
 373 40 393 65 53 0.3755 
 2 129 20 153 53 0.3657 
 266 34 296 69 53 0.3657 
 37 661 62 690 53 0.3567 
 297 0 328 17 53 0.355 
 141 623 171 652 53 0.354 
 72 355 102 379 53 0.3452 
 486 431 510 454 53 0.3433 
 302 257 319 277 53 0.3387 
 296 331 313 356 53 0.3311 
 26 465 44 496 53 0.3276 
 197 218 222 246 53 0.3167 
 689 655 704 698 53 0.314 
 6 628 12 652 53 0.2917 
 366 61 391 91 53 0.2878 
 127 435 149 460 53 0.2869 
 601 71 622 85 53 0.2861 
 584 517 605 541 53 0.2681 
