532 23 566 53 53 0.8228 
 519 394 551 429 53 0.8164 
 530 291 566 323 53 0.8086 
 641 183 676 218 53 0.792 
 661 137 697 167 53 0.7563 
 574 188 610 220 53 0.7555 
 610 366 643 402 53 0.7534 
 670 30 697 63 53 0.7505 
 389 239 424 268 53 0.7334 
 597 130 628 159 53 0.7285 
 655 305 689 337 53 0.7241 
 606 233 638 266 53 0.7223 
 521 77 550 108 53 0.708 
 502 185 545 229 53 0.6958 
 528 252 556 286 53 0.6881 
 576 402 609 430 53 0.6733 
 685 461 704 493 53 0.6567 
 470 454 509 486 53 0.6479 
 427 341 461 367 53 0.6299 
 640 277 674 310 53 0.626 
 421 213 460 245 53 0.625 
 426 417 464 447 53 0.5571 
 550 1 570 17 53 0.5564 
 460 201 493 229 53 0.5547 
 422 54 460 84 53 0.5366 
 514 531 553 569 53 0.4819 
 533 448 560 476 53 0.4648 
 472 507 506 536 53 0.458 
 443 133 481 162 53 0.4495 
 476 101 516 140 53 0.4475 
 269 674 301 703 53 0.3784 
 694 244 702 268 53 0.3738 
 474 118 499 144 53 0.3638 
 308 396 341 421 53 0.3594 
