251 380 285 414 53 0.7788 
 24 401 58 431 53 0.7773 
 195 277 228 309 53 0.772 
 339 238 379 272 53 0.7661 
 121 373 161 406 53 0.7578 
 292 233 329 266 53 0.7568 
 211 647 246 678 53 0.7407 
 509 75 546 114 53 0.731 
 315 211 348 243 53 0.7305 
 245 17 280 45 53 0.7295 
 637 302 676 335 53 0.7266 
 339 6 384 46 53 0.7178 
 49 257 79 292 53 0.7148 
 341 287 384 326 53 0.7075 
 386 451 419 484 53 0.7051 
 344 358 380 387 53 0.6958 
 342 429 384 459 53 0.6955 
 458 207 492 238 53 0.6943 
 401 110 442 146 53 0.6934 
 442 13 477 47 53 0.687 
 0 134 32 167 53 0.6803 
 288 204 320 234 53 0.6738 
 438 276 477 306 53 0.6665 
 363 381 407 421 53 0.6567 
 366 542 405 581 53 0.6533 
 521 304 566 345 53 0.6494 
 234 125 271 159 53 0.6479 
 585 3 623 27 53 0.647 
 523 112 551 137 53 0.644 
 279 146 323 192 53 0.6406 
 606 160 642 190 53 0.6343 
 200 320 229 347 53 0.6206 
 399 13 433 45 53 0.6177 
 370 276 403 301 53 0.6167 
 75 525 107 555 53 0.6152 
 535 134 572 168 53 0.6123 
 159 597 193 629 53 0.6069 
 322 57 367 95 53 0.604 
 459 231 510 270 53 0.6021 
 185 8 205 43 53 0.5972 
 651 388 698 415 53 0.5938 
 176 512 209 542 53 0.5935 
 197 56 224 81 53 0.5859 
 292 34 324 61 53 0.584 
 565 171 595 206 53 0.583 
 363 89 398 122 53 0.5776 
 478 1 512 34 53 0.5767 
 176 372 214 405 53 0.5737 
 219 54 247 79 53 0.5718 
 317 140 350 190 53 0.5659 
 663 256 704 302 53 0.5659 
 603 203 630 236 53 0.5571 
 178 327 205 354 53 0.5571 
 622 424 656 459 53 0.5479 
 259 609 293 638 53 0.5439 
 225 277 245 305 53 0.5244 
 246 152 279 180 53 0.5244 
 666 215 704 251 53 0.5225 
 439 307 473 334 53 0.5107 
 547 178 571 210 53 0.5 
 166 490 192 519 53 0.499 
 26 78 56 98 53 0.4941 
 219 254 254 281 53 0.4902 
 420 264 447 294 53 0.4863 
 632 193 678 231 53 0.4824 
 672 623 704 663 53 0.4805 
 459 7 486 32 53 0.4717 
 222 562 256 591 53 0.4639 
 484 48 513 76 53 0.4619 
 570 149 612 182 53 0.4609 
 406 534 432 571 53 0.4475 
 151 359 174 387 53 0.4456 
 639 105 674 140 53 0.4446 
 568 112 603 143 53 0.4368 
 62 62 96 92 53 0.4321 
 236 70 268 95 53 0.4312 
 270 636 306 672 53 0.4207 
 213 538 237 575 53 0.4158 
 432 229 463 255 53 0.4121 
 574 184 605 220 53 0.3989 
 446 544 484 586 53 0.3979 
 522 144 540 174 53 0.3914 
 632 159 665 187 53 0.3914 
 499 46 527 76 53 0.3896 
 689 75 703 118 53 0.3887 
 544 17 578 47 53 0.3877 
 370 28 396 61 53 0.3831 
 480 134 512 163 53 0.3804 
 241 284 272 311 53 0.3757 
 654 184 684 209 53 0.3748 
 385 511 419 547 53 0.373 
 212 614 237 642 53 0.3701 
 489 289 529 319 53 0.3701 
 75 486 99 513 53 0.3692 
 396 277 424 308 53 0.3657 
 105 524 131 552 53 0.363 
 445 615 480 648 53 0.363 
 511 368 544 400 53 0.3621 
 629 270 665 301 53 0.3594 
 218 484 267 531 53 0.3525 
 90 665 114 687 53 0.3502 
 160 138 184 169 53 0.3477 
 328 461 367 494 53 0.3389 
 308 652 333 687 53 0.3372 
 421 164 447 188 53 0.3337 
 505 0 534 24 53 0.3303 
 473 607 509 633 53 0.3208 
 468 32 494 56 53 0.3174 
 1 360 35 393 53 0.3167 
 683 130 703 161 53 0.3157 
 128 620 177 665 53 0.3115 
 151 200 185 232 53 0.3057 
 613 203 639 234 53 0.3025 
 281 93 326 137 53 0.3025 
 1 235 15 267 53 0.2974 
 627 52 665 85 53 0.2942 
 403 0 420 17 53 0.2869 
 165 157 204 189 53 0.2861 
 125 25 156 49 53 0.2737 
 551 101 582 135 53 0.2681 
 339 133 378 159 53 0.2681 
 510 560 549 600 53 0.2673 
 257 350 285 381 53 0.2665 
 690 365 703 383 53 0.2651 
 28 84 57 118 53 0.2598 
 140 460 171 492 53 0.259 
 679 249 704 280 53 0.2568 
 628 348 666 385 53 0.2539 
 196 350 238 372 53 0.2517 
