662 430 687 465 53 0.8721 
 576 467 606 496 53 0.8662 
 544 426 580 466 53 0.8589 
 569 661 602 692 53 0.8535 
 548 500 581 533 53 0.853 
 545 286 576 317 53 0.8481 
 259 339 297 371 53 0.8477 
 287 534 325 566 53 0.8472 
 152 338 190 372 53 0.8447 
 418 110 454 145 53 0.8428 
 388 35 429 77 53 0.8413 
 637 512 665 545 53 0.8409 
 455 193 489 223 53 0.8403 
 525 161 558 196 53 0.8389 
 76 435 107 467 53 0.8345 
 602 600 634 626 53 0.8345 
 626 647 663 686 53 0.8291 
 662 215 701 251 53 0.8276 
 291 145 327 175 53 0.8276 
 624 91 665 127 53 0.8271 
 29 598 57 626 53 0.8267 
 439 480 465 510 53 0.8248 
 47 610 75 635 53 0.8189 
 641 55 674 88 53 0.8188 
 570 210 603 241 53 0.8174 
 453 511 484 539 53 0.8115 
 168 577 201 606 53 0.8115 
 318 506 347 532 53 0.8106 
 239 529 278 560 53 0.8106 
 503 521 544 552 53 0.8087 
 284 405 308 434 53 0.8048 
 468 48 497 78 53 0.8018 
 622 298 658 329 53 0.7999 
 415 626 442 651 53 0.7984 
 545 134 585 167 53 0.7974 
 547 386 579 417 53 0.7969 
 450 227 485 255 53 0.7905 
 663 642 699 670 53 0.7891 
 393 273 424 304 53 0.7891 
 325 374 362 409 53 0.7887 
 482 502 510 529 53 0.7881 
 287 0 322 28 53 0.7866 
 229 29 262 62 53 0.7862 
 2 0 44 29 53 0.7861 
 400 428 439 457 53 0.7827 
 147 1 191 21 53 0.7808 
 269 504 304 536 53 0.7789 
 211 618 246 644 53 0.7773 
 489 394 518 428 53 0.7765 
 323 151 340 179 53 0.774 
 150 641 176 667 53 0.7657 
 30 11 65 42 53 0.7622 
 0 435 24 467 53 0.7607 
 117 531 140 550 53 0.7583 
 530 372 556 402 53 0.7565 
 344 217 368 248 53 0.7515 
 524 578 563 610 53 0.7515 
 639 171 667 201 53 0.7417 
 85 572 114 608 53 0.7407 
 366 159 398 188 53 0.7402 
 444 413 483 446 53 0.7389 
 345 410 382 436 53 0.7349 
 613 117 634 142 53 0.733 
 102 24 143 57 53 0.7319 
 681 106 704 134 53 0.7285 
 611 53 637 79 53 0.7271 
 362 257 394 285 53 0.7251 
 215 583 234 605 53 0.7164 
 688 347 703 369 53 0.7101 
 243 361 276 386 53 0.71 
 576 172 601 195 53 0.7052 
 333 332 352 360 53 0.6958 
 611 2 633 28 53 0.6943 
 18 448 57 479 53 0.6816 
 545 568 572 594 53 0.6785 
 52 242 79 267 53 0.6724 
 71 308 88 326 53 0.672 
 128 206 162 236 53 0.6704 
 490 558 523 585 53 0.667 
 491 166 516 196 53 0.6665 
 663 462 691 487 53 0.6602 
 491 312 503 333 53 0.6598 
 689 141 703 163 53 0.6504 
 459 557 494 576 53 0.646 
 180 205 205 227 53 0.644 
 365 119 381 148 53 0.6403 
 576 21 608 51 53 0.6343 
 548 651 564 677 53 0.6247 
 358 360 391 384 53 0.6216 
 95 131 125 158 53 0.6174 
 560 244 581 266 53 0.6164 
 280 126 303 142 53 0.614 
 3 258 28 277 53 0.6113 
 545 216 561 243 53 0.6101 
 295 94 326 120 53 0.6001 
 690 653 702 681 53 0.5991 
 532 469 557 496 53 0.5928 
 609 507 639 542 53 0.5918 
 519 215 547 237 53 0.5908 
 300 360 329 387 53 0.5869 
 324 470 345 488 53 0.5676 
 689 485 701 514 53 0.5598 
 363 455 385 478 53 0.5588 
 515 410 537 431 53 0.5525 
 694 257 701 280 53 0.5417 
 551 614 564 631 53 0.53 
 526 56 546 78 53 0.5264 
 393 308 413 331 53 0.5203 
 604 474 631 501 53 0.5117 
 490 336 511 359 53 0.5027 
 90 485 112 507 53 0.5027 
 504 563 535 586 53 0.4524 
 400 164 420 184 53 0.4321 
 659 86 675 109 53 0.4158 
 232 2 272 17 53 0.4121 
 685 656 704 678 53 0.4036 
 229 327 256 347 53 0.3877 
 689 256 704 279 53 0.3794 
 675 647 700 680 53 0.353 
 0 121 15 143 53 0.3503 
 542 314 560 328 53 0.3425 
 235 325 266 352 53 0.3381 
 217 0 243 15 53 0.3354 
 208 573 236 605 53 0.3286 
 601 516 623 543 53 0.3259 
 575 298 605 328 53 0.3235 
 660 264 675 282 53 0.3149 
 453 289 474 311 53 0.3015 
 575 95 601 121 53 0.2925 
 80 485 106 513 53 0.2903 
 34 602 69 634 53 0.2803 
 19 449 38 476 53 0.2766 
 249 0 270 13 53 0.2757 
 622 400 648 423 53 0.2744 
 675 278 693 292 53 0.2737 
 207 563 230 593 53 0.2705 
 222 1 241 11 53 0.2612 
 662 271 675 295 53 0.2568 
 268 502 290 529 53 0.2539 
