457 0 486 25 53 0.8374 
 147 346 178 371 53 0.8374 
 504 383 532 408 53 0.832 
 94 535 125 562 53 0.8232 
 585 354 616 381 53 0.8218 
 595 150 627 180 53 0.8164 
 390 386 422 415 53 0.8164 
 618 501 647 527 53 0.8115 
 531 127 563 159 53 0.8057 
 22 507 50 534 53 0.8048 
 413 101 441 127 53 0.8023 
 468 111 497 137 53 0.792 
 225 179 251 206 53 0.7905 
 55 432 86 461 53 0.7886 
 369 401 394 429 53 0.7843 
 319 339 349 366 53 0.7842 
 291 48 328 80 53 0.7827 
 74 354 100 378 53 0.7824 
 109 610 135 634 53 0.7784 
 545 444 571 471 53 0.7775 
 640 353 664 380 53 0.777 
 85 258 109 286 53 0.7701 
 176 116 199 144 53 0.7657 
 642 169 664 198 53 0.7604 
 560 338 588 366 53 0.7534 
 516 1 553 30 53 0.75 
 446 563 474 590 53 0.7482 
 533 277 561 299 53 0.7471 
 65 541 95 580 53 0.7349 
 109 507 140 533 53 0.7324 
 253 126 279 151 53 0.7316 
 386 139 411 165 53 0.7266 
 595 27 627 49 53 0.7251 
 102 195 123 220 53 0.7164 
 272 100 300 127 53 0.7124 
 345 20 371 43 53 0.7104 
 37 541 68 561 53 0.709 
 533 333 555 359 53 0.7075 
 344 314 369 333 53 0.7041 
 205 331 233 353 53 0.7026 
 449 131 474 156 53 0.6953 
 94 219 122 238 53 0.6689 
 365 556 389 583 53 0.6491 
 617 350 640 371 53 0.646 
 41 667 68 694 53 0.645 
 506 193 529 219 53 0.6423 
 146 557 165 580 53 0.6393 
 624 159 647 187 53 0.627 
 159 60 188 86 53 0.6226 
 472 438 491 461 53 0.6213 
 482 391 502 410 53 0.6184 
 648 560 679 581 53 0.6104 
 358 138 386 165 53 0.606 
 51 517 76 537 53 0.5944 
 405 248 414 275 53 0.5847 
 463 527 484 552 53 0.5837 
 77 92 100 116 53 0.5786 
 337 577 364 601 53 0.5735 
 468 378 496 406 53 0.5659 
 272 658 299 685 53 0.5439 
 212 196 232 222 53 0.5408 
 42 105 61 123 53 0.5163 
 51 212 67 234 53 0.5134 
 87 314 104 325 53 0.5098 
 91 377 107 391 53 0.5078 
 558 325 580 343 53 0.5039 
 506 144 527 165 53 0.491 
 669 158 686 179 53 0.4444 
 444 538 471 563 53 0.4292 
 483 112 514 135 53 0.4272 
 88 421 104 435 53 0.4148 
 4 584 13 606 53 0.4131 
 41 41 57 55 53 0.4092 
 339 16 353 40 53 0.3989 
 1 584 19 612 53 0.3989 
 19 666 42 688 53 0.385 
 136 689 163 704 53 0.3557 
 399 249 420 274 53 0.3557 
 99 518 134 564 53 0.3289 
 555 142 576 165 53 0.2997 
 228 257 243 273 53 0.2959 
 479 157 505 189 53 0.2949 
 205 176 223 196 53 0.2878 
 363 347 386 371 53 0.2815 
 346 65 376 90 53 0.2681 
 650 420 669 442 53 0.2561 
 560 289 582 310 53 0.2554 
 390 526 413 552 53 0.2554 
 536 301 552 319 53 0.2539 
 688 561 704 587 53 0.2539 
