335 261 371 293 53 0.7534 
 337 131 377 165 53 0.7471 
 196 128 234 159 53 0.6895 
 325 228 367 261 53 0.6558 
 409 213 445 245 53 0.6548 
 181 323 217 351 53 0.6011 
 230 386 265 419 53 0.5649 
 246 332 282 361 53 0.5469 
 487 327 522 367 53 0.5303 
 266 297 303 329 53 0.4688 
 458 237 491 267 53 0.4534 
 532 0 574 19 53 0.4446 
 284 516 325 549 53 0.4368 
 317 84 359 121 53 0.405 
 438 375 477 415 53 0.3914 
 540 246 580 281 53 0.343 
 196 0 232 20 53 0.3235 
 462 520 504 565 53 0.323 
 589 162 632 200 53 0.3218 
 54 170 94 204 53 0.281 
 245 384 272 421 53 0.2517 
