193 321 221 345 53 0.8428 
 106 421 137 446 53 0.8257 
 333 318 362 344 53 0.8223 
 180 411 208 439 53 0.8048 
 167 334 196 358 53 0.8032 
 207 109 235 135 53 0.8018 
 246 323 273 346 53 0.7969 
 34 21 59 49 53 0.7966 
 242 211 277 237 53 0.7925 
 398 335 425 359 53 0.7905 
 47 108 70 136 53 0.7804 
 289 360 320 385 53 0.7695 
 318 325 340 352 53 0.7633 
 389 300 419 329 53 0.7593 
 172 443 202 469 53 0.7544 
 360 448 390 477 53 0.749 
 208 25 233 59 53 0.7404 
 128 44 157 69 53 0.7393 
 0 81 14 100 53 0.7324 
 21 95 51 124 53 0.7321 
 105 141 141 170 53 0.7271 
 229 9 262 38 53 0.7188 
 225 152 254 187 53 0.7139 
 375 503 401 533 53 0.7072 
 109 27 130 56 53 0.7038 
 157 392 184 418 53 0.7003 
 264 4 293 30 53 0.7 
 81 435 109 459 53 0.6953 
 438 373 460 395 53 0.6881 
 381 395 414 418 53 0.6724 
 359 264 386 288 53 0.672 
 246 408 271 432 53 0.6567 
 269 41 295 67 53 0.6374 
 119 532 144 554 53 0.6057 
 36 631 82 662 53 0.5947 
 467 455 499 482 53 0.5776 
 265 385 285 407 53 0.5718 
 181 24 209 49 53 0.561 
 248 380 264 402 53 0.5591 
 457 181 478 208 53 0.5569 
 489 186 512 216 53 0.5554 
 211 204 234 230 53 0.5534 
 592 211 616 236 53 0.5488 
 85 389 109 414 53 0.5469 
 475 181 505 210 53 0.543 
 403 409 420 429 53 0.5281 
 551 35 576 59 53 0.5146 
 344 198 380 224 53 0.5029 
 431 467 459 492 53 0.4919 
 170 28 189 50 53 0.491 
 495 437 518 461 53 0.4893 
 330 156 358 180 53 0.4854 
 460 533 486 561 53 0.4824 
 501 259 523 286 53 0.4734 
 247 382 279 405 53 0.4351 
 219 529 254 557 53 0.3831 
 209 551 243 578 53 0.3638 
 541 17 562 42 53 0.3629 
 203 517 229 539 53 0.3621 
 124 140 144 166 53 0.3259 
 269 115 297 134 53 0.3235 
 286 435 313 465 53 0.2925 
 536 103 567 127 53 0.2861 
 337 561 359 584 53 0.2605 
 407 184 425 208 53 0.2598 
 373 1 407 15 53 0.259 
 207 575 225 596 53 0.2546 
 566 212 594 236 53 0.2517 
