432 139 465 171 53 0.8481 
 263 440 301 470 53 0.8385 
 591 109 630 143 53 0.835 
 245 385 281 414 53 0.835 
 442 493 471 521 53 0.8232 
 585 69 621 97 53 0.8223 
 0 411 32 441 53 0.8223 
 150 208 184 238 53 0.8154 
 645 366 677 394 53 0.8115 
 272 621 309 655 53 0.8086 
 348 325 377 351 53 0.8081 
 372 251 409 280 53 0.8053 
 316 162 346 193 53 0.8032 
 362 51 390 76 53 0.8027 
 471 508 502 533 53 0.8013 
 285 46 309 73 53 0.7984 
 262 188 292 219 53 0.7965 
 273 351 306 383 53 0.793 
 369 535 402 560 53 0.792 
 51 126 81 164 53 0.7871 
 539 336 570 364 53 0.7867 
 117 534 155 565 53 0.7852 
 503 507 537 534 53 0.7847 
 113 356 148 383 53 0.7808 
 571 505 607 534 53 0.7804 
 347 413 379 439 53 0.7788 
 41 490 79 519 53 0.7773 
 312 299 349 330 53 0.7687 
 487 288 516 314 53 0.7653 
 619 609 656 638 53 0.7646 
 101 221 136 247 53 0.7642 
 23 111 52 137 53 0.7612 
 67 300 92 325 53 0.7612 
 359 171 390 197 53 0.7549 
 58 216 91 250 53 0.7505 
 252 50 285 77 53 0.7456 
 621 227 645 251 53 0.7374 
 168 543 210 575 53 0.7334 
 591 253 613 279 53 0.7321 
 47 305 78 334 53 0.7319 
 230 361 260 392 53 0.731 
 109 448 133 477 53 0.7305 
 2 313 23 345 53 0.728 
 425 54 453 76 53 0.7256 
 481 316 504 337 53 0.715 
 504 92 537 115 53 0.7114 
 268 474 291 502 53 0.7056 
 165 458 197 492 53 0.7051 
 32 333 52 356 53 0.7047 
 635 147 671 171 53 0.7002 
 604 16 631 39 53 0.6958 
 373 463 398 491 53 0.6896 
 155 398 178 423 53 0.6888 
 452 252 474 284 53 0.686 
 114 85 142 110 53 0.6789 
 229 102 257 139 53 0.6772 
 409 305 434 326 53 0.6764 
 82 124 106 156 53 0.6735 
 452 44 490 71 53 0.6699 
 214 312 253 334 53 0.6646 
 668 356 692 378 53 0.6642 
 661 113 703 145 53 0.6621 
 169 14 195 37 53 0.6554 
 236 482 257 506 53 0.647 
 105 18 129 42 53 0.6296 
 621 1 660 18 53 0.625 
 566 6 593 29 53 0.6074 
 649 663 686 703 53 0.605 
 630 538 662 566 53 0.603 
 208 398 248 429 53 0.5991 
 215 56 236 77 53 0.5957 
 524 234 544 254 53 0.5925 
 150 0 190 20 53 0.5806 
 250 568 282 594 53 0.5776 
 610 588 636 614 53 0.5767 
 368 199 389 217 53 0.5725 
 661 0 696 23 53 0.563 
 123 461 149 489 53 0.5581 
 95 338 117 368 53 0.5488 
 657 399 680 420 53 0.5427 
 594 420 626 440 53 0.5381 
 655 210 690 238 53 0.5342 
 3 134 24 154 53 0.5215 
 283 103 307 120 53 0.5215 
 221 506 243 528 53 0.5117 
 596 687 636 703 53 0.4961 
 328 242 353 272 53 0.4883 
 224 374 248 398 53 0.4863 
 52 9 71 34 53 0.4783 
 619 252 638 272 53 0.4744 
 126 471 146 494 53 0.4697 
 0 64 20 95 53 0.4678 
 11 316 41 345 53 0.4534 
 304 176 327 198 53 0.4524 
 491 371 517 397 53 0.4514 
 287 491 310 511 53 0.4485 
 316 0 344 14 53 0.4475 
 158 457 179 477 53 0.4397 
 615 331 633 360 53 0.4055 
 214 680 255 704 53 0.4006 
 652 210 670 238 53 0.3987 
 318 49 332 68 53 0.3755 
 252 135 287 153 53 0.3701 
 354 0 369 15 53 0.3694 
 479 340 491 359 53 0.3619 
 197 583 229 611 53 0.3513 
 288 189 303 217 53 0.3469 
 531 94 553 115 53 0.3442 
 551 3 569 25 53 0.332 
 21 292 45 319 53 0.332 
 76 488 91 505 53 0.3218 
 148 0 166 19 53 0.3106 
 124 159 139 179 53 0.3066 
 202 129 214 164 53 0.2949 
 134 0 153 14 53 0.2878 
 130 441 159 465 53 0.2878 
 209 400 229 423 53 0.2698 
 78 214 96 243 53 0.2673 
 217 452 232 471 53 0.2666 
 503 315 523 334 53 0.2605 
 449 43 472 66 53 0.2539 
 406 289 423 311 53 0.2524 
 350 51 364 70 53 0.2517 
 155 513 170 537 53 0.2517 
