111 268 149 302 53 0.8716 
 393 213 425 246 53 0.853 
 451 207 482 234 53 0.8472 
 243 244 272 273 53 0.8438 
 472 114 506 146 53 0.8428 
 429 277 459 307 53 0.8408 
 532 289 564 318 53 0.8408 
 487 331 513 357 53 0.838 
 431 178 461 211 53 0.8374 
 372 196 405 226 53 0.8374 
 552 118 579 145 53 0.832 
 191 366 229 392 53 0.8297 
 0 107 20 143 53 0.8267 
 125 80 155 104 53 0.8242 
 570 190 601 215 53 0.8242 
 18 70 51 100 53 0.8233 
 437 388 470 419 53 0.8232 
 399 320 436 354 53 0.8199 
 102 548 135 575 53 0.8188 
 0 632 37 663 53 0.8188 
 325 567 356 598 53 0.8164 
 522 142 544 171 53 0.8161 
 313 551 337 580 53 0.8161 
 543 403 574 431 53 0.8154 
 521 406 549 440 53 0.8154 
 306 448 336 474 53 0.8154 
 471 570 501 605 53 0.8102 
 436 453 467 479 53 0.8057 
 658 47 683 69 53 0.8042 
 665 223 697 246 53 0.8042 
 15 276 49 303 53 0.8042 
 402 163 434 192 53 0.8032 
 560 418 595 449 53 0.8027 
 222 255 252 287 53 0.8013 
 368 33 404 62 53 0.8013 
 417 230 445 258 53 0.7983 
 298 576 327 602 53 0.796 
 450 36 479 63 53 0.7945 
 0 293 24 325 53 0.7936 
 517 647 553 678 53 0.7897 
 165 370 194 399 53 0.7882 
 662 416 691 444 53 0.7861 
 193 585 234 618 53 0.7848 
 512 614 544 644 53 0.7842 
 253 276 270 305 53 0.7828 
 127 378 161 407 53 0.7828 
 293 59 320 86 53 0.7789 
 491 589 525 622 53 0.7788 
 145 675 180 704 53 0.777 
 103 295 133 318 53 0.7759 
 153 637 184 665 53 0.7734 
 151 69 179 93 53 0.7725 
 147 168 174 192 53 0.7725 
 224 476 253 510 53 0.769 
 141 258 173 289 53 0.7671 
 490 142 526 175 53 0.7671 
 97 43 126 70 53 0.7646 
 183 34 215 67 53 0.7642 
 263 286 291 312 53 0.7633 
 171 539 189 571 53 0.7633 
 110 485 142 516 53 0.7627 
 203 470 223 499 53 0.7623 
 294 333 321 360 53 0.7598 
 454 666 489 695 53 0.7598 
 514 30 545 58 53 0.7593 
 160 145 191 176 53 0.7593 
 293 2 324 22 53 0.7593 
 201 323 239 354 53 0.7593 
 420 214 445 231 53 0.7583 
 320 239 349 264 53 0.7578 
 559 5 589 28 53 0.7568 
 565 274 597 308 53 0.7559 
 652 196 682 222 53 0.7534 
 245 548 278 576 53 0.7515 
 113 445 140 469 53 0.7478 
 348 288 373 319 53 0.7476 
 155 299 182 323 53 0.7472 
 44 397 77 426 53 0.7441 
 141 38 176 73 53 0.7417 
 414 625 450 656 53 0.7417 
 104 629 127 656 53 0.7404 
 292 361 318 384 53 0.7305 
 394 590 427 621 53 0.7256 
 385 359 413 384 53 0.7251 
 55 548 79 584 53 0.7208 
 145 592 172 623 53 0.7189 
 206 77 219 100 53 0.7135 
 445 663 458 688 53 0.7121 
 139 492 174 524 53 0.7114 
 0 581 36 611 53 0.709 
 166 250 197 274 53 0.7056 
 386 603 405 628 53 0.7052 
 221 378 250 401 53 0.7026 
 227 123 249 147 53 0.6989 
 145 312 165 337 53 0.6989 
 428 350 445 376 53 0.6974 
 688 267 703 288 53 0.6934 
 221 557 242 586 53 0.6899 
 174 660 204 698 53 0.6851 
 681 101 703 124 53 0.6826 
 301 163 329 185 53 0.6798 
 87 288 109 315 53 0.6798 
 221 84 242 101 53 0.6724 
 688 121 703 146 53 0.662 
 502 654 524 686 53 0.6582 
 50 96 70 123 53 0.6577 
 149 186 174 210 53 0.6554 
 119 102 151 123 53 0.6548 
 194 421 227 445 53 0.6514 
 277 643 297 664 53 0.646 
 686 589 704 627 53 0.6323 
 420 150 447 172 53 0.6232 
 681 387 703 411 53 0.6216 
 183 497 211 519 53 0.6152 
 282 347 300 373 53 0.6094 
 237 143 252 167 53 0.6071 
 322 263 345 281 53 0.6071 
 342 598 366 624 53 0.606 
 346 119 372 143 53 0.604 
 422 465 448 486 53 0.6011 
 132 40 159 72 53 0.5972 
 175 43 205 76 53 0.5957 
 119 10 144 40 53 0.5908 
 504 41 519 61 53 0.5815 
 273 226 292 251 53 0.5783 
 221 607 240 627 53 0.5725 
 229 577 259 600 53 0.5659 
 94 321 119 351 53 0.5601 
 22 110 46 134 53 0.5537 
 559 516 589 545 53 0.5518 
 691 59 703 82 53 0.5417 
 270 21 282 45 53 0.5339 
 513 123 537 146 53 0.5076 
 368 292 393 316 53 0.5076 
 513 0 535 16 53 0.5049 
 427 420 442 439 53 0.4988 
 290 400 307 421 53 0.4978 
 208 0 236 14 53 0.4951 
 665 109 687 129 53 0.4873 
 251 226 277 250 53 0.4854 
 15 146 37 170 53 0.4832 
 30 362 52 387 53 0.4756 
 458 158 478 178 53 0.4656 
 229 406 241 425 53 0.4636 
 416 134 454 165 53 0.457 
 371 439 386 457 53 0.4436 
 247 666 295 703 53 0.4426 
 143 306 174 332 53 0.4407 
 693 77 704 102 53 0.4366 
 38 263 59 292 53 0.4187 
 1 235 10 257 53 0.4045 
 306 258 326 279 53 0.3999 
 536 669 558 692 53 0.3989 
 349 450 381 478 53 0.3811 
 312 0 353 15 53 0.3657 
 239 133 273 158 53 0.3621 
 588 2 601 13 53 0.3584 
 8 425 30 444 53 0.3477 
 380 201 422 240 53 0.3354 
 585 0 603 18 53 0.3345 
 34 611 73 637 53 0.3303 
 177 454 196 473 53 0.3242 
 448 423 476 446 53 0.3174 
 589 89 618 107 53 0.3132 
 433 100 452 125 53 0.3115 
 363 337 380 355 53 0.3049 
 236 0 263 14 53 0.2893 
 181 165 199 181 53 0.2867 
 423 411 443 434 53 0.2783 
 472 322 481 344 53 0.2775 
 314 254 348 279 53 0.2766 
 12 102 39 132 53 0.2666 
 489 662 507 686 53 0.2651 
 673 113 703 141 53 0.2576 
 87 27 101 48 53 0.2561 
 3 575 36 659 53 0.2549 
 318 278 336 302 53 0.2517 
