111 169 148 210 53 0.8711 
 36 220 78 255 53 0.8315 
 217 154 263 193 53 0.813 
 189 60 236 102 53 0.813 
 308 469 346 503 53 0.8072 
 321 188 361 222 53 0.8066 
 241 494 278 531 53 0.8037 
 143 353 185 391 53 0.7925 
 307 0 350 29 53 0.7827 
 636 40 684 81 53 0.7764 
 0 0 41 25 53 0.7671 
 119 126 152 163 53 0.7656 
 503 61 543 97 53 0.7637 
 343 477 372 507 53 0.7633 
 222 474 259 517 53 0.75 
 419 6 464 43 53 0.749 
 469 386 511 422 53 0.7471 
 411 242 450 274 53 0.7441 
 29 333 68 370 53 0.7432 
 666 231 704 266 53 0.7384 
 223 305 261 339 53 0.7378 
 142 652 175 687 53 0.7305 
 22 382 61 413 53 0.7305 
 144 122 174 160 53 0.7301 
 225 413 263 445 53 0.7285 
 178 284 216 317 53 0.7271 
 53 636 93 673 53 0.7231 
 318 313 353 353 53 0.7056 
 547 132 592 174 53 0.6841 
 542 281 583 318 53 0.6763 
 387 364 427 399 53 0.6738 
 279 143 321 177 53 0.6567 
 373 0 415 27 53 0.6489 
 664 101 702 133 53 0.6479 
 218 520 256 553 53 0.6162 
 15 60 55 91 53 0.6069 
 461 450 500 486 53 0.6011 
 372 65 414 106 53 0.5977 
 691 67 703 99 53 0.5815 
 237 1 292 19 53 0.5571 
 614 168 657 208 53 0.5405 
 91 278 128 312 53 0.5293 
 536 392 579 430 53 0.5161 
 680 385 704 417 53 0.501 
 249 613 282 648 53 0.4417 
 678 509 704 544 53 0.4397 
 0 35 9 68 53 0.4207 
 482 1 520 16 53 0.4045 
 427 637 457 669 53 0.3738 
 499 473 547 515 53 0.3579 
 450 640 477 670 53 0.3398 
 320 472 366 507 53 0.3337 
 90 686 136 704 53 0.2766 
 81 483 115 514 53 0.2561 
