66 199 94 223 53 0.7843 
 26 384 54 409 53 0.7818 
 355 405 379 428 53 0.7812 
 418 39 451 64 53 0.7656 
 260 82 290 107 53 0.7607 
 261 407 285 431 53 0.7579 
 594 443 617 465 53 0.7561 
 494 12 525 37 53 0.7471 
 230 91 256 117 53 0.7428 
 250 111 275 136 53 0.7385 
 344 488 372 514 53 0.7373 
 78 12 102 37 53 0.7321 
 225 121 246 142 53 0.7223 
 553 402 582 424 53 0.7188 
 153 204 182 233 53 0.716 
 598 26 623 51 53 0.6881 
 162 515 193 543 53 0.6872 
 398 17 425 40 53 0.6803 
 389 354 414 381 53 0.6758 
 642 419 667 444 53 0.6696 
 343 270 373 295 53 0.6646 
 162 563 194 587 53 0.6582 
 529 267 560 291 53 0.646 
 576 280 596 301 53 0.6306 
 176 222 210 250 53 0.6289 
 453 61 477 86 53 0.6266 
 667 269 698 291 53 0.6113 
 491 155 517 182 53 0.603 
 107 340 133 360 53 0.5972 
 52 310 78 333 53 0.5908 
 1 40 27 65 53 0.5896 
 666 364 698 391 53 0.5859 
 199 248 226 274 53 0.5815 
 411 219 445 247 53 0.5767 
 315 0 335 17 53 0.5728 
 321 235 352 260 53 0.5698 
 517 214 547 240 53 0.5669 
 639 156 660 182 53 0.5557 
 293 638 321 666 53 0.5488 
 278 388 298 408 53 0.5476 
 21 0 48 14 53 0.543 
 534 109 563 129 53 0.541 
 468 306 495 325 53 0.5283 
 654 189 684 213 53 0.5264 
 435 231 468 258 53 0.5156 
 662 159 691 184 53 0.502 
 250 281 276 303 53 0.4966 
 115 284 146 308 53 0.4941 
 199 429 229 450 53 0.4863 
 548 74 576 99 53 0.4756 
 61 77 90 102 53 0.4717 
 418 0 438 17 53 0.4541 
 132 342 145 368 53 0.4377 
 439 343 467 364 53 0.4197 
 366 542 388 566 53 0.4131 
 469 361 492 380 53 0.4111 
 110 142 151 166 53 0.4092 
 15 374 34 393 53 0.3999 
 482 369 499 388 53 0.3885 
 0 204 32 229 53 0.3657 
 236 98 273 126 53 0.3611 
 426 0 438 13 53 0.3604 
 45 169 65 186 53 0.3575 
 274 281 285 302 53 0.3523 
 338 58 351 75 53 0.3513 
 364 458 383 477 53 0.3387 
 598 463 625 485 53 0.3293 
 550 484 581 505 53 0.3252 
 338 617 375 654 53 0.3174 
 469 363 500 387 53 0.3098 
 574 356 587 373 53 0.3048 
 565 535 592 556 53 0.283 
 618 495 634 513 53 0.2766 
 604 99 631 120 53 0.2705 
 385 614 421 640 53 0.2705 
 444 635 475 659 53 0.2622 
 378 518 408 541 53 0.2568 
 615 195 643 221 53 0.2501 
