305 486 344 524 53 0.7441 
 615 50 670 106 53 0.6831 
 248 493 293 535 53 0.645 
 464 105 509 143 53 0.6396 
 86 0 137 32 53 0.6201 
 13 1 65 20 53 0.5889 
 442 129 486 169 53 0.5845 
 263 459 312 502 53 0.583 
 326 462 362 499 53 0.5786 
 513 126 551 156 53 0.5166 
 253 312 305 355 53 0.4883 
 0 198 27 235 53 0.4854 
 340 496 390 550 53 0.4707 
 485 137 530 179 53 0.4551 
 211 435 253 465 53 0.4465 
 83 412 127 453 53 0.3989 
 255 1 304 18 53 0.3711 
 604 533 647 569 53 0.3381 
 585 260 636 305 53 0.3337 
 656 84 702 129 53 0.3298 
 0 230 9 269 53 0.304 
 131 222 183 267 53 0.2849 
 219 522 263 557 53 0.2783 
 588 571 628 606 53 0.2605 
