648 234 685 268 53 0.8599 
 548 479 583 514 53 0.853 
 538 160 572 191 53 0.8506 
 499 275 537 313 53 0.8502 
 620 323 650 357 53 0.8501 
 613 94 656 131 53 0.8428 
 610 63 642 96 53 0.8384 
 402 382 442 419 53 0.8369 
 259 35 296 67 53 0.8291 
 647 442 682 476 53 0.8228 
 106 329 148 363 53 0.8194 
 660 87 694 117 53 0.8188 
 450 299 482 329 53 0.818 
 314 504 358 544 53 0.8164 
 307 89 345 122 53 0.8155 
 641 367 676 400 53 0.814 
 24 78 60 113 53 0.8126 
 516 434 553 465 53 0.8115 
 589 343 628 376 53 0.8106 
 609 436 648 467 53 0.8105 
 502 175 538 206 53 0.8081 
 107 66 148 101 53 0.8037 
 273 447 308 487 53 0.8037 
 236 357 267 392 53 0.8032 
 165 59 199 90 53 0.8008 
 583 235 613 268 53 0.7988 
 652 281 684 310 53 0.797 
 381 492 412 530 53 0.7905 
 369 403 404 440 53 0.79 
 441 139 468 172 53 0.7897 
 246 262 286 297 53 0.7887 
 147 296 182 329 53 0.7862 
 527 545 566 578 53 0.7842 
 255 185 288 217 53 0.7804 
 366 43 397 79 53 0.7788 
 0 82 26 116 53 0.7788 
 110 106 149 141 53 0.7788 
 168 520 203 561 53 0.7773 
 394 308 430 341 53 0.7769 
 172 486 208 517 53 0.7769 
 305 190 345 229 53 0.771 
 195 533 228 569 53 0.7706 
 239 114 271 141 53 0.7686 
 205 381 242 412 53 0.7682 
 637 221 667 254 53 0.7643 
 0 345 27 374 53 0.7627 
 485 401 518 430 53 0.7627 
 240 49 271 81 53 0.7612 
 587 526 628 562 53 0.7549 
 287 545 325 579 53 0.752 
 331 449 370 480 53 0.7441 
 421 562 450 604 53 0.7417 
 476 27 511 63 53 0.7407 
 251 429 286 464 53 0.7358 
 487 454 522 486 53 0.7339 
 231 437 261 470 53 0.7319 
 627 0 658 24 53 0.7271 
 1 527 28 560 53 0.7241 
 138 472 177 510 53 0.7212 
 598 281 634 310 53 0.7202 
 44 435 76 462 53 0.7065 
 361 569 396 616 53 0.7031 
 365 618 399 646 53 0.6978 
 501 561 539 594 53 0.6919 
 473 279 500 305 53 0.6851 
 59 626 100 659 53 0.6836 
 487 623 521 652 53 0.6733 
 269 106 298 137 53 0.6699 
 240 465 274 493 53 0.6592 
 527 488 550 514 53 0.6564 
 588 466 630 508 53 0.6538 
 526 67 567 106 53 0.6538 
 0 213 40 246 53 0.6523 
 146 19 169 48 53 0.6384 
 413 114 445 135 53 0.6362 
 692 274 703 304 53 0.6349 
 220 82 253 118 53 0.6299 
 143 507 173 537 53 0.6143 
 679 653 704 686 53 0.583 
 251 510 292 545 53 0.5825 
 632 593 667 623 53 0.5747 
 506 129 532 159 53 0.5718 
 440 580 471 611 53 0.5566 
 64 525 91 550 53 0.5388 
 530 465 564 498 53 0.5371 
 160 133 202 158 53 0.5332 
 293 371 317 394 53 0.5273 
 433 83 464 115 53 0.5244 
 690 341 703 359 53 0.5166 
 498 110 525 135 53 0.5127 
 692 74 704 105 53 0.5068 
 131 84 162 116 53 0.502 
 292 638 330 672 53 0.4951 
 8 244 37 266 53 0.4844 
 92 462 123 487 53 0.4814 
 337 539 365 565 53 0.4727 
 278 111 311 138 53 0.4534 
 569 355 594 374 53 0.4514 
 472 578 507 607 53 0.4495 
 415 617 439 651 53 0.4417 
 245 624 282 652 53 0.4226 
 549 288 565 310 53 0.4175 
 573 276 603 313 53 0.4006 
 514 466 535 491 53 0.3336 
 608 437 683 475 53 0.3315 
 582 271 606 300 53 0.3252 
 0 187 7 217 53 0.3218 
 239 433 279 472 53 0.3149 
 404 678 437 703 53 0.3015 
 361 0 385 15 53 0.2837 
 82 447 108 478 53 0.2791 
 677 77 700 110 53 0.2751 
 392 43 414 69 53 0.2517 
