292 65 328 93 53 0.8467 
 652 207 682 236 53 0.8301 
 351 275 376 308 53 0.8292 
 137 209 170 238 53 0.8252 
 373 43 408 73 53 0.8248 
 548 348 583 380 53 0.8242 
 228 44 253 75 53 0.8189 
 157 398 185 427 53 0.8018 
 582 357 614 384 53 0.7983 
 178 386 209 416 53 0.7969 
 170 223 198 251 53 0.796 
 444 99 477 128 53 0.7959 
 249 208 278 235 53 0.7921 
 106 5 138 32 53 0.7866 
 573 397 599 425 53 0.7804 
 551 125 579 148 53 0.7788 
 628 221 655 241 53 0.7765 
 553 403 576 425 53 0.7755 
 554 314 582 336 53 0.7744 
 612 81 645 110 53 0.771 
 315 346 344 375 53 0.7667 
 60 420 90 444 53 0.7656 
 660 350 690 378 53 0.7555 
 220 122 249 147 53 0.7505 
 527 247 560 275 53 0.7485 
 543 63 575 90 53 0.7456 
 152 11 180 36 53 0.7441 
 577 172 608 195 53 0.7407 
 527 334 559 366 53 0.7407 
 84 429 107 456 53 0.733 
 309 137 339 166 53 0.7324 
 342 157 367 183 53 0.7306 
 239 275 276 304 53 0.7227 
 303 93 324 118 53 0.716 
 485 105 516 131 53 0.709 
 326 292 353 314 53 0.708 
 118 428 142 454 53 0.7062 
 408 386 438 424 53 0.7051 
 100 420 124 448 53 0.6978 
 47 471 81 493 53 0.6919 
 327 200 358 229 53 0.687 
 521 105 544 129 53 0.651 
 549 29 571 47 53 0.6504 
 682 106 704 133 53 0.6384 
 327 269 355 294 53 0.6353 
 168 477 200 506 53 0.6323 
 190 215 210 229 53 0.6318 
 124 234 153 256 53 0.6167 
 202 53 231 77 53 0.6152 
 364 128 387 154 53 0.614 
 31 210 60 237 53 0.6008 
 1 210 25 231 53 0.5928 
 678 369 704 398 53 0.5908 
 630 426 652 449 53 0.5847 
 526 45 548 64 53 0.5679 
 339 135 364 159 53 0.5659 
 595 189 613 210 53 0.5476 
 57 371 77 396 53 0.5332 
 484 230 504 257 53 0.5281 
 81 380 103 402 53 0.5242 
 272 85 293 105 53 0.5117 
 353 206 374 231 53 0.5105 
 177 215 208 238 53 0.5039 
 625 203 644 228 53 0.5037 
 129 20 153 47 53 0.4939 
 385 117 408 142 53 0.4754 
 324 140 344 167 53 0.4609 
 245 95 269 114 53 0.4561 
 408 1 429 14 53 0.4485 
 316 278 335 301 53 0.4444 
 516 477 541 505 53 0.4368 
 624 364 642 388 53 0.4102 
 395 295 426 317 53 0.385 
 676 298 704 316 53 0.384 
 657 438 688 467 53 0.3757 
 258 430 278 450 53 0.3746 
 140 123 160 144 53 0.3692 
 63 377 85 393 53 0.3638 
 178 199 193 221 53 0.3486 
 481 477 514 506 53 0.3115 
 138 527 155 551 53 0.3098 
 534 19 553 40 53 0.3057 
 500 239 516 259 53 0.2974 
 536 304 556 322 53 0.2622 
 348 102 361 124 53 0.2524 
