309 501 351 531 53 0.7075 
 440 123 465 152 53 0.7003 
 312 604 343 628 53 0.6895 
 504 676 532 699 53 0.687 
 507 626 531 656 53 0.6847 
 448 145 466 172 53 0.6711 
 231 39 256 60 53 0.626 
 214 672 247 699 53 0.6187 
 261 33 289 60 53 0.564 
 627 508 655 538 53 0.561 
 549 528 571 560 53 0.5234 
 595 250 629 276 53 0.5078 
 238 20 273 54 53 0.4863 
 577 651 603 682 53 0.4063 
 452 114 475 141 53 0.3914 
 421 120 440 148 53 0.3875 
 634 427 673 457 53 0.3845 
 264 552 290 581 53 0.3655 
 513 544 540 567 53 0.3577 
 216 620 240 648 53 0.353 
 535 661 563 681 53 0.3398 
 233 29 266 61 53 0.3157 
 546 233 582 265 53 0.314 
 648 31 673 52 53 0.304 
 456 240 473 268 53 0.2991 
 327 525 353 543 53 0.2744 
 619 642 649 666 53 0.2744 
 612 95 641 126 53 0.2622 
