529 113 563 143 53 0.8643 
 374 282 406 313 53 0.8589 
 385 388 411 415 53 0.8354 
 458 669 492 699 53 0.8335 
 344 475 376 505 53 0.832 
 492 125 522 149 53 0.8198 
 224 301 254 329 53 0.8198 
 120 180 149 205 53 0.8174 
 138 286 166 311 53 0.8174 
 623 10 658 41 53 0.8154 
 372 310 399 337 53 0.814 
 328 137 367 167 53 0.8087 
 342 282 373 309 53 0.8057 
 169 337 207 370 53 0.8057 
 534 43 567 72 53 0.7969 
 643 53 673 77 53 0.7969 
 302 155 327 181 53 0.7897 
 0 181 19 210 53 0.7867 
 76 15 102 42 53 0.7857 
 434 234 463 260 53 0.7784 
 166 47 196 72 53 0.7773 
 140 313 164 332 53 0.7759 
 181 555 217 581 53 0.771 
 607 84 635 114 53 0.7676 
 178 415 205 441 53 0.7646 
 478 275 511 304 53 0.7642 
 143 440 180 467 53 0.7627 
 54 25 78 52 53 0.7604 
 532 311 563 340 53 0.7511 
 435 613 465 645 53 0.7471 
 234 130 259 155 53 0.7432 
 97 266 123 295 53 0.7378 
 585 156 610 181 53 0.7316 
 297 308 329 333 53 0.731 
 481 232 513 260 53 0.7295 
 211 295 226 323 53 0.7184 
 448 99 470 124 53 0.7178 
 168 134 190 160 53 0.7121 
 153 505 189 532 53 0.7104 
 29 403 61 431 53 0.708 
 197 40 217 65 53 0.7003 
 49 1 85 26 53 0.6982 
 509 269 527 295 53 0.6953 
 431 77 465 101 53 0.6899 
 285 144 301 171 53 0.6847 
 103 81 141 109 53 0.6836 
 641 178 669 206 53 0.6826 
 399 347 426 369 53 0.6769 
 506 1 539 26 53 0.6768 
 151 413 182 442 53 0.6764 
 632 44 651 65 53 0.6755 
 644 403 689 459 53 0.6626 
 552 294 575 321 53 0.6598 
 280 190 304 212 53 0.6589 
 28 465 44 491 53 0.6491 
 613 343 641 364 53 0.6489 
 585 240 614 267 53 0.644 
 72 226 96 260 53 0.6333 
 413 110 429 139 53 0.6315 
 86 228 114 256 53 0.6309 
 107 1 132 22 53 0.6289 
 159 422 185 448 53 0.6245 
 89 158 109 182 53 0.6174 
 153 155 176 179 53 0.6071 
 625 184 641 208 53 0.604 
 5 143 36 170 53 0.6021 
 108 145 141 173 53 0.5962 
 313 115 339 138 53 0.5957 
 430 671 463 701 53 0.5935 
 198 468 223 496 53 0.585 
 472 30 490 54 53 0.5747 
 385 66 403 91 53 0.5676 
 259 318 285 339 53 0.5666 
 403 332 424 354 53 0.5534 
 621 405 653 451 53 0.5527 
 70 39 92 60 53 0.5488 
 9 108 41 134 53 0.5479 
 505 214 531 239 53 0.5459 
 429 50 451 82 53 0.5449 
 0 127 20 152 53 0.543 
 681 291 704 317 53 0.5254 
 460 63 489 88 53 0.5244 
 311 302 336 326 53 0.5244 
 419 12 447 33 53 0.5195 
 560 340 583 361 53 0.5076 
 96 34 122 55 53 0.5007 
 518 665 546 690 53 0.4971 
 693 323 703 352 53 0.4822 
 79 560 107 593 53 0.4775 
 129 0 161 17 53 0.4766 
 689 133 703 163 53 0.4619 
 88 675 123 702 53 0.4524 
 496 36 520 54 53 0.4453 
 32 466 57 492 53 0.4366 
 325 40 355 66 53 0.4358 
 0 158 25 182 53 0.4358 
 458 334 480 357 53 0.4348 
 69 442 99 465 53 0.4331 
 147 501 170 530 53 0.427 
 12 453 25 478 53 0.4263 
 479 2 491 11 53 0.4207 
 263 362 283 381 53 0.4187 
 448 651 472 679 53 0.4177 
 561 454 595 479 53 0.4158 
 441 562 476 589 53 0.3999 
 477 0 492 17 53 0.3821 
 270 545 312 582 53 0.3821 
 587 272 606 286 53 0.3757 
 1 112 33 144 53 0.3711 
 460 445 489 473 53 0.3694 
 307 499 324 524 53 0.3619 
 502 637 527 662 53 0.3567 
 137 293 163 332 53 0.3567 
 185 293 202 311 53 0.3523 
 127 2 157 12 53 0.3452 
 441 450 465 475 53 0.3452 
 104 110 127 125 53 0.3433 
 104 353 124 373 53 0.3286 
 528 687 571 704 53 0.3286 
 570 165 585 182 53 0.3225 
 106 425 138 449 53 0.3191 
 87 456 117 482 53 0.3167 
 390 351 423 380 53 0.3123 
 542 482 576 509 53 0.3081 
 163 2 190 30 53 0.2886 
 21 463 41 487 53 0.2867 
 597 306 613 333 53 0.2805 
 166 0 186 19 53 0.272 
 113 61 134 79 53 0.2666 
 338 116 360 138 53 0.2651 
 609 174 632 193 53 0.2651 
 525 100 540 117 53 0.2637 
 41 471 60 490 53 0.2637 
 198 503 216 518 53 0.2637 
 101 139 126 157 53 0.2605 
 43 622 75 648 53 0.2568 
 282 368 297 392 53 0.2517 
