472 495 506 532 53 0.8511 
 334 49 373 84 53 0.8491 
 648 290 687 324 53 0.8394 
 582 81 617 112 53 0.8306 
 547 482 585 519 53 0.8291 
 547 125 584 161 53 0.8262 
 604 107 639 137 53 0.8154 
 485 293 527 330 53 0.815 
 518 34 557 75 53 0.814 
 531 245 569 287 53 0.8062 
 282 377 321 416 53 0.8032 
 0 84 39 129 53 0.8027 
 606 505 644 539 53 0.8018 
 572 196 602 232 53 0.8003 
 524 300 564 340 53 0.7983 
 231 322 271 358 53 0.7983 
 630 60 666 93 53 0.7959 
 383 554 422 589 53 0.7959 
 439 497 475 529 53 0.7944 
 274 321 316 356 53 0.7925 
 260 412 298 449 53 0.7925 
 335 457 370 498 53 0.79 
 46 83 83 118 53 0.7891 
 595 327 632 360 53 0.7843 
 467 44 505 80 53 0.7808 
 633 98 662 134 53 0.7755 
 560 263 588 293 53 0.7706 
 455 527 494 559 53 0.7686 
 533 533 574 568 53 0.7618 
 389 641 425 676 53 0.7598 
 310 538 349 576 53 0.7578 
 215 70 246 103 53 0.7578 
 517 659 559 698 53 0.7549 
 611 602 650 636 53 0.7545 
 210 447 251 483 53 0.752 
 174 252 211 287 53 0.7515 
 245 145 287 180 53 0.7505 
 512 373 539 403 53 0.7417 
 275 535 312 573 53 0.7384 
 292 134 338 163 53 0.7373 
 148 400 192 435 53 0.7373 
 243 654 289 697 53 0.7334 
 633 184 673 217 53 0.733 
 449 91 486 126 53 0.731 
 515 572 553 605 53 0.7271 
 458 357 490 393 53 0.7266 
 684 163 704 197 53 0.7241 
 372 499 411 531 53 0.7202 
 266 213 310 248 53 0.7192 
 588 121 622 159 53 0.7163 
 61 42 103 82 53 0.7104 
 370 31 401 58 53 0.7051 
 558 545 593 580 53 0.7026 
 653 0 680 31 53 0.6978 
 404 456 438 486 53 0.6968 
 207 651 245 687 53 0.6943 
 665 504 697 540 53 0.6925 
 170 575 214 610 53 0.687 
 276 84 321 121 53 0.6782 
 373 583 413 620 53 0.6758 
 162 661 205 702 53 0.6626 
 139 127 174 153 53 0.634 
 195 316 226 346 53 0.6177 
 330 561 360 595 53 0.5972 
 325 619 360 652 53 0.5972 
 352 537 387 569 53 0.5815 
 485 395 512 428 53 0.5806 
 129 621 176 663 53 0.5542 
 215 620 252 648 53 0.5537 
 550 684 592 703 53 0.5342 
 595 111 631 153 53 0.5283 
 76 103 102 140 53 0.5273 
 214 407 241 437 53 0.5264 
 574 600 607 633 53 0.5264 
 432 423 466 444 53 0.5254 
 373 283 407 311 53 0.5215 
 165 473 198 508 53 0.4697 
 102 677 130 701 53 0.46 
 579 123 606 150 53 0.4407 
 661 412 693 435 53 0.4377 
 132 217 157 245 53 0.4216 
 692 331 702 350 53 0.4197 
 535 387 549 409 53 0.4034 
 4 481 42 508 53 0.3923 
 276 685 316 704 53 0.3887 
 438 335 473 353 53 0.3831 
 685 675 704 704 53 0.373 
 221 588 257 624 53 0.3621 
 74 372 102 391 53 0.3621 
 348 610 373 645 53 0.3584 
 476 201 506 233 53 0.353 
 171 129 215 164 53 0.3328 
 83 334 122 355 53 0.3328 
 368 112 388 136 53 0.3225 
 694 374 702 398 53 0.3157 
 281 334 321 436 53 0.312 
 229 319 320 360 53 0.3074 
 183 2 216 28 53 0.3066 
 203 648 281 695 53 0.3003 
 212 91 238 122 53 0.2712 
 55 42 95 121 53 0.269 
 318 211 357 234 53 0.2681 
 358 178 384 200 53 0.2629 
