117 280 140 301 53 0.7476 
 131 350 162 375 53 0.731 
 61 512 87 538 53 0.6847 
 125 31 147 58 53 0.6501 
 127 317 148 338 53 0.606 
 27 498 47 520 53 0.5744 
 98 254 121 278 53 0.5437 
 42 509 63 534 53 0.5261 
 681 188 700 215 53 0.5117 
 57 336 69 357 53 0.491 
 679 93 699 121 53 0.4775 
 666 406 696 428 53 0.4678 
 663 482 690 505 53 0.4531 
 270 12 294 30 53 0.3621 
 60 365 80 382 53 0.3575 
 20 73 46 102 53 0.3328 
 74 429 94 441 53 0.3091 
 198 391 223 411 53 0.3025 
 121 445 146 470 53 0.3008 
 311 11 328 31 53 0.291 
 102 72 124 96 53 0.2598 
 52 367 85 390 53 0.2598 
