531 294 567 322 53 0.8408 
 42 122 74 147 53 0.8364 
 568 391 600 419 53 0.8276 
 621 364 648 393 53 0.818 
 456 179 489 210 53 0.8164 
 132 74 166 105 53 0.816 
 106 118 136 145 53 0.8115 
 87 94 120 123 53 0.8105 
 643 434 675 463 53 0.8105 
 24 317 57 349 53 0.8042 
 358 338 384 368 53 0.7984 
 600 431 630 457 53 0.7944 
 139 221 171 248 53 0.7936 
 346 307 378 336 53 0.7881 
 448 123 483 155 53 0.7877 
 581 363 612 390 53 0.7866 
 210 380 241 407 53 0.7852 
 392 0 431 28 53 0.7832 
 395 386 429 414 53 0.7832 
 629 409 666 437 53 0.7812 
 449 419 487 448 53 0.7759 
 46 91 79 121 53 0.7734 
 377 292 404 320 53 0.7734 
 641 276 680 302 53 0.7725 
 600 148 635 177 53 0.7686 
 245 404 278 432 53 0.7661 
 75 281 105 309 53 0.7638 
 71 61 103 91 53 0.7607 
 209 59 236 91 53 0.7593 
 628 343 659 366 53 0.7578 
 235 361 269 391 53 0.7516 
 183 401 217 425 53 0.7461 
 194 273 228 301 53 0.7446 
 376 178 402 206 53 0.7418 
 191 78 223 109 53 0.7227 
 321 16 346 42 53 0.7047 
 541 182 571 204 53 0.7041 
 6 122 40 149 53 0.7041 
 119 386 146 416 53 0.7031 
 314 479 349 506 53 0.6989 
 559 329 583 354 53 0.6919 
 393 75 425 107 53 0.6916 
 0 477 28 506 53 0.6851 
 586 93 618 124 53 0.6833 
 401 333 427 359 53 0.6823 
 423 267 459 290 53 0.6768 
 13 389 41 414 53 0.6758 
 362 175 382 200 53 0.672 
 108 323 143 347 53 0.6646 
 117 140 143 161 53 0.6589 
 187 657 222 689 53 0.6558 
 103 275 143 298 53 0.6548 
 308 501 332 530 53 0.6545 
 208 24 237 49 53 0.6533 
 681 416 703 439 53 0.653 
 515 336 556 364 53 0.6479 
 687 341 703 366 53 0.6444 
 504 0 548 18 53 0.6362 
 113 36 147 62 53 0.625 
 117 13 152 41 53 0.6113 
 358 28 390 52 53 0.6084 
 310 259 336 292 53 0.5972 
 354 428 380 456 53 0.5947 
 97 379 122 410 53 0.582 
 281 177 297 198 53 0.5817 
 470 45 500 72 53 0.5757 
 191 139 211 165 53 0.5737 
 323 117 358 149 53 0.5591 
 461 91 493 122 53 0.5581 
 87 27 114 56 53 0.5581 
 542 0 578 28 53 0.5554 
 259 604 290 627 53 0.54 
 184 134 203 159 53 0.5303 
 0 595 33 626 53 0.5098 
 433 564 467 589 53 0.5039 
 163 444 195 469 53 0.4805 
 223 144 255 171 53 0.4766 
 580 128 605 153 53 0.4746 
 500 61 530 88 53 0.4736 
 370 130 397 155 53 0.4648 
 240 31 277 56 53 0.4514 
 264 572 293 603 53 0.4436 
 24 345 42 360 53 0.4263 
 95 387 127 424 53 0.4065 
 97 144 117 163 53 0.3867 
 1 268 7 294 53 0.3774 
 202 626 227 661 53 0.3655 
 251 499 288 528 53 0.3452 
 302 402 320 420 53 0.3408 
 412 162 429 194 53 0.3311 
 217 569 247 599 53 0.3293 
 199 454 224 476 53 0.3225 
 584 143 604 169 53 0.3218 
 182 285 196 300 53 0.3172 
 75 524 105 552 53 0.3115 
 212 141 225 161 53 0.3049 
 329 654 361 682 53 0.2644 
