612 66 648 96 53 0.8491 
 331 316 363 348 53 0.8428 
 524 2 568 45 53 0.8423 
 87 62 123 93 53 0.8399 
 47 413 88 448 53 0.8364 
 126 108 163 146 53 0.8354 
 139 187 171 220 53 0.8354 
 637 538 684 580 53 0.8315 
 31 214 65 248 53 0.8311 
 314 642 351 674 53 0.8301 
 9 402 45 432 53 0.8291 
 227 435 264 465 53 0.8286 
 207 188 239 223 53 0.8276 
 668 154 701 193 53 0.8271 
 641 481 683 516 53 0.8267 
 448 385 483 416 53 0.8257 
 612 101 645 131 53 0.8218 
 0 369 20 403 53 0.8199 
 416 482 454 522 53 0.8184 
 407 521 433 556 53 0.818 
 153 50 196 89 53 0.8135 
 349 106 390 144 53 0.8115 
 210 563 247 598 53 0.811 
 608 402 650 443 53 0.811 
 432 282 473 318 53 0.8101 
 168 569 209 605 53 0.8097 
 549 488 585 521 53 0.8062 
 348 435 393 478 53 0.8057 
 180 352 214 387 53 0.8032 
 642 218 687 251 53 0.8023 
 173 258 203 290 53 0.8018 
 306 466 338 495 53 0.8003 
 106 309 145 339 53 0.7993 
 324 76 359 111 53 0.7988 
 430 360 467 394 53 0.7984 
 413 20 445 45 53 0.792 
 445 515 470 547 53 0.7882 
 466 327 508 361 53 0.7877 
 113 505 146 540 53 0.7852 
 23 296 69 341 53 0.7852 
 251 144 277 174 53 0.7847 
 195 0 236 24 53 0.7818 
 567 499 609 542 53 0.7808 
 578 87 617 113 53 0.7734 
 485 673 524 703 53 0.7705 
 220 243 252 279 53 0.7676 
 589 362 617 397 53 0.7568 
 302 587 335 626 53 0.7568 
 314 371 340 398 53 0.7511 
 317 282 354 320 53 0.7511 
 567 69 595 100 53 0.75 
 581 29 612 62 53 0.7476 
 614 253 647 279 53 0.7441 
 76 274 106 303 53 0.7428 
 496 123 536 162 53 0.7388 
 680 55 703 82 53 0.7384 
 12 361 45 389 53 0.7378 
 650 323 680 349 53 0.7305 
 477 357 520 387 53 0.7114 
 431 624 465 656 53 0.7114 
 604 620 641 660 53 0.7075 
 398 245 434 273 53 0.6958 
 122 194 143 218 53 0.695 
 207 45 236 72 53 0.6899 
 148 421 187 448 53 0.686 
 85 530 125 556 53 0.6836 
 114 667 153 700 53 0.6833 
 97 33 140 60 53 0.6714 
 0 89 15 114 53 0.6623 
 28 36 60 64 53 0.6582 
 598 311 637 337 53 0.6582 
 576 47 614 73 53 0.6504 
 367 594 399 628 53 0.6489 
 88 29 124 62 53 0.646 
 259 425 284 445 53 0.6094 
 106 497 131 528 53 0.6074 
 462 664 492 691 53 0.6074 
 421 570 443 598 53 0.603 
 632 25 665 52 53 0.5981 
 689 187 703 207 53 0.582 
 146 25 170 48 53 0.5505 
 150 611 188 639 53 0.5488 
 675 23 704 47 53 0.5449 
 393 276 431 301 53 0.5449 
 226 620 254 654 53 0.5381 
 187 136 222 159 53 0.5264 
 161 2 198 22 53 0.5234 
 542 398 569 424 53 0.5186 
 150 229 172 254 53 0.5156 
 546 677 595 704 53 0.5117 
 192 526 218 555 53 0.5095 
 193 654 220 683 53 0.5078 
 213 108 251 128 53 0.5078 
 40 538 82 579 53 0.4951 
 168 304 194 331 53 0.4514 
 606 23 626 47 53 0.4456 
 88 37 134 84 53 0.4441 
 35 550 56 577 53 0.4434 
 1 254 12 278 53 0.4216 
 472 66 504 87 53 0.4197 
 310 630 327 652 53 0.4146 
 122 333 144 348 53 0.3979 
 2 347 22 372 53 0.3943 
 280 256 311 285 53 0.3857 
 161 688 181 704 53 0.3711 
 250 258 265 281 53 0.3604 
 41 531 74 564 53 0.3433 
 5 1 13 12 53 0.3328 
 623 637 648 662 53 0.3252 
 161 1 183 18 53 0.3218 
 150 249 166 272 53 0.3206 
 163 563 247 606 53 0.3123 
 166 311 185 333 53 0.3065 
 694 605 702 633 53 0.304 
 175 296 194 320 53 0.291 
 60 551 82 578 53 0.2822 
 421 518 461 549 53 0.2776 
 418 64 443 87 53 0.2775 
 60 681 88 704 53 0.2751 
 604 568 643 589 53 0.2727 
 0 0 16 16 53 0.2712 
 314 493 329 510 53 0.2637 
 458 351 484 381 53 0.2629 
