270 420 309 451 53 0.8271 
 225 109 256 137 53 0.7759 
 251 265 286 293 53 0.7646 
 407 238 439 266 53 0.7476 
 489 209 522 235 53 0.7358 
 84 251 117 281 53 0.7301 
 287 305 318 335 53 0.7266 
 109 212 144 241 53 0.7153 
 529 144 564 174 53 0.6992 
 613 433 647 460 53 0.6958 
 478 433 508 464 53 0.6943 
 360 392 393 420 53 0.6836 
 50 189 78 210 53 0.6655 
 511 366 545 390 53 0.6538 
 24 190 50 215 53 0.6289 
 468 227 498 253 53 0.626 
 653 353 684 380 53 0.6245 
 33 207 65 228 53 0.6113 
 193 300 225 325 53 0.6074 
 203 17 239 43 53 0.5786 
 455 357 482 379 53 0.5747 
 484 330 511 351 53 0.5735 
 445 0 480 22 53 0.5488 
 188 41 225 69 53 0.4805 
 215 25 239 47 53 0.4727 
 514 464 537 486 53 0.2884 
 87 231 127 283 53 0.2632 
 464 345 491 372 53 0.2546 
