115 286 137 311 53 0.796 
 173 349 199 376 53 0.7921 
 501 361 532 391 53 0.7852 
 569 67 599 97 53 0.7812 
 259 250 280 275 53 0.7755 
 597 201 626 226 53 0.7604 
 190 316 215 343 53 0.7604 
 136 231 160 257 53 0.7526 
 525 373 557 403 53 0.749 
 621 0 647 25 53 0.7452 
 572 172 603 204 53 0.7305 
 233 261 258 282 53 0.7295 
 569 230 601 252 53 0.728 
 153 337 185 362 53 0.7241 
 161 371 187 395 53 0.7213 
 497 130 526 158 53 0.7163 
 398 362 429 393 53 0.7163 
 396 429 415 457 53 0.7013 
 641 141 661 167 53 0.6989 
 575 14 602 43 53 0.6979 
 128 276 155 298 53 0.6919 
 523 98 551 130 53 0.686 
 639 164 660 192 53 0.6823 
 437 0 466 30 53 0.6758 
 637 81 660 109 53 0.6589 
 510 200 540 227 53 0.6533 
 491 162 525 186 53 0.6494 
 571 0 600 15 53 0.647 
 104 51 127 77 53 0.6457 
 430 397 458 422 53 0.6372 
 198 374 222 391 53 0.625 
 587 217 613 242 53 0.6177 
 167 133 202 161 53 0.5938 
 486 335 507 371 53 0.5747 
 513 402 551 419 53 0.541 
 554 20 578 43 53 0.54 
 272 28 304 58 53 0.5137 
 194 100 225 129 53 0.5117 
 84 47 104 70 53 0.5115 
 314 348 346 380 53 0.5078 
 416 344 435 368 53 0.5059 
 406 442 439 469 53 0.5039 
 557 202 586 237 53 0.501 
 478 82 506 111 53 0.4844 
 150 402 174 420 53 0.4814 
 548 169 565 194 53 0.4522 
 682 0 702 18 53 0.4502 
 500 92 524 128 53 0.4495 
 92 234 106 259 53 0.4424 
 162 429 183 446 53 0.4197 
 531 197 549 225 53 0.4175 
 417 305 445 324 53 0.397 
 266 1 287 16 53 0.3912 
 517 36 553 60 53 0.3877 
 388 421 402 440 53 0.3794 
 339 220 360 246 53 0.3638 
 172 408 200 427 53 0.3567 
 498 300 522 325 53 0.3502 
 265 16 281 44 53 0.3477 
 461 427 491 456 53 0.3477 
 599 197 621 213 53 0.3433 
 396 115 425 144 53 0.3345 
 190 181 222 203 53 0.3328 
 293 183 318 207 53 0.3293 
 603 191 621 208 53 0.3293 
 267 231 284 253 53 0.3286 
 549 238 572 257 53 0.3276 
 502 58 527 74 53 0.3208 
 420 421 445 443 53 0.3167 
 298 16 312 44 53 0.3123 
 457 256 484 284 53 0.304 
 557 216 578 238 53 0.3025 
 545 430 571 453 53 0.3014 
 220 182 247 204 53 0.2998 
 570 171 589 193 53 0.2925 
 633 147 660 185 53 0.2886 
 612 163 642 185 53 0.2847 
 644 1 669 26 53 0.2766 
 405 464 426 493 53 0.2751 
 386 419 411 443 53 0.272 
 588 208 622 234 53 0.2681 
 584 308 610 334 53 0.259 
 478 108 506 135 53 0.2576 
 190 11 203 32 53 0.2532 
 437 282 468 307 53 0.251 
