388 201 421 242 53 0.8594 
 272 224 322 268 53 0.8535 
 53 46 97 85 53 0.8511 
 526 69 570 112 53 0.8472 
 390 29 440 80 53 0.8438 
 161 89 207 140 53 0.8433 
 94 49 139 98 53 0.8418 
 18 122 62 165 53 0.8413 
 548 0 591 34 53 0.8408 
 499 142 544 179 53 0.8394 
 497 433 545 473 53 0.8394 
 67 369 117 409 53 0.8345 
 47 184 97 228 53 0.8345 
 312 182 357 225 53 0.832 
 371 143 416 180 53 0.8291 
 270 361 316 399 53 0.8291 
 224 437 276 486 53 0.8291 
 483 381 528 422 53 0.8257 
 161 284 210 327 53 0.8237 
 123 420 172 465 53 0.8218 
 80 332 120 368 53 0.8199 
 268 36 312 79 53 0.8198 
 430 45 482 92 53 0.8193 
 277 400 322 438 53 0.8188 
 0 535 40 581 53 0.8188 
 582 279 620 312 53 0.818 
 196 366 241 403 53 0.8169 
 180 397 218 444 53 0.8159 
 64 113 112 159 53 0.8154 
 1 273 53 317 53 0.814 
 204 295 250 345 53 0.8135 
 203 98 247 132 53 0.8125 
 29 482 65 520 53 0.8125 
 312 97 347 129 53 0.811 
 356 92 398 136 53 0.811 
 558 147 605 189 53 0.8101 
 399 608 446 654 53 0.8062 
 328 141 373 182 53 0.8057 
 439 102 477 135 53 0.8042 
 126 498 167 539 53 0.8037 
 323 526 358 561 53 0.8008 
 419 159 468 194 53 0.7983 
 407 404 449 439 53 0.7939 
 328 451 372 489 53 0.791 
 75 487 118 527 53 0.7905 
 349 213 392 253 53 0.7871 
 420 295 470 347 53 0.7852 
 93 598 146 641 53 0.7852 
 222 483 271 528 53 0.7837 
 132 266 177 306 53 0.7832 
 94 559 138 596 53 0.7832 
 313 326 362 369 53 0.7817 
 50 565 88 602 53 0.7788 
 329 650 377 689 53 0.7778 
 311 3 358 49 53 0.7754 
 0 174 20 209 53 0.7739 
 616 133 656 174 53 0.771 
 383 664 429 702 53 0.7686 
 406 439 459 486 53 0.7666 
 240 149 287 192 53 0.7646 
 40 156 71 192 53 0.7612 
 493 0 539 37 53 0.7593 
 529 558 573 596 53 0.7593 
 140 61 181 97 53 0.7589 
 503 218 548 259 53 0.7559 
 133 563 181 600 53 0.75 
 264 289 310 326 53 0.7456 
 370 383 410 420 53 0.7446 
 467 251 512 287 53 0.7378 
 31 655 83 696 53 0.7373 
 145 132 193 169 53 0.7339 
 160 580 207 622 53 0.7339 
 334 397 384 437 53 0.7334 
 175 38 224 75 53 0.7319 
 121 151 160 189 53 0.7241 
 531 249 574 285 53 0.7231 
 445 530 493 573 53 0.7173 
 586 590 630 629 53 0.708 
 271 671 322 703 53 0.7056 
 179 630 232 672 53 0.7056 
 224 52 261 93 53 0.7007 
 290 471 340 513 53 0.7007 
 402 266 442 300 53 0.6982 
 349 30 389 71 53 0.6899 
 492 601 542 642 53 0.6851 
 269 603 318 646 53 0.6636 
 19 440 67 480 53 0.6631 
 588 555 631 595 53 0.6611 
 468 660 510 699 53 0.6553 
 216 127 247 161 53 0.6372 
 70 553 101 580 53 0.6187 
 386 371 418 405 53 0.6143 
 247 25 276 54 53 0.5601 
 142 674 182 703 53 0.5591 
 14 308 50 332 53 0.541 
 0 223 11 253 53 0.5391 
 124 667 165 704 53 0.5176 
 77 422 120 456 53 0.4509 
 50 516 96 546 53 0.4495 
 527 249 552 288 53 0.4065 
 184 374 233 446 53 0.3726 
 181 463 202 483 53 0.3611 
 147 100 204 163 53 0.3584 
 145 130 171 162 53 0.3513 
 338 489 371 520 53 0.3328 
 86 554 172 602 53 0.3079 
 115 507 132 537 53 0.283 
 518 1 547 24 53 0.2815 
 406 257 454 317 53 0.2727 
 284 562 329 585 53 0.2546 
