358 255 398 299 53 0.8701 
 419 123 467 171 53 0.8618 
 64 411 109 454 53 0.8599 
 255 358 305 404 53 0.8555 
 318 399 372 446 53 0.8521 
 284 303 327 346 53 0.8501 
 369 169 420 214 53 0.8486 
 242 154 283 197 53 0.8481 
 55 76 96 117 53 0.8477 
 235 435 278 477 53 0.8452 
 460 429 506 470 53 0.8447 
 316 97 349 139 53 0.8423 
 182 192 228 232 53 0.8423 
 549 444 598 489 53 0.8389 
 255 481 306 526 53 0.8389 
 269 102 319 151 53 0.8291 
 29 168 81 210 53 0.8262 
 236 301 282 339 53 0.8257 
 43 199 95 244 53 0.8242 
 176 600 231 649 53 0.8228 
 90 258 141 308 53 0.8203 
 42 319 87 367 53 0.8164 
 523 638 573 678 53 0.8154 
 215 18 254 64 53 0.8145 
 556 578 603 622 53 0.8086 
 108 127 158 173 53 0.8062 
 345 99 394 151 53 0.8052 
 477 373 517 410 53 0.7988 
 144 320 193 359 53 0.7964 
 488 574 536 618 53 0.7959 
 453 298 498 338 53 0.7949 
 21 30 68 69 53 0.7944 
 348 543 394 588 53 0.7939 
 477 0 522 37 53 0.793 
 104 191 153 228 53 0.7812 
 495 180 538 224 53 0.7812 
 386 520 439 564 53 0.7759 
 426 615 476 657 53 0.769 
 417 352 445 398 53 0.7676 
 683 411 704 451 53 0.7676 
 151 395 186 433 53 0.7622 
 0 585 39 627 53 0.7607 
 23 473 73 516 53 0.751 
 147 520 202 571 53 0.7505 
 480 628 526 671 53 0.7441 
 292 602 342 647 53 0.7432 
 564 125 603 165 53 0.7373 
 144 74 195 118 53 0.7358 
 83 551 127 591 53 0.7305 
 621 611 664 645 53 0.708 
 359 635 389 661 53 0.7065 
 373 662 423 704 53 0.7007 
 180 663 233 704 53 0.6606 
 594 0 634 23 53 0.6216 
 46 450 77 476 53 0.5947 
 145 322 168 358 53 0.5796 
 580 2 613 21 53 0.5737 
 573 682 622 704 53 0.5449 
 169 402 203 438 53 0.4465 
 64 447 96 476 53 0.3469 
 218 687 269 704 53 0.3452 
 474 630 570 679 53 0.3315 
 296 675 348 702 53 0.2637 
