414 183 444 210 53 0.8198 
 63 37 94 67 53 0.8154 
 605 379 638 407 53 0.8105 
 538 312 570 340 53 0.8091 
 330 76 363 103 53 0.8066 
 432 380 460 407 53 0.8057 
 188 63 219 95 53 0.8033 
 536 259 565 288 53 0.8027 
 589 314 616 340 53 0.7969 
 122 42 157 70 53 0.7891 
 147 182 181 209 53 0.7793 
 633 429 661 457 53 0.7788 
 582 58 613 85 53 0.7778 
 493 232 527 261 53 0.7759 
 350 419 373 445 53 0.7721 
 67 3 99 30 53 0.7676 
 582 442 609 473 53 0.7653 
 593 394 615 418 53 0.7609 
 635 348 662 375 53 0.7589 
 320 322 357 352 53 0.7485 
 137 207 167 237 53 0.7456 
 221 592 251 619 53 0.7456 
 328 43 363 75 53 0.7441 
 279 195 308 218 53 0.7422 
 133 576 168 604 53 0.7422 
 579 109 609 135 53 0.7227 
 5 610 41 634 53 0.7041 
 600 2 629 20 53 0.7017 
 557 250 586 277 53 0.7013 
 507 211 535 235 53 0.6989 
 528 220 547 246 53 0.6974 
 365 355 390 379 53 0.6955 
 305 19 335 47 53 0.6885 
 166 197 190 225 53 0.6847 
 221 11 245 35 53 0.6789 
 235 380 266 405 53 0.6735 
 430 127 456 151 53 0.6665 
 27 580 58 610 53 0.6665 
 687 435 704 463 53 0.6649 
 321 505 356 535 53 0.6626 
 502 135 530 162 53 0.6577 
 169 579 186 610 53 0.6523 
 182 582 219 617 53 0.6436 
 375 265 395 285 53 0.6377 
 406 391 425 414 53 0.6343 
 355 4 392 31 53 0.6318 
 553 445 585 474 53 0.6309 
 431 353 453 379 53 0.6174 
 413 353 434 382 53 0.6123 
 516 31 539 60 53 0.5981 
 161 306 193 334 53 0.5908 
 251 37 268 60 53 0.5847 
 48 2 69 13 53 0.583 
 263 186 286 210 53 0.5783 
 304 309 325 328 53 0.5764 
 320 578 345 602 53 0.5754 
 453 105 477 129 53 0.5708 
 302 529 326 553 53 0.5627 
 293 53 308 75 53 0.5617 
 70 379 106 404 53 0.5581 
 124 117 151 142 53 0.5547 
 245 501 274 525 53 0.5547 
 598 38 624 60 53 0.5449 
 170 223 190 246 53 0.5447 
 170 1 191 19 53 0.5408 
 113 656 145 683 53 0.5381 
 217 184 250 211 53 0.5215 
 404 62 432 87 53 0.5117 
 457 350 492 377 53 0.5098 
 197 372 222 396 53 0.499 
 480 275 521 299 53 0.4951 
 223 84 244 101 53 0.4824 
 224 349 252 372 53 0.4746 
 678 373 700 395 53 0.4609 
 166 245 183 263 53 0.4531 
 9 321 43 345 53 0.4358 
 521 543 550 571 53 0.4341 
 289 591 319 619 53 0.4226 
 277 499 300 525 53 0.4207 
 557 334 569 353 53 0.408 
 492 35 517 59 53 0.4055 
 194 456 219 479 53 0.4014 
 104 469 119 491 53 0.4006 
 569 253 586 274 53 0.3943 
 589 387 626 413 53 0.3933 
 195 347 215 370 53 0.3931 
 222 228 246 251 53 0.3887 
 595 1 615 17 53 0.3831 
 419 457 453 479 53 0.3774 
 326 156 352 186 53 0.3757 
 132 327 170 352 53 0.3721 
 169 657 201 686 53 0.3711 
 355 513 384 538 53 0.3667 
 417 161 434 182 53 0.3657 
 162 31 180 52 53 0.3621 
 0 593 31 618 53 0.3513 
 422 72 439 90 53 0.3414 
 396 98 416 117 53 0.337 
 234 183 253 210 53 0.3364 
 117 554 146 583 53 0.3328 
 44 0 73 21 53 0.332 
 389 439 412 459 53 0.3259 
 65 216 91 246 53 0.3121 
 258 141 279 162 53 0.3098 
 414 8 439 33 53 0.3074 
 159 548 181 580 53 0.3032 
 446 580 468 610 53 0.2935 
 222 373 236 393 53 0.2901 
 420 48 449 69 53 0.2886 
 637 549 677 577 53 0.283 
 87 238 106 257 53 0.2681 
 288 9 303 26 53 0.2665 
 454 432 478 452 53 0.2644 
 571 528 603 555 53 0.2568 
 483 279 505 297 53 0.2561 
