417 118 468 171 53 0.8584 
 657 480 704 536 53 0.8564 
 519 201 571 255 53 0.8428 
 271 280 325 336 53 0.8408 
 396 298 442 349 53 0.8403 
 464 246 508 299 53 0.8188 
 476 285 526 340 53 0.8164 
 572 491 618 546 53 0.8101 
 509 11 553 55 53 0.7964 
 579 278 612 321 53 0.792 
 336 258 384 297 53 0.791 
 580 227 633 278 53 0.7881 
 514 77 567 130 53 0.7744 
 550 277 584 314 53 0.7734 
 486 218 532 270 53 0.7686 
 353 291 392 333 53 0.7627 
 178 0 229 58 53 0.7593 
 508 473 569 537 53 0.7544 
 1 288 34 326 53 0.752 
 186 295 238 344 53 0.7476 
 549 0 602 50 53 0.7432 
 437 251 469 287 53 0.7402 
 442 10 497 59 53 0.7388 
 405 432 453 483 53 0.7388 
 210 258 257 304 53 0.7378 
 402 356 438 388 53 0.7358 
 277 388 332 441 53 0.7344 
 474 383 530 441 53 0.7275 
 669 613 704 661 53 0.7041 
 116 289 162 336 53 0.6992 
 232 6 269 50 53 0.6909 
 358 4 394 32 53 0.6841 
 550 438 605 495 53 0.6841 
 278 260 322 285 53 0.6782 
 365 492 423 550 53 0.6768 
 467 522 514 564 53 0.6665 
 269 32 299 65 53 0.6655 
 371 34 409 61 53 0.6602 
 291 38 325 68 53 0.6514 
 289 0 333 37 53 0.6387 
 569 310 621 359 53 0.6387 
 125 531 163 577 53 0.603 
 395 3 434 35 53 0.5898 
 215 523 250 560 53 0.5571 
 387 541 426 569 53 0.542 
 317 136 346 176 53 0.5244 
 640 301 682 339 53 0.5244 
 241 526 275 564 53 0.4951 
 110 282 132 325 53 0.4426 
 280 0 311 31 53 0.4263 
 247 17 282 53 53 0.4102 
 364 397 396 430 53 0.3804 
 576 238 627 324 53 0.3694 
 339 401 373 433 53 0.3674 
 270 23 328 70 53 0.3328 
 310 0 332 20 53 0.3303 
 180 295 207 339 53 0.3208 
 632 297 670 328 53 0.3184 
 194 252 230 282 53 0.3066 
 385 353 411 389 53 0.3025 
 427 415 460 446 53 0.2983 
 555 497 584 544 53 0.2935 
 451 277 476 312 53 0.2605 
