652 30 679 55 53 0.8214 
 75 369 110 404 53 0.8164 
 357 347 389 375 53 0.7822 
 54 433 94 457 53 0.749 
 278 339 308 366 53 0.7457 
 628 431 657 455 53 0.7251 
 20 423 50 445 53 0.6826 
 661 0 697 22 53 0.6724 
 301 224 330 251 53 0.6699 
 412 338 436 366 53 0.6353 
 591 422 632 455 53 0.627 
 558 493 595 522 53 0.6216 
 147 333 177 362 53 0.6187 
 418 363 443 383 53 0.6117 
 623 518 653 550 53 0.6011 
 331 386 352 407 53 0.6008 
 669 530 700 562 53 0.5876 
 390 362 410 386 53 0.5786 
 115 392 147 413 53 0.5776 
 398 369 424 394 53 0.5708 
 621 396 646 422 53 0.5698 
 14 176 40 205 53 0.5688 
 543 214 574 245 53 0.5591 
 321 337 349 363 53 0.5361 
 517 94 545 124 53 0.5293 
 192 425 214 449 53 0.5088 
 645 536 677 568 53 0.5068 
 411 229 432 250 53 0.4929 
 450 348 472 374 53 0.4685 
 366 324 397 352 53 0.4551 
 461 262 485 288 53 0.4485 
 548 294 583 316 53 0.4465 
 56 501 82 529 53 0.4424 
 689 394 703 424 53 0.4417 
 0 140 20 169 53 0.4302 
 533 86 556 112 53 0.4121 
 196 279 220 307 53 0.3979 
 34 548 66 576 53 0.3857 
 149 4 178 36 53 0.384 
 532 196 559 221 53 0.3774 
 583 429 611 456 53 0.3694 
 218 288 232 314 53 0.3408 
 175 411 193 433 53 0.3252 
 78 677 116 704 53 0.304 
 448 325 472 353 53 0.2815 
 446 270 463 296 53 0.2804 
 445 292 466 315 53 0.2798 
 16 391 47 409 53 0.2776 
 254 373 268 394 53 0.2727 
 556 469 585 496 53 0.2712 
 355 280 373 304 53 0.2673 
 600 15 617 34 53 0.2561 
 246 454 269 480 53 0.2554 
 332 89 362 113 53 0.2546 
 638 244 673 270 53 0.2539 
 215 382 231 403 53 0.2524 
