318 442 359 487 53 0.854 
 87 513 128 556 53 0.853 
 613 51 656 85 53 0.8482 
 413 318 450 360 53 0.8452 
 444 157 490 202 53 0.8418 
 348 385 390 426 53 0.8414 
 77 363 124 408 53 0.8354 
 362 257 404 294 53 0.8335 
 146 98 188 143 53 0.8315 
 349 573 393 609 53 0.8291 
 0 91 39 130 53 0.8267 
 467 499 507 535 53 0.8238 
 57 46 107 90 53 0.8237 
 238 408 286 452 53 0.8198 
 282 170 328 212 53 0.8188 
 344 186 396 232 53 0.8164 
 448 623 489 663 53 0.8145 
 528 501 566 539 53 0.814 
 498 15 540 53 53 0.8121 
 466 200 508 247 53 0.8076 
 370 596 417 637 53 0.8052 
 518 292 559 335 53 0.8042 
 305 209 331 241 53 0.8018 
 199 116 236 153 53 0.8008 
 581 274 623 310 53 0.7988 
 408 247 452 284 53 0.793 
 327 307 363 339 53 0.7905 
 50 25 87 55 53 0.7881 
 413 619 450 655 53 0.7866 
 74 442 106 480 53 0.7852 
 675 2 704 33 53 0.7842 
 76 26 112 61 53 0.7793 
 554 445 597 484 53 0.7793 
 31 259 72 306 53 0.7773 
 634 122 676 159 53 0.7721 
 154 172 195 212 53 0.7705 
 457 663 501 704 53 0.7705 
 176 213 215 247 53 0.7686 
 246 582 280 624 53 0.7612 
 562 410 610 450 53 0.7612 
 509 160 550 197 53 0.7529 
 45 385 91 429 53 0.7515 
 233 320 265 359 53 0.7456 
 209 226 246 274 53 0.7446 
 167 489 207 539 53 0.7446 
 492 515 530 551 53 0.7407 
 505 566 552 610 53 0.7368 
 506 195 552 231 53 0.7329 
 121 252 159 283 53 0.7285 
 127 596 173 641 53 0.7109 
 125 177 157 209 53 0.6958 
 635 192 682 235 53 0.6953 
 548 622 587 656 53 0.6841 
 435 601 471 627 53 0.6655 
 7 418 41 450 53 0.6533 
 397 668 436 702 53 0.652 
 530 137 576 181 53 0.644 
 387 493 431 529 53 0.6406 
 51 196 81 220 53 0.6123 
 0 268 20 303 53 0.6069 
 330 207 356 247 53 0.5459 
 691 395 703 429 53 0.5322 
 117 165 151 189 53 0.5273 
 0 436 24 463 53 0.5205 
 48 256 82 304 53 0.5205 
 194 227 232 272 53 0.4883 
 57 451 82 478 53 0.4785 
 0 353 32 385 53 0.4648 
 22 237 41 262 53 0.428 
 389 222 413 249 53 0.4006 
 128 342 167 385 53 0.3811 
 42 375 120 425 53 0.3779 
 629 194 656 230 53 0.3389 
 25 419 54 449 53 0.3235 
 69 281 93 310 53 0.314 
 55 32 90 68 53 0.2837 
 629 602 667 639 53 0.281 
 166 490 201 514 53 0.2791 
 484 506 558 552 53 0.2542 
 568 598 603 631 53 0.2539 
