657 404 691 428 53 0.8335 
 549 214 580 239 53 0.8267 
 236 261 258 286 53 0.821 
 631 523 665 550 53 0.8081 
 245 178 269 205 53 0.8048 
 138 368 164 392 53 0.8018 
 426 466 454 488 53 0.8009 
 428 547 462 574 53 0.7949 
 399 516 435 548 53 0.7882 
 324 245 350 265 53 0.7881 
 420 135 449 158 53 0.7861 
 602 379 635 406 53 0.7798 
 464 183 490 207 53 0.7656 
 258 338 284 363 53 0.7598 
 428 575 461 601 53 0.7578 
 5 405 30 432 53 0.754 
 356 172 382 191 53 0.7461 
 342 669 374 693 53 0.7402 
 688 341 703 367 53 0.7378 
 578 351 603 376 53 0.7371 
 415 440 433 461 53 0.7305 
 481 156 504 179 53 0.7238 
 103 356 127 382 53 0.7228 
 96 458 125 483 53 0.7192 
 603 243 628 265 53 0.7188 
 585 437 613 458 53 0.7153 
 133 350 155 372 53 0.7148 
 654 354 676 376 53 0.7101 
 579 255 602 274 53 0.708 
 75 278 101 301 53 0.7065 
 383 166 404 183 53 0.7038 
 321 650 353 678 53 0.7002 
 583 182 610 202 53 0.6953 
 0 452 22 483 53 0.694 
 590 659 632 689 53 0.6899 
 42 381 69 408 53 0.6875 
 321 376 348 394 53 0.6863 
 278 405 302 431 53 0.6836 
 313 196 330 217 53 0.6755 
 148 318 178 338 53 0.668 
 56 496 85 532 53 0.6611 
 377 99 403 120 53 0.647 
 460 101 481 118 53 0.6337 
 591 525 617 554 53 0.633 
 405 0 428 14 53 0.6279 
 647 139 674 163 53 0.6164 
 363 437 380 460 53 0.6159 
 279 453 300 475 53 0.6123 
 380 1 407 26 53 0.603 
 571 116 593 135 53 0.5925 
 550 601 586 629 53 0.5889 
 127 100 147 118 53 0.585 
 237 592 260 616 53 0.584 
 174 539 206 561 53 0.584 
 36 484 60 516 53 0.5827 
 258 590 285 614 53 0.5806 
 427 371 439 388 53 0.5793 
 669 661 693 690 53 0.5708 
 315 318 336 341 53 0.5571 
 462 529 476 546 53 0.5525 
 622 166 646 184 53 0.5488 
 116 113 143 140 53 0.5469 
 146 577 176 601 53 0.541 
 286 322 308 340 53 0.5371 
 620 658 644 683 53 0.5371 
 392 218 405 238 53 0.5288 
 104 118 124 139 53 0.5283 
 366 321 388 341 53 0.5264 
 388 619 422 650 53 0.5176 
 634 570 662 594 53 0.5107 
 382 79 409 98 53 0.5059 
 345 427 363 442 53 0.4951 
 448 291 472 307 53 0.4851 
 203 546 234 580 53 0.4805 
 368 614 393 635 53 0.4754 
 237 158 253 180 53 0.4724 
 0 246 13 273 53 0.4648 
 104 286 115 304 53 0.4522 
 682 666 704 686 53 0.4475 
 210 576 233 599 53 0.4375 
 495 389 519 410 53 0.4358 
 336 510 360 534 53 0.4339 
 0 424 17 450 53 0.4292 
 304 72 324 95 53 0.4243 
 331 658 362 692 53 0.4182 
 382 640 399 662 53 0.408 
 268 175 287 192 53 0.4063 
 2 518 35 541 53 0.4036 
 362 598 386 620 53 0.4006 
 308 402 332 424 53 0.3933 
 379 372 391 388 53 0.3867 
 388 4 411 35 53 0.3857 
 187 657 203 679 53 0.3738 
 41 211 62 229 53 0.3684 
 14 431 40 455 53 0.3638 
 87 497 105 521 53 0.3594 
 371 188 386 206 53 0.353 
 67 351 96 371 53 0.3523 
 104 525 126 549 53 0.3477 
 594 674 636 698 53 0.3389 
 230 628 254 652 53 0.3372 
 113 506 147 527 53 0.3235 
 474 597 507 621 53 0.3218 
 331 546 352 566 53 0.3208 
 130 567 145 590 53 0.2925 
 696 424 702 443 53 0.2917 
 361 600 391 634 53 0.2886 
 0 512 24 537 53 0.2759 
 508 613 549 639 53 0.2705 
 540 646 559 669 53 0.2696 
 247 449 262 468 53 0.2666 
