610 79 637 105 53 0.8199 
 51 338 79 361 53 0.793 
 62 272 87 300 53 0.7643 
 357 79 386 105 53 0.7578 
 38 236 65 258 53 0.75 
 529 25 547 45 53 0.7374 
 214 296 252 328 53 0.7285 
 43 268 67 287 53 0.7271 
 179 316 207 337 53 0.7104 
 605 284 629 309 53 0.7086 
 582 233 603 257 53 0.7047 
 594 246 623 270 53 0.7041 
 336 291 358 314 53 0.7038 
 341 312 361 333 53 0.6875 
 393 130 419 153 53 0.6733 
 633 345 657 365 53 0.6589 
 376 536 400 569 53 0.6579 
 482 260 509 285 53 0.6494 
 161 315 181 336 53 0.6426 
 605 34 628 61 53 0.6387 
 590 58 619 82 53 0.6143 
 536 114 560 132 53 0.6066 
 654 341 676 363 53 0.5998 
 422 135 439 159 53 0.5698 
 402 219 438 248 53 0.5659 
 578 381 599 400 53 0.5456 
 299 146 317 171 53 0.5368 
 87 377 113 399 53 0.5 
 96 467 127 494 53 0.4971 
 445 648 475 675 53 0.4971 
 112 62 156 88 53 0.4912 
 490 33 504 51 53 0.491 
 190 336 202 359 53 0.49 
 613 244 631 266 53 0.488 
 509 150 525 167 53 0.4783 
 416 262 439 286 53 0.4685 
 271 102 294 126 53 0.458 
 565 286 578 309 53 0.4339 
 159 146 184 170 53 0.4319 
 522 366 540 387 53 0.4167 
 278 168 309 192 53 0.4082 
 221 58 232 78 53 0.4063 
 510 636 545 657 53 0.396 
 488 178 516 205 53 0.395 
 515 124 537 153 53 0.3923 
 332 353 355 376 53 0.384 
 544 219 561 238 53 0.3821 
 649 39 663 64 53 0.3774 
 288 213 301 232 53 0.3646 
 367 389 389 412 53 0.3345 
 74 373 90 391 53 0.3311 
 519 670 549 693 53 0.3225 
 62 22 85 45 53 0.3174 
 692 50 703 72 53 0.3057 
 104 35 128 59 53 0.3057 
 540 687 561 702 53 0.3048 
 448 186 472 207 53 0.2972 
 188 408 215 432 53 0.2712 
 37 255 66 285 53 0.2568 
 220 153 240 173 53 0.2524 
