100 377 132 405 53 0.7866 
 445 242 472 273 53 0.7529 
 26 299 56 336 53 0.7373 
 580 94 615 125 53 0.6826 
 523 411 554 437 53 0.6436 
 597 313 621 336 53 0.6306 
 416 291 435 314 53 0.6094 
 415 330 446 358 53 0.5718 
 155 260 185 287 53 0.5488 
 628 353 656 379 53 0.5342 
 569 27 591 49 53 0.5203 
 70 411 93 438 53 0.5166 
 92 293 129 318 53 0.4912 
 643 163 670 195 53 0.4785 
 116 332 149 367 53 0.4629 
 451 267 473 291 53 0.4348 
 573 316 587 342 53 0.4348 
 52 304 81 331 53 0.4312 
 333 264 357 288 53 0.4263 
 608 391 634 417 53 0.4102 
 421 40 453 73 53 0.4092 
 0 318 41 368 53 0.3933 
 7 352 37 380 53 0.3811 
 258 341 289 368 53 0.3701 
 262 0 284 20 53 0.3557 
 147 332 170 361 53 0.3407 
 86 335 112 366 53 0.332 
 257 168 280 198 53 0.3276 
 77 276 107 296 53 0.3235 
 511 1 532 18 53 0.3208 
 455 385 483 411 53 0.3191 
 235 147 263 178 53 0.3108 
 335 231 364 256 53 0.3049 
 169 380 191 404 53 0.3032 
 50 407 69 438 53 0.3032 
 552 15 577 32 53 0.2997 
 179 2 191 26 53 0.2966 
 124 0 143 22 53 0.294 
 10 382 44 416 53 0.2935 
 269 2 300 17 53 0.2854 
 326 317 362 340 53 0.2805 
 84 181 113 206 53 0.2798 
 543 48 573 72 53 0.2776 
 51 413 96 435 53 0.2776 
 3 265 41 297 53 0.2659 
 573 389 597 414 53 0.2605 
 430 266 455 296 53 0.259 
 693 125 702 154 53 0.2554 
