434 353 466 383 53 0.7583 
 236 411 272 438 53 0.7422 
 470 325 497 353 53 0.7202 
 439 212 464 242 53 0.6955 
 369 179 406 213 53 0.6875 
 462 180 491 214 53 0.6837 
 189 419 215 445 53 0.6802 
 187 384 213 409 53 0.6623 
 204 433 229 456 53 0.6245 
 150 0 177 14 53 0.6113 
 327 369 353 391 53 0.605 
 473 375 497 395 53 0.5918 
 659 283 690 315 53 0.582 
 164 328 192 354 53 0.5569 
 595 1 630 16 53 0.5449 
 223 424 250 458 53 0.541 
 335 492 370 522 53 0.5391 
 535 0 572 21 53 0.5244 
 117 311 150 341 53 0.501 
 563 340 581 364 53 0.4941 
 436 183 463 216 53 0.4873 
 588 290 613 317 53 0.4756 
 672 165 704 195 53 0.4639 
 686 427 702 453 53 0.4473 
 493 245 513 273 53 0.4226 
 466 13 497 38 53 0.4131 
 260 267 296 292 53 0.4131 
 203 0 234 14 53 0.3896 
 244 461 269 491 53 0.3887 
 632 136 667 165 53 0.3784 
 455 446 483 468 53 0.3748 
 484 83 512 105 53 0.3647 
 546 101 586 127 53 0.3584 
 582 95 616 120 53 0.3201 
 275 656 311 686 53 0.3149 
 225 414 263 452 53 0.3049 
 503 428 525 443 53 0.3008 
 39 429 63 454 53 0.2974 
 115 211 140 236 53 0.2903 
 287 241 310 264 53 0.2847 
 201 655 229 683 53 0.2759 
 570 410 594 431 53 0.2657 
 526 477 553 501 53 0.2583 
 616 447 644 474 53 0.2583 
