395 318 427 349 53 0.8633 
 401 50 436 85 53 0.8594 
 323 478 354 510 53 0.8579 
 75 409 104 445 53 0.8511 
 36 105 73 137 53 0.8428 
 425 101 458 131 53 0.8418 
 122 153 159 186 53 0.8398 
 461 357 492 384 53 0.8389 
 288 82 324 114 53 0.8359 
 602 395 635 424 53 0.835 
 0 203 22 236 53 0.8311 
 313 377 347 408 53 0.8311 
 181 19 217 50 53 0.8296 
 482 305 516 339 53 0.8276 
 486 336 515 367 53 0.8267 
 359 304 397 337 53 0.8252 
 580 448 614 481 53 0.8252 
 129 31 164 66 53 0.8237 
 118 650 148 682 53 0.8233 
 451 325 488 358 53 0.8194 
 505 23 544 58 53 0.8188 
 238 120 274 158 53 0.8188 
 99 172 127 202 53 0.8188 
 307 54 346 87 53 0.8165 
 375 481 410 512 53 0.8145 
 196 83 228 111 53 0.814 
 180 169 209 191 53 0.813 
 291 438 325 471 53 0.8115 
 301 345 330 376 53 0.8105 
 538 541 574 571 53 0.8097 
 319 245 352 277 53 0.8091 
 227 301 261 334 53 0.8086 
 325 433 363 465 53 0.8086 
 225 92 264 122 53 0.8076 
 374 275 407 307 53 0.8066 
 502 548 542 582 53 0.8066 
 561 566 590 589 53 0.8066 
 117 574 153 606 53 0.8057 
 413 69 453 110 53 0.8042 
 1 639 32 668 53 0.8032 
 114 289 147 321 53 0.8032 
 573 526 613 559 53 0.8027 
 18 131 50 162 53 0.8008 
 244 409 279 441 53 0.7993 
 86 367 121 398 53 0.7993 
 564 399 592 429 53 0.7984 
 174 48 205 79 53 0.7983 
 419 304 455 335 53 0.7983 
 260 278 298 309 53 0.7949 
 421 537 454 568 53 0.7949 
 77 648 118 688 53 0.7944 
 347 496 381 527 53 0.7944 
 385 440 419 473 53 0.793 
 267 334 302 366 53 0.7891 
 147 592 181 623 53 0.7866 
 276 68 308 96 53 0.7798 
 529 516 564 549 53 0.7793 
 225 338 260 366 53 0.7789 
 76 159 107 189 53 0.7788 
 207 562 238 592 53 0.7788 
 387 512 419 544 53 0.7778 
 53 479 87 509 53 0.7775 
 16 313 46 347 53 0.777 
 429 501 461 532 53 0.7744 
 419 272 449 305 53 0.774 
 451 292 484 325 53 0.772 
 124 182 147 207 53 0.7692 
 50 502 75 526 53 0.7671 
 370 659 399 690 53 0.7657 
 242 187 262 210 53 0.7643 
 477 599 506 627 53 0.7627 
 64 122 95 150 53 0.7612 
 14 450 46 480 53 0.7607 
 24 475 54 505 53 0.7598 
 529 670 561 704 53 0.7594 
 2 121 28 148 53 0.7589 
 41 143 80 174 53 0.7583 
 263 637 297 670 53 0.7583 
 1 90 35 115 53 0.7563 
 45 313 76 341 53 0.7563 
 63 442 100 466 53 0.7563 
 136 340 163 362 53 0.7555 
 227 0 267 32 53 0.7529 
 197 337 223 365 53 0.7482 
 158 54 176 77 53 0.7463 
 189 227 216 255 53 0.7461 
 612 9 649 40 53 0.7456 
 150 277 178 306 53 0.7417 
 611 557 651 590 53 0.7388 
 64 339 91 371 53 0.7373 
 226 363 250 399 53 0.7335 
 642 3 668 38 53 0.7282 
 281 307 299 331 53 0.7213 
 273 363 311 399 53 0.7213 
 86 300 116 327 53 0.7202 
 34 663 66 693 53 0.7202 
 49 413 73 447 53 0.7202 
 14 417 49 448 53 0.7192 
 646 668 686 701 53 0.7184 
 197 617 229 642 53 0.7148 
 146 413 182 446 53 0.7139 
 440 606 470 641 53 0.7139 
 154 324 178 345 53 0.7135 
 185 260 207 287 53 0.7124 
 298 255 323 285 53 0.7114 
 418 564 443 587 53 0.7111 
 176 678 214 704 53 0.7052 
 678 660 704 698 53 0.7007 
 417 118 441 145 53 0.695 
 273 224 303 247 53 0.6943 
 482 259 511 286 53 0.6885 
 104 322 129 349 53 0.6847 
 408 659 436 686 53 0.6841 
 226 632 257 659 53 0.6738 
 134 671 175 702 53 0.6735 
 478 544 503 572 53 0.6711 
 327 610 362 640 53 0.6704 
 232 673 258 700 53 0.6701 
 265 593 299 624 53 0.667 
 396 587 429 618 53 0.6504 
 343 591 375 617 53 0.647 
 440 268 462 295 53 0.6426 
 162 23 185 56 53 0.6426 
 158 524 194 561 53 0.6416 
 260 536 295 568 53 0.6362 
 195 651 229 678 53 0.6353 
 332 548 361 577 53 0.6343 
 170 167 184 189 53 0.6318 
 358 552 386 582 53 0.6318 
 295 165 310 186 53 0.6245 
 385 603 425 637 53 0.6104 
 563 673 577 702 53 0.6057 
 316 277 360 305 53 0.603 
 198 538 236 564 53 0.5928 
 512 341 536 372 53 0.5925 
 384 100 409 125 53 0.5918 
 294 537 331 568 53 0.5908 
 74 306 109 341 53 0.5898 
 155 634 191 662 53 0.5859 
 325 643 353 669 53 0.5747 
 261 192 283 212 53 0.5679 
 201 47 217 66 53 0.5669 
 496 528 529 558 53 0.5649 
 252 614 279 642 53 0.563 
 104 681 139 704 53 0.563 
 268 503 302 530 53 0.562 
 243 453 268 477 53 0.5591 
 128 383 151 414 53 0.5534 
 31 333 67 361 53 0.5508 
 567 341 602 359 53 0.5508 
 416 526 434 557 53 0.5469 
 468 615 488 642 53 0.5427 
 259 63 282 92 53 0.5381 
 447 342 467 368 53 0.5244 
 156 304 180 328 53 0.5176 
 93 455 121 478 53 0.5107 
 361 406 388 429 53 0.5076 
 221 593 251 621 53 0.4775 
 86 340 111 368 53 0.4736 
 105 80 153 124 53 0.4624 
 140 299 163 330 53 0.4504 
 321 516 351 550 53 0.4397 
 389 53 404 74 53 0.4339 
 453 4 485 30 53 0.397 
 22 132 73 169 53 0.3914 
 322 578 352 603 53 0.3721 
 489 685 526 704 53 0.3711 
 521 262 556 291 53 0.3667 
 0 0 20 17 53 0.3647 
 394 139 427 169 53 0.3513 
 217 328 240 353 53 0.3431 
 192 46 223 68 53 0.3416 
 243 2 269 22 53 0.3337 
 310 632 338 659 53 0.3252 
 297 571 317 598 53 0.3235 
 249 289 266 312 53 0.3208 
 388 411 407 438 53 0.3121 
 194 287 219 303 53 0.2916 
 74 688 113 704 53 0.2751 
 90 330 122 366 53 0.2681 
 425 606 456 637 53 0.2681 
 329 303 353 322 53 0.2635 
 413 508 431 530 53 0.2552 
 381 222 401 245 53 0.2524 
 452 290 507 334 53 0.251 
