608 50 646 85 53 0.855 
 76 50 119 93 53 0.8486 
 482 416 519 451 53 0.8472 
 411 376 451 409 53 0.8399 
 646 625 682 657 53 0.8389 
 530 246 569 285 53 0.8364 
 437 43 476 78 53 0.8272 
 607 409 647 445 53 0.8267 
 560 45 601 80 53 0.8267 
 659 314 690 351 53 0.8232 
 252 284 285 322 53 0.8184 
 532 148 575 183 53 0.817 
 449 412 481 451 53 0.8115 
 510 211 550 246 53 0.8105 
 500 308 546 341 53 0.8101 
 45 78 85 113 53 0.8058 
 515 100 550 138 53 0.8052 
 416 155 458 188 53 0.8008 
 79 244 122 281 53 0.7993 
 336 17 381 58 53 0.7974 
 668 360 704 394 53 0.7965 
 637 507 673 541 53 0.7959 
 416 269 454 306 53 0.7959 
 304 75 338 107 53 0.7944 
 333 361 368 402 53 0.7881 
 175 639 222 677 53 0.7861 
 3 555 45 592 53 0.7832 
 1 151 15 180 53 0.7828 
 470 34 506 65 53 0.7798 
 544 473 586 506 53 0.7775 
 416 544 457 579 53 0.7744 
 666 0 704 32 53 0.7671 
 148 357 191 395 53 0.7607 
 605 349 625 388 53 0.7578 
 629 302 667 337 53 0.7578 
 669 432 704 469 53 0.752 
 435 574 476 609 53 0.7515 
 681 192 704 225 53 0.7461 
 365 482 405 521 53 0.7446 
 541 626 579 662 53 0.7422 
 485 495 523 525 53 0.7407 
 403 402 431 436 53 0.7295 
 631 220 664 254 53 0.7168 
 517 430 549 461 53 0.7017 
 253 21 269 47 53 0.6896 
 303 191 334 217 53 0.6875 
 377 407 403 431 53 0.6758 
 671 537 700 563 53 0.6665 
 650 68 683 91 53 0.6577 
 590 161 625 195 53 0.647 
 690 498 703 530 53 0.6377 
 257 75 278 106 53 0.6369 
 363 131 396 160 53 0.6226 
 289 373 312 398 53 0.6193 
 319 624 357 658 53 0.6094 
 3 459 40 492 53 0.5947 
 607 285 630 308 53 0.5876 
 76 497 119 536 53 0.5845 
 188 672 218 702 53 0.5815 
 420 643 463 681 53 0.5815 
 507 384 540 416 53 0.5728 
 280 625 322 658 53 0.564 
 328 228 369 259 53 0.5439 
 136 596 169 620 53 0.5371 
 653 224 679 260 53 0.4941 
 0 392 15 424 53 0.4902 
 618 0 636 18 53 0.4492 
 242 323 268 344 53 0.4351 
 229 253 260 284 53 0.4312 
 642 59 662 87 53 0.4263 
 472 516 498 539 53 0.4263 
 580 0 601 15 53 0.3904 
 684 175 703 199 53 0.3875 
 42 65 105 117 53 0.3872 
 506 36 531 60 53 0.3804 
 288 297 304 316 53 0.3611 
 461 22 477 44 53 0.3155 
 682 419 702 437 53 0.2935 
 581 1 597 11 53 0.2804 
 352 331 368 354 53 0.2766 
 603 477 623 500 53 0.2705 
