232 0 258 21 53 0.7583 
 181 184 205 207 53 0.7583 
 262 1 293 26 53 0.7324 
 40 12 72 31 53 0.7295 
 627 14 646 37 53 0.7038 
 36 258 59 280 53 0.6885 
 249 187 266 210 53 0.6676 
 432 404 458 429 53 0.6548 
 600 11 619 32 53 0.6296 
 50 350 77 376 53 0.6196 
 173 160 190 185 53 0.5925 
 162 451 184 472 53 0.5803 
 19 97 49 122 53 0.5776 
 268 362 295 385 53 0.5757 
 470 366 499 386 53 0.5342 
 391 189 422 209 53 0.5303 
 257 132 283 157 53 0.5281 
 126 116 143 134 53 0.5222 
 247 445 277 475 53 0.5059 
 315 380 332 400 53 0.4959 
 137 462 172 493 53 0.4932 
 0 467 15 490 53 0.4485 
 663 535 683 556 53 0.4465 
 391 461 410 482 53 0.4436 
 4 273 33 294 53 0.4417 
 637 115 657 132 53 0.4195 
 502 327 522 348 53 0.4111 
 318 350 339 377 53 0.4092 
 233 179 252 196 53 0.4043 
 248 349 266 368 53 0.4016 
 18 254 42 277 53 0.3821 
 678 28 703 52 53 0.3774 
 184 127 199 143 53 0.3694 
 147 389 163 413 53 0.3647 
 148 452 185 480 53 0.363 
 525 468 548 487 53 0.3604 
 556 604 587 632 53 0.3503 
 682 446 702 467 53 0.3424 
 464 345 488 366 53 0.3387 
 613 450 630 469 53 0.3302 
 607 534 628 552 53 0.3252 
 100 114 114 135 53 0.3208 
 211 191 235 210 53 0.3191 
 524 437 548 457 53 0.3008 
 583 0 598 11 53 0.2959 
 681 51 704 75 53 0.2815 
 597 444 613 461 53 0.2791 
 154 160 169 178 53 0.2712 
 205 403 227 425 53 0.2644 
 555 472 573 494 53 0.2612 
 592 615 626 646 53 0.2568 
 41 634 74 655 53 0.2561 
 565 264 589 285 53 0.2554 
