225 396 257 427 53 0.7686 
 180 484 210 511 53 0.7529 
 576 306 610 338 53 0.7515 
 528 0 560 30 53 0.7446 
 595 0 623 27 53 0.7369 
 643 0 667 29 53 0.7334 
 23 597 52 625 53 0.7324 
 568 0 600 26 53 0.7271 
 517 44 548 72 53 0.7231 
 412 44 439 73 53 0.708 
 262 390 295 423 53 0.7056 
 87 495 116 522 53 0.7002 
 618 1 644 29 53 0.6738 
 496 17 526 48 53 0.668 
 648 431 679 460 53 0.6636 
 311 432 346 458 53 0.6636 
 280 434 312 459 53 0.6592 
 181 331 204 352 53 0.6554 
 211 332 241 357 53 0.6377 
 202 310 225 337 53 0.6377 
 497 281 529 311 53 0.627 
 591 369 626 397 53 0.5796 
 369 276 399 303 53 0.5786 
 175 595 197 623 53 0.5708 
 36 230 71 258 53 0.5557 
 249 389 266 416 53 0.5342 
 400 35 423 64 53 0.5273 
 240 186 266 212 53 0.5215 
 231 284 259 306 53 0.5215 
 209 390 227 409 53 0.5183 
 484 296 510 323 53 0.5049 
 0 685 29 703 53 0.4912 
 556 303 582 332 53 0.4795 
 672 406 704 434 53 0.4639 
 639 149 667 172 53 0.4588 
 525 127 552 154 53 0.4387 
 223 329 248 356 53 0.4292 
 422 0 447 17 53 0.4111 
 643 230 672 253 53 0.4016 
 349 211 371 241 53 0.397 
 171 477 187 496 53 0.3904 
 166 346 186 370 53 0.3611 
 4 583 36 609 53 0.3389 
 445 259 472 286 53 0.3354 
 34 223 59 245 53 0.3258 
 177 186 208 213 53 0.3235 
 191 415 213 436 53 0.3225 
 440 1 466 21 53 0.3208 
 470 295 484 319 53 0.3149 
 546 52 571 77 53 0.2949 
 122 651 150 675 53 0.2935 
 388 59 412 83 53 0.291 
 39 192 68 226 53 0.2869 
 124 439 149 463 53 0.2737 
 494 120 520 154 53 0.269 
 270 0 286 21 53 0.2635 
