110 385 137 413 53 0.8326 
 500 364 531 392 53 0.8301 
 604 12 634 46 53 0.8233 
 397 452 426 480 53 0.8164 
 338 508 369 538 53 0.813 
 404 91 431 118 53 0.7945 
 421 314 454 343 53 0.7881 
 351 412 383 438 53 0.7788 
 61 171 85 194 53 0.7775 
 571 273 598 295 53 0.7701 
 121 327 151 344 53 0.7661 
 258 211 283 238 53 0.7501 
 372 293 402 316 53 0.7476 
 52 376 79 401 53 0.7456 
 295 396 325 421 53 0.7402 
 459 64 490 85 53 0.7202 
 188 0 215 27 53 0.7139 
 490 514 519 536 53 0.7124 
 110 469 139 494 53 0.7007 
 70 667 98 692 53 0.6979 
 607 157 635 182 53 0.6919 
 454 126 477 149 53 0.6916 
 685 66 703 87 53 0.6857 
 456 624 487 649 53 0.6836 
 165 3 188 24 53 0.6798 
 118 411 139 439 53 0.6792 
 662 664 696 691 53 0.6724 
 161 542 201 586 53 0.6714 
 0 356 16 374 53 0.6699 
 371 138 400 164 53 0.6646 
 310 457 338 485 53 0.6636 
 532 640 556 663 53 0.6626 
 285 377 311 404 53 0.6626 
 401 77 429 98 53 0.6576 
 86 165 108 191 53 0.6567 
 334 327 353 352 53 0.6564 
 341 437 363 463 53 0.6548 
 308 379 328 398 53 0.6423 
 18 351 42 377 53 0.6359 
 597 639 617 655 53 0.6353 
 347 354 370 382 53 0.6343 
 301 92 330 115 53 0.6333 
 516 618 539 647 53 0.6245 
 344 18 381 48 53 0.6177 
 329 205 346 228 53 0.6071 
 117 363 145 386 53 0.5991 
 397 31 424 54 53 0.583 
 286 329 313 350 53 0.5796 
 316 362 340 382 53 0.5776 
 541 278 569 298 53 0.5776 
 588 60 620 85 53 0.5757 
 211 339 245 366 53 0.5449 
 144 86 166 104 53 0.5361 
 458 297 488 323 53 0.5361 
 506 134 530 161 53 0.5339 
 252 134 272 155 53 0.532 
 390 411 407 429 53 0.5283 
 575 611 595 633 53 0.5244 
 553 98 568 118 53 0.5232 
 380 45 403 63 53 0.5212 
 623 151 653 180 53 0.5205 
 261 503 292 529 53 0.5156 
 255 21 275 46 53 0.5146 
 199 629 227 658 53 0.5146 
 523 455 557 486 53 0.5059 
 536 363 560 382 53 0.5007 
 200 99 226 127 53 0.4922 
 131 432 155 454 53 0.4922 
 0 667 37 703 53 0.4746 
 478 229 497 249 53 0.4485 
 444 183 473 204 53 0.4426 
 145 62 172 88 53 0.4368 
 419 182 439 200 53 0.4319 
 472 430 496 452 53 0.4312 
 330 491 349 511 53 0.4263 
 104 544 116 567 53 0.4241 
 126 272 149 286 53 0.4102 
 529 33 555 56 53 0.408 
 108 452 134 480 53 0.4065 
 266 404 293 429 53 0.4016 
 135 12 152 33 53 0.4006 
 351 331 372 353 53 0.3999 
 686 162 704 179 53 0.3997 
 153 1 169 22 53 0.3811 
 112 354 124 372 53 0.3755 
 486 624 507 648 53 0.3694 
 603 206 631 237 53 0.3621 
 598 357 625 381 53 0.3604 
 358 108 384 127 53 0.3567 
 187 407 210 429 53 0.3565 
 212 518 241 546 53 0.3503 
 440 406 455 420 53 0.3477 
 62 166 111 192 53 0.3416 
 253 401 272 426 53 0.3074 
 653 657 670 672 53 0.3006 
 509 335 533 354 53 0.2983 
 237 209 253 231 53 0.2903 
 106 465 129 490 53 0.2853 
 609 95 631 115 53 0.2847 
 2 564 7 593 53 0.2776 
 686 144 702 167 53 0.275 
 266 682 300 704 53 0.2659 
 304 382 322 404 53 0.2644 
 269 37 291 53 53 0.2524 
