232 122 268 160 53 0.8608 
 63 427 102 462 53 0.8447 
 185 255 218 288 53 0.8447 
 89 125 125 157 53 0.8408 
 482 147 511 179 53 0.8326 
 677 459 704 497 53 0.8258 
 345 108 375 132 53 0.8257 
 179 14 214 48 53 0.8237 
 73 179 115 213 53 0.8237 
 238 88 272 123 53 0.8228 
 60 115 91 148 53 0.8223 
 180 122 210 151 53 0.8154 
 42 213 81 244 53 0.8145 
 66 229 97 259 53 0.814 
 199 143 220 174 53 0.8131 
 450 335 483 367 53 0.8106 
 340 64 373 96 53 0.8076 
 186 48 225 81 53 0.8057 
 485 262 516 289 53 0.8032 
 52 449 93 483 53 0.8018 
 128 66 162 96 53 0.7964 
 479 508 518 542 53 0.7959 
 0 228 20 262 53 0.7945 
 115 374 146 406 53 0.7925 
 239 216 264 246 53 0.7921 
 418 106 450 137 53 0.7905 
 15 121 51 152 53 0.7897 
 597 323 629 353 53 0.7891 
 484 225 513 258 53 0.7871 
 179 284 212 319 53 0.7798 
 106 218 136 240 53 0.7759 
 600 494 635 527 53 0.7759 
 621 476 652 507 53 0.7739 
 362 324 399 353 53 0.7739 
 501 15 539 46 53 0.7734 
 268 373 292 397 53 0.7723 
 64 495 107 526 53 0.772 
 228 239 250 264 53 0.769 
 155 241 187 271 53 0.769 
 559 143 590 172 53 0.7686 
 208 121 235 152 53 0.7676 
 564 101 596 127 53 0.7661 
 16 377 52 405 53 0.7607 
 2 475 34 502 53 0.7598 
 500 213 527 239 53 0.7593 
 665 493 701 525 53 0.7593 
 482 293 512 320 53 0.7578 
 388 163 426 195 53 0.7559 
 518 159 548 187 53 0.754 
 627 39 660 68 53 0.7534 
 96 78 133 112 53 0.7515 
 204 524 238 559 53 0.7515 
 608 226 641 255 53 0.7515 
 24 528 64 557 53 0.75 
 443 3 473 34 53 0.7485 
 465 246 495 276 53 0.7456 
 587 211 616 239 53 0.7456 
 290 364 323 386 53 0.7422 
 577 0 611 19 53 0.7358 
 497 312 530 344 53 0.7305 
 28 484 64 512 53 0.7305 
 137 103 161 130 53 0.7291 
 607 0 644 27 53 0.7285 
 292 334 328 362 53 0.7282 
 437 237 463 270 53 0.7277 
 523 317 564 354 53 0.7231 
 429 134 456 164 53 0.7208 
 681 574 704 604 53 0.7174 
 452 107 481 138 53 0.7168 
 277 21 310 48 53 0.7148 
 1 21 42 46 53 0.7139 
 551 307 579 331 53 0.71 
 417 0 440 26 53 0.7086 
 548 158 571 190 53 0.7077 
 226 69 253 95 53 0.7065 
 20 63 54 95 53 0.7056 
 77 386 101 413 53 0.7051 
 159 320 191 349 53 0.7031 
 630 579 659 609 53 0.7031 
 631 417 674 448 53 0.7017 
 94 29 123 48 53 0.6979 
 595 299 629 326 53 0.6978 
 487 0 528 21 53 0.6968 
 445 207 472 236 53 0.6943 
 553 446 593 485 53 0.6934 
 207 236 231 263 53 0.6899 
 453 262 485 291 53 0.6899 
 325 452 347 483 53 0.6881 
 80 305 112 333 53 0.6836 
 482 100 511 130 53 0.6833 
 236 29 268 54 53 0.6807 
 272 417 305 442 53 0.6802 
 194 97 220 122 53 0.6792 
 259 360 279 385 53 0.6789 
 653 519 690 552 53 0.6772 
 161 0 183 22 53 0.6755 
 560 336 591 366 53 0.6738 
 210 559 236 591 53 0.6724 
 0 132 31 162 53 0.6714 
 518 37 546 60 53 0.6689 
 110 513 142 547 53 0.6611 
 545 403 573 429 53 0.6582 
 550 268 584 293 53 0.6558 
 468 285 483 312 53 0.6545 
 137 349 162 381 53 0.6538 
 155 527 174 561 53 0.6476 
 352 505 386 544 53 0.646 
 182 495 208 528 53 0.645 
 404 414 441 444 53 0.6432 
 381 79 408 109 53 0.6423 
 166 543 195 574 53 0.6416 
 158 99 181 127 53 0.6384 
 125 284 149 303 53 0.6372 
 151 413 175 438 53 0.6369 
 598 386 630 415 53 0.6362 
 230 352 248 378 53 0.6359 
 205 657 242 692 53 0.6353 
 574 74 606 101 53 0.6333 
 587 239 620 266 53 0.6318 
 108 481 153 519 53 0.6279 
 1 498 26 526 53 0.626 
 544 591 577 624 53 0.625 
 269 3 296 29 53 0.6245 
 618 248 638 278 53 0.6235 
 142 213 168 244 53 0.6226 
 591 624 617 653 53 0.6223 
 325 377 358 412 53 0.6152 
 326 125 359 151 53 0.6104 
 572 322 602 349 53 0.6104 
 239 5 258 28 53 0.6074 
 632 328 654 356 53 0.6066 
 447 527 492 562 53 0.606 
 66 1 95 19 53 0.606 
 162 657 201 692 53 0.606 
 362 245 403 281 53 0.5962 
 639 184 678 216 53 0.5962 
 143 465 175 488 53 0.5947 
 685 605 704 637 53 0.5947 
 575 551 609 588 53 0.5947 
 317 397 349 420 53 0.5928 
 566 639 601 677 53 0.5928 
 258 587 298 619 53 0.5908 
 520 512 548 544 53 0.5869 
 405 70 431 94 53 0.585 
 339 140 362 162 53 0.5815 
 460 226 491 251 53 0.5767 
 213 300 241 328 53 0.5728 
 98 474 120 504 53 0.5728 
 513 487 550 511 53 0.5728 
 68 157 98 178 53 0.5688 
 91 279 127 310 53 0.562 
 565 573 597 608 53 0.5571 
 220 150 239 170 53 0.5544 
 491 540 521 566 53 0.5518 
 417 328 451 359 53 0.5469 
 16 290 48 313 53 0.5459 
 400 192 419 214 53 0.5439 
 183 618 214 645 53 0.5439 
 315 127 338 156 53 0.54 
 125 185 150 207 53 0.5368 
 394 62 419 89 53 0.5352 
 166 218 188 241 53 0.5342 
 384 265 412 294 53 0.5332 
 617 277 640 308 53 0.5281 
 543 523 591 563 53 0.5273 
 120 1 142 17 53 0.5251 
 213 31 245 68 53 0.5244 
 496 598 533 636 53 0.5225 
 518 571 548 603 53 0.5195 
 683 428 703 454 53 0.5173 
 186 538 206 563 53 0.5166 
 651 541 690 568 53 0.5146 
 5 259 38 287 53 0.5117 
 513 459 548 490 53 0.5117 
 354 463 393 492 53 0.5117 
 665 279 702 319 53 0.5029 
 0 293 19 314 53 0.4922 
 593 245 627 277 53 0.4893 
 292 651 332 688 53 0.4893 
 275 194 304 221 53 0.4854 
 95 231 115 257 53 0.4844 
 266 437 299 462 53 0.4834 
 539 498 570 524 53 0.4834 
 317 308 347 342 53 0.4805 
 0 589 29 612 53 0.4805 
 406 150 436 174 53 0.4766 
 639 279 677 318 53 0.4746 
 479 656 514 688 53 0.4619 
 456 139 476 170 53 0.458 
 114 304 131 320 53 0.4558 
 312 490 353 523 53 0.4475 
 423 496 445 525 53 0.4426 
 409 236 440 271 53 0.4426 
 274 39 305 61 53 0.4407 
 501 281 526 304 53 0.4368 
 615 28 636 56 53 0.4341 
 119 301 149 326 53 0.4321 
 427 516 444 549 53 0.4312 
 552 146 582 187 53 0.4272 
 118 202 140 222 53 0.4243 
 615 516 644 546 53 0.4111 
 41 134 65 158 53 0.4006 
 102 0 120 12 53 0.3943 
 415 299 439 322 53 0.3877 
 380 449 413 475 53 0.3857 
 503 127 528 148 53 0.384 
 393 466 413 490 53 0.3821 
 588 520 609 551 53 0.3804 
 488 567 522 592 53 0.3757 
 461 6 489 34 53 0.3594 
 103 364 122 383 53 0.354 
 371 492 410 522 53 0.3503 
 195 609 228 642 53 0.3503 
 49 109 73 151 53 0.3486 
 146 307 171 331 53 0.3311 
 218 45 247 76 53 0.3286 
 461 555 495 587 53 0.3218 
 593 335 627 366 53 0.3218 
 188 132 217 162 53 0.3208 
 451 192 472 210 53 0.3201 
 614 574 638 610 53 0.3184 
 510 465 553 507 53 0.3132 
 636 495 667 527 53 0.3132 
 600 427 622 452 53 0.3115 
 182 217 200 237 53 0.3074 
 79 465 105 501 53 0.3025 
 448 482 479 513 53 0.3015 
 324 519 357 543 53 0.2917 
 656 572 682 603 53 0.2869 
 114 409 135 428 53 0.283 
 384 508 419 541 53 0.283 
 70 167 109 203 53 0.2815 
 532 445 555 475 53 0.2798 
 441 472 465 496 53 0.2791 
 2 477 52 511 53 0.2776 
 538 325 591 362 53 0.2759 
 514 667 537 688 53 0.2744 
 286 219 310 249 53 0.2583 
 197 231 229 256 53 0.2523 
