562 356 596 385 53 0.7842 
 630 374 661 399 53 0.7607 
 600 348 628 375 53 0.7223 
 661 305 693 330 53 0.6567 
 421 348 453 373 53 0.6167 
 35 275 72 302 53 0.6104 
 564 227 594 253 53 0.605 
 0 426 22 456 53 0.5659 
 592 218 620 243 53 0.561 
 452 347 487 373 53 0.542 
 405 337 428 364 53 0.5088 
 116 174 152 203 53 0.4971 
 120 509 152 540 53 0.4893 
 626 349 648 373 53 0.4851 
 683 253 704 282 53 0.4814 
 580 279 614 300 53 0.4639 
 588 117 626 144 53 0.4561 
 162 433 195 462 53 0.4495 
 536 354 560 379 53 0.4424 
 516 56 549 88 53 0.4216 
 0 220 23 257 53 0.4177 
 545 1 585 18 53 0.4072 
 71 357 111 390 53 0.385 
 517 499 552 525 53 0.3503 
 187 95 231 134 53 0.3269 
 610 85 642 110 53 0.3191 
 20 576 54 603 53 0.3115 
 169 212 197 239 53 0.308 
 40 181 76 210 53 0.3032 
 0 0 16 29 53 0.3025 
 21 382 55 413 53 0.2942 
 592 343 614 364 53 0.2837 
 644 64 677 102 53 0.2815 
 373 431 405 457 53 0.2727 
 27 660 62 691 53 0.2705 
 489 179 518 205 53 0.2561 
