244 122 275 147 53 0.8276 
 15 466 51 497 53 0.8262 
 273 459 312 489 53 0.8198 
 488 251 521 279 53 0.8184 
 84 43 116 75 53 0.814 
 340 218 367 247 53 0.8082 
 141 89 169 116 53 0.8081 
 0 118 21 143 53 0.8072 
 39 49 69 77 53 0.8052 
 344 370 378 397 53 0.8037 
 491 208 526 243 53 0.8032 
 7 34 39 62 53 0.8018 
 411 528 447 558 53 0.7949 
 229 89 257 118 53 0.7921 
 151 420 183 448 53 0.7905 
 297 661 331 691 53 0.7905 
 335 494 363 523 53 0.7891 
 409 242 444 270 53 0.7861 
 266 53 301 89 53 0.7842 
 21 102 51 124 53 0.7832 
 252 80 285 112 53 0.7827 
 465 607 498 636 53 0.7827 
 300 0 333 24 53 0.7812 
 532 377 565 407 53 0.7656 
 0 91 25 119 53 0.7642 
 19 369 50 394 53 0.7642 
 647 482 686 511 53 0.7607 
 506 70 538 107 53 0.7593 
 608 475 641 510 53 0.752 
 240 210 273 240 53 0.7515 
 354 476 388 505 53 0.7511 
 40 145 67 173 53 0.75 
 408 664 431 693 53 0.7467 
 19 173 47 202 53 0.7428 
 396 125 434 156 53 0.7428 
 459 356 492 380 53 0.7378 
 354 344 373 373 53 0.7291 
 48 3 79 26 53 0.7217 
 394 510 422 544 53 0.7164 
 549 503 582 527 53 0.7153 
 267 278 302 309 53 0.7148 
 378 513 400 538 53 0.7129 
 538 434 563 455 53 0.7107 
 85 264 125 294 53 0.7075 
 432 669 463 699 53 0.7065 
 534 524 566 556 53 0.7026 
 440 586 474 617 53 0.7017 
 260 345 297 370 53 0.6978 
 306 205 334 232 53 0.6955 
 674 239 703 272 53 0.6934 
 198 265 225 292 53 0.6925 
 385 668 410 694 53 0.6906 
 661 656 696 684 53 0.6899 
 1 176 16 202 53 0.6891 
 6 223 38 255 53 0.6807 
 288 649 313 674 53 0.6803 
 420 344 449 367 53 0.6758 
 444 346 472 374 53 0.6724 
 381 631 418 662 53 0.6689 
 448 557 473 586 53 0.6676 
 427 284 454 308 53 0.6652 
 122 38 142 64 53 0.6623 
 328 640 348 673 53 0.6611 
 445 319 465 339 53 0.6489 
 83 138 120 168 53 0.644 
 454 256 474 279 53 0.6406 
 165 391 191 416 53 0.6309 
 291 364 319 390 53 0.6279 
 564 291 593 316 53 0.6226 
 431 425 465 457 53 0.6226 
 316 474 349 502 53 0.6206 
 22 415 49 438 53 0.6174 
 455 200 485 226 53 0.6123 
 403 163 439 191 53 0.6094 
 87 6 104 22 53 0.6084 
 564 0 602 22 53 0.5898 
 7 488 33 512 53 0.5847 
 299 274 323 298 53 0.5786 
 487 81 513 111 53 0.5783 
 285 0 300 17 53 0.5722 
 21 14 32 33 53 0.5656 
 291 22 310 45 53 0.5534 
 332 132 360 154 53 0.531 
 96 115 123 135 53 0.5293 
 426 424 448 459 53 0.5254 
 54 371 76 397 53 0.5254 
 450 62 471 89 53 0.5222 
 511 100 543 123 53 0.5186 
 220 560 252 586 53 0.4902 
 140 475 170 504 53 0.4883 
 121 345 143 371 53 0.4841 
 33 488 68 516 53 0.4668 
 79 139 102 168 53 0.46 
 570 373 587 399 53 0.4358 
 513 376 534 398 53 0.4292 
 154 57 171 73 53 0.429 
 686 210 704 239 53 0.4253 
 683 105 704 132 53 0.4241 
 23 334 52 362 53 0.4158 
 53 509 84 536 53 0.4141 
 518 668 552 694 53 0.4102 
 550 374 568 400 53 0.4055 
 435 510 457 526 53 0.3811 
 490 215 525 278 53 0.3652 
 507 681 543 702 53 0.3638 
 91 626 124 657 53 0.3567 
 492 682 516 704 53 0.3486 
 56 211 75 234 53 0.3442 
 43 595 70 618 53 0.3408 
 134 458 161 485 53 0.3269 
 385 189 411 211 53 0.325 
 129 297 155 321 53 0.3233 
 243 13 264 31 53 0.3216 
 372 285 389 308 53 0.3208 
 463 262 488 278 53 0.3167 
 375 257 398 278 53 0.314 
 434 166 457 188 53 0.3097 
 235 603 249 625 53 0.3081 
 575 239 596 261 53 0.3015 
 572 452 594 479 53 0.2948 
 156 448 185 472 53 0.2942 
 318 316 341 352 53 0.2886 
 280 22 303 46 53 0.2878 
 383 666 434 694 53 0.2861 
 517 433 532 451 53 0.2815 
 34 338 56 367 53 0.2805 
 121 134 139 160 53 0.2798 
 460 410 490 433 53 0.2698 
 502 115 528 136 53 0.2517 
 663 686 704 704 53 0.2502 
