0 386 29 416 53 0.8569 
 548 459 580 493 53 0.8481 
 40 32 79 67 53 0.8418 
 374 17 412 50 53 0.8398 
 303 293 339 327 53 0.8394 
 462 17 495 48 53 0.8374 
 388 441 424 474 53 0.836 
 278 457 314 487 53 0.8346 
 325 10 358 43 53 0.8345 
 280 55 314 83 53 0.8345 
 346 355 381 388 53 0.8345 
 406 369 444 400 53 0.832 
 140 420 185 454 53 0.8296 
 389 256 422 291 53 0.8276 
 223 275 251 304 53 0.8257 
 630 569 668 606 53 0.8223 
 646 307 685 338 53 0.8218 
 172 203 205 238 53 0.8208 
 395 0 429 27 53 0.8198 
 352 193 388 227 53 0.8193 
 373 346 399 379 53 0.8165 
 375 514 414 547 53 0.813 
 447 148 480 180 53 0.8115 
 355 433 391 464 53 0.811 
 203 186 244 218 53 0.8082 
 114 2 151 31 53 0.8042 
 464 464 493 497 53 0.8018 
 300 177 347 212 53 0.8018 
 482 351 520 382 53 0.7993 
 530 556 573 595 53 0.7993 
 149 12 189 44 53 0.7984 
 402 150 438 181 53 0.793 
 1 558 44 594 53 0.793 
 570 313 606 348 53 0.7905 
 49 661 83 691 53 0.7891 
 88 198 129 233 53 0.7882 
 434 482 469 507 53 0.7881 
 137 206 175 241 53 0.7871 
 297 137 323 171 53 0.7827 
 510 132 546 167 53 0.7827 
 430 167 466 199 53 0.7808 
 214 11 247 38 53 0.7778 
 245 270 291 307 53 0.7759 
 628 508 664 544 53 0.774 
 91 657 129 688 53 0.7739 
 340 226 375 252 53 0.771 
 415 432 444 462 53 0.7657 
 219 403 252 440 53 0.7656 
 512 482 550 512 53 0.7656 
 469 609 507 638 53 0.7642 
 364 238 391 270 53 0.7637 
 250 56 281 80 53 0.7609 
 28 57 68 86 53 0.7598 
 380 207 405 237 53 0.7598 
 493 30 529 58 53 0.7578 
 326 109 365 160 53 0.7578 
 64 599 102 633 53 0.754 
 611 401 648 432 53 0.7534 
 236 37 267 67 53 0.752 
 277 304 312 336 53 0.749 
 508 5 532 30 53 0.7452 
 346 73 381 98 53 0.7407 
 144 631 182 665 53 0.7407 
 607 588 644 624 53 0.7402 
 666 436 702 469 53 0.7349 
 215 307 243 338 53 0.7334 
 418 267 442 297 53 0.733 
 200 354 233 383 53 0.7324 
 294 92 312 123 53 0.7267 
 233 215 263 239 53 0.7266 
 173 61 210 97 53 0.7251 
 544 68 586 108 53 0.7251 
 421 133 452 159 53 0.7231 
 294 521 318 550 53 0.7168 
 75 63 98 90 53 0.7104 
 531 307 560 336 53 0.71 
 212 455 241 490 53 0.708 
 431 460 467 484 53 0.7041 
 487 118 515 152 53 0.6943 
 385 229 416 260 53 0.6929 
 230 172 262 203 53 0.6826 
 678 615 704 649 53 0.6758 
 420 609 457 638 53 0.6548 
 524 535 561 560 53 0.6538 
 630 451 671 475 53 0.6479 
 603 336 624 360 53 0.6437 
 627 176 672 218 53 0.6411 
 648 0 689 26 53 0.6396 
 210 112 242 144 53 0.6299 
 401 661 449 701 53 0.6206 
 205 60 224 88 53 0.605 
 282 371 315 402 53 0.5962 
 639 636 670 668 53 0.5796 
 297 225 335 254 53 0.5747 
 656 396 684 425 53 0.5666 
 401 538 425 563 53 0.5647 
 0 73 24 104 53 0.5518 
 473 49 495 72 53 0.5518 
 143 663 176 696 53 0.5508 
 390 333 408 363 53 0.5488 
 95 176 122 200 53 0.5361 
 433 1 476 19 53 0.5283 
 297 656 312 692 53 0.5273 
 429 32 450 62 53 0.5195 
 248 656 282 693 53 0.5088 
 344 0 368 16 53 0.5068 
 78 2 113 17 53 0.501 
 296 0 321 16 53 0.4685 
 414 135 445 174 53 0.4678 
 590 668 618 700 53 0.4639 
 176 6 197 37 53 0.4609 
 166 661 207 694 53 0.458 
 120 456 142 476 53 0.4321 
 158 152 179 176 53 0.4187 
 492 333 511 354 53 0.4139 
 385 488 412 512 53 0.4092 
 191 178 213 207 53 0.4065 
 588 628 623 650 53 0.4036 
 515 230 551 260 53 0.396 
 270 436 285 459 53 0.3765 
 606 273 639 297 53 0.363 
 642 110 703 176 53 0.3616 
 114 626 130 652 53 0.3594 
 274 570 294 601 53 0.353 
 237 333 255 350 53 0.3511 
 687 30 704 66 53 0.3496 
 126 388 145 416 53 0.3407 
 113 5 195 39 53 0.2866 
 507 473 566 517 53 0.2712 
