590 151 625 187 53 0.777 
 218 160 247 188 53 0.775 
 615 389 643 419 53 0.7735 
 189 114 217 142 53 0.7496 
 540 380 573 403 53 0.7251 
 594 3 624 33 53 0.7231 
 476 385 511 414 53 0.7129 
 3 70 25 94 53 0.7026 
 236 187 264 212 53 0.6989 
 633 230 658 254 53 0.6978 
 163 181 194 206 53 0.6851 
 46 42 69 69 53 0.6792 
 92 81 120 110 53 0.6714 
 530 350 552 377 53 0.6598 
 248 242 271 269 53 0.6589 
 574 147 602 172 53 0.6558 
 640 145 664 169 53 0.651 
 24 0 45 25 53 0.6486 
 470 261 498 285 53 0.6318 
 77 307 105 331 53 0.6299 
 151 214 189 238 53 0.6177 
 75 37 101 62 53 0.6167 
 114 83 133 107 53 0.6066 
 670 138 695 166 53 0.605 
 137 43 161 68 53 0.5979 
 581 334 599 358 53 0.5966 
 130 256 159 282 53 0.582 
 524 380 544 406 53 0.5803 
 517 199 545 215 53 0.5774 
 566 244 587 268 53 0.5747 
 109 396 140 421 53 0.5718 
 639 373 667 404 53 0.5554 
 489 0 520 18 53 0.5342 
 686 0 704 22 53 0.5342 
 402 303 431 328 53 0.5225 
 195 223 221 249 53 0.5166 
 73 1 100 26 53 0.5146 
 189 171 207 190 53 0.5056 
 514 363 535 386 53 0.4961 
 667 35 687 63 53 0.4929 
 54 375 76 400 53 0.4873 
 25 26 51 51 53 0.4697 
 42 17 69 46 53 0.4543 
 646 1 669 12 53 0.4446 
 84 222 113 245 53 0.4351 
 226 10 245 35 53 0.4292 
 74 94 95 118 53 0.4224 
 517 267 541 293 53 0.4121 
 137 341 162 369 53 0.408 
 486 327 518 350 53 0.4006 
 614 228 632 248 53 0.3979 
 172 139 192 162 53 0.3941 
 60 390 86 408 53 0.3923 
 304 339 330 366 53 0.3794 
 629 12 654 37 53 0.3757 
 224 0 243 12 53 0.3748 
 33 229 58 252 53 0.3611 
 627 43 646 64 53 0.3577 
 88 398 108 417 53 0.355 
 452 235 482 261 53 0.3523 
 158 266 168 285 53 0.3502 
 175 216 191 240 53 0.3469 
 273 17 299 48 53 0.3408 
 190 364 233 404 53 0.3408 
 680 242 698 262 53 0.3303 
 191 48 223 69 53 0.3293 
 419 400 439 420 53 0.308 
 645 31 670 64 53 0.3049 
 393 249 413 270 53 0.3025 
 62 55 91 81 53 0.3008 
 203 340 232 367 53 0.2998 
 19 209 47 237 53 0.2878 
 654 345 681 368 53 0.2847 
 239 26 271 52 53 0.2837 
 378 307 395 328 53 0.2737 
 227 99 254 126 53 0.2712 
 55 353 79 381 53 0.2673 
 528 172 549 199 53 0.2659 
 53 40 78 72 53 0.2637 
 163 4 185 28 53 0.2629 
 125 13 143 33 53 0.2611 
 19 398 48 433 53 0.2605 
 526 426 553 452 53 0.2517 
 103 344 130 366 53 0.251 
