469 17 498 43 53 0.8629 
 327 7 357 36 53 0.8613 
 460 52 483 80 53 0.8569 
 184 294 217 324 53 0.8501 
 316 191 348 218 53 0.8491 
 630 133 667 163 53 0.8472 
 590 275 626 308 53 0.8463 
 440 64 466 94 53 0.8384 
 272 268 310 300 53 0.8253 
 583 253 610 282 53 0.8223 
 618 5 651 30 53 0.8208 
 172 65 206 96 53 0.8188 
 82 282 118 318 53 0.8174 
 115 59 142 80 53 0.8155 
 53 156 85 183 53 0.8155 
 512 429 541 461 53 0.813 
 376 41 398 70 53 0.8072 
 584 139 611 170 53 0.8066 
 430 159 460 197 53 0.8057 
 555 275 583 309 53 0.8048 
 579 117 605 142 53 0.8032 
 602 125 635 152 53 0.8008 
 611 448 643 479 53 0.7988 
 310 167 337 194 53 0.7944 
 56 49 95 80 53 0.791 
 49 459 72 485 53 0.7906 
 649 308 677 336 53 0.7891 
 222 371 251 395 53 0.7882 
 16 365 47 393 53 0.7866 
 636 324 668 352 53 0.7852 
 531 418 563 448 53 0.7793 
 668 467 698 500 53 0.7773 
 623 278 649 311 53 0.7686 
 135 383 164 406 53 0.7676 
 153 295 186 322 53 0.7642 
 229 258 264 286 53 0.7642 
 535 0 570 19 53 0.7549 
 214 500 247 528 53 0.7534 
 13 211 43 239 53 0.7516 
 519 373 554 395 53 0.75 
 600 1 620 23 53 0.7487 
 265 435 285 466 53 0.7487 
 193 336 229 365 53 0.7485 
 535 626 566 652 53 0.7432 
 283 578 323 617 53 0.7417 
 74 179 112 203 53 0.7402 
 39 221 62 251 53 0.7374 
 172 1 196 20 53 0.7373 
 20 327 56 365 53 0.7363 
 193 157 226 193 53 0.7339 
 256 304 288 329 53 0.7305 
 0 338 24 368 53 0.7305 
 112 268 145 303 53 0.7192 
 503 164 524 184 53 0.7192 
 3 313 32 340 53 0.7174 
 36 298 60 320 53 0.7129 
 43 367 69 398 53 0.71 
 439 430 470 458 53 0.7075 
 672 28 695 50 53 0.7072 
 67 595 95 624 53 0.7028 
 59 229 88 249 53 0.6982 
 375 227 396 248 53 0.6955 
 245 276 273 302 53 0.6919 
 121 515 148 548 53 0.6895 
 416 423 444 449 53 0.6891 
 507 387 536 418 53 0.6885 
 394 52 426 83 53 0.6875 
 586 443 614 467 53 0.6816 
 639 458 665 485 53 0.6802 
 397 392 425 427 53 0.6665 
 284 293 313 320 53 0.6636 
 663 48 693 70 53 0.6602 
 10 551 46 579 53 0.6582 
 492 425 516 453 53 0.6577 
 396 34 421 67 53 0.6577 
 29 503 55 528 53 0.6554 
 526 266 559 289 53 0.6533 
 109 458 133 484 53 0.6476 
 641 377 669 400 53 0.6473 
 58 200 87 226 53 0.646 
 15 150 37 172 53 0.6372 
 472 418 498 442 53 0.6232 
 92 462 113 487 53 0.6196 
 133 153 163 171 53 0.6196 
 682 510 704 545 53 0.6162 
 516 181 548 211 53 0.6133 
 451 143 466 168 53 0.6021 
 379 205 402 226 53 0.5815 
 183 619 212 645 53 0.5806 
 527 351 556 376 53 0.5764 
 248 326 286 346 53 0.5469 
 158 667 190 696 53 0.5303 
 362 568 387 593 53 0.5173 
 598 417 624 441 53 0.5137 
 507 305 536 330 53 0.5107 
 692 83 703 108 53 0.5059 
 536 334 559 360 53 0.5029 
 59 558 94 580 53 0.501 
 483 407 509 432 53 0.4951 
 270 645 300 673 53 0.4922 
 648 486 670 508 53 0.4922 
 114 523 140 548 53 0.4902 
 112 294 143 319 53 0.4893 
 664 172 683 190 53 0.4873 
 408 392 442 429 53 0.4854 
 44 598 68 622 53 0.4736 
 48 315 75 335 53 0.4685 
 43 257 61 278 53 0.4636 
 540 414 568 436 53 0.4609 
 99 349 126 374 53 0.4551 
 0 618 21 642 53 0.4551 
 46 684 67 702 53 0.4485 
 507 610 540 634 53 0.4377 
 691 54 702 85 53 0.4339 
 87 342 123 371 53 0.4312 
 537 171 555 196 53 0.4148 
 445 415 473 437 53 0.4026 
 228 578 255 597 53 0.3896 
 442 242 463 264 53 0.3831 
 593 682 625 703 53 0.3748 
 362 544 395 575 53 0.3738 
 223 628 256 656 53 0.363 
 58 415 79 439 53 0.3442 
 523 171 555 204 53 0.3286 
 125 256 143 281 53 0.3285 
 350 390 375 418 53 0.314 
 235 303 256 344 53 0.3123 
 117 502 134 521 53 0.3065 
 37 656 74 682 53 0.2903 
 537 397 572 426 53 0.2791 
 509 370 526 394 53 0.2783 
 413 525 437 549 53 0.2759 
 50 334 82 370 53 0.2598 
 616 413 644 436 53 0.259 
