590 320 630 362 53 0.8569 
 580 51 617 82 53 0.8408 
 568 68 598 95 53 0.8389 
 505 413 536 438 53 0.832 
 36 396 71 427 53 0.8287 
 151 336 189 367 53 0.8242 
 196 56 234 88 53 0.818 
 401 174 436 205 53 0.8174 
 260 220 294 248 53 0.8155 
 503 209 539 239 53 0.8125 
 268 48 303 83 53 0.8105 
 508 31 536 61 53 0.8081 
 483 142 519 182 53 0.8066 
 165 443 202 475 53 0.7989 
 228 388 262 419 53 0.7969 
 421 327 457 356 53 0.7925 
 565 426 596 453 53 0.792 
 116 47 147 77 53 0.7842 
 82 338 113 366 53 0.7755 
 66 111 97 145 53 0.7754 
 639 99 671 130 53 0.7725 
 47 108 73 141 53 0.7692 
 356 384 396 415 53 0.7676 
 79 443 117 473 53 0.7657 
 198 415 229 446 53 0.7642 
 639 184 677 215 53 0.7622 
 49 458 85 491 53 0.756 
 47 30 75 61 53 0.7482 
 580 365 609 387 53 0.7471 
 467 67 501 98 53 0.7422 
 406 349 438 374 53 0.7407 
 441 539 477 568 53 0.7355 
 514 434 539 456 53 0.7335 
 628 324 656 352 53 0.7295 
 237 209 264 235 53 0.7271 
 524 630 557 667 53 0.7251 
 518 494 547 524 53 0.7251 
 501 536 527 568 53 0.7227 
 157 0 195 31 53 0.7124 
 98 315 129 337 53 0.7002 
 449 565 484 602 53 0.6978 
 157 132 197 163 53 0.6968 
 423 522 450 549 53 0.6958 
 242 508 280 543 53 0.6943 
 374 473 413 505 53 0.6909 
 648 321 668 348 53 0.6867 
 372 525 405 556 53 0.6823 
 617 243 643 271 53 0.6816 
 140 229 169 255 53 0.6714 
 198 179 235 202 53 0.6704 
 552 638 575 666 53 0.644 
 0 553 18 588 53 0.6372 
 301 210 322 235 53 0.627 
 534 399 551 425 53 0.5647 
 10 582 33 613 53 0.5534 
 396 664 429 700 53 0.5508 
 22 386 46 418 53 0.5391 
 596 597 632 622 53 0.5381 
 250 261 263 284 53 0.5234 
 567 666 592 695 53 0.501 
 27 588 60 619 53 0.4932 
 669 562 703 585 53 0.4678 
 361 0 392 15 53 0.4668 
 26 192 51 218 53 0.4629 
 400 546 434 574 53 0.459 
 535 419 561 442 53 0.4397 
 312 640 346 678 53 0.4331 
 479 254 508 276 53 0.4263 
 572 534 594 551 53 0.3809 
 91 653 132 693 53 0.3716 
 614 115 643 139 53 0.3503 
 693 440 702 458 53 0.3337 
 175 473 211 500 53 0.3242 
 18 229 40 248 53 0.3233 
 476 224 500 247 53 0.3115 
 545 415 562 439 53 0.3081 
 444 542 482 592 53 0.2886 
 535 635 579 668 53 0.2766 
 392 514 419 537 53 0.269 
 617 528 630 546 53 0.2605 
 686 524 698 548 53 0.2502 
