362 93 393 119 53 0.8374 
 387 7 423 41 53 0.8354 
 452 58 480 90 53 0.8326 
 211 406 250 439 53 0.8292 
 425 75 459 104 53 0.8232 
 118 63 147 92 53 0.8228 
 658 327 687 352 53 0.8164 
 258 389 294 419 53 0.8135 
 80 12 119 45 53 0.8131 
 441 402 474 438 53 0.8008 
 394 196 426 219 53 0.7739 
 401 316 432 349 53 0.7734 
 336 0 375 29 53 0.772 
 343 367 374 398 53 0.772 
 277 372 302 395 53 0.7701 
 151 305 184 334 53 0.7695 
 454 267 486 294 53 0.7671 
 419 13 453 47 53 0.7607 
 146 351 185 383 53 0.7593 
 60 247 88 272 53 0.7568 
 77 258 116 289 53 0.7568 
 452 468 488 498 53 0.7505 
 100 183 133 208 53 0.7471 
 544 268 580 298 53 0.7443 
 648 480 683 511 53 0.7402 
 222 244 248 271 53 0.7369 
 114 0 147 18 53 0.7363 
 291 350 321 374 53 0.7358 
 312 148 343 173 53 0.7285 
 81 76 113 100 53 0.7271 
 311 22 331 48 53 0.7262 
 402 298 434 323 53 0.7241 
 589 244 623 272 53 0.7178 
 112 29 142 51 53 0.7178 
 190 290 214 317 53 0.7056 
 17 29 43 56 53 0.6968 
 548 386 584 418 53 0.6748 
 661 504 688 533 53 0.673 
 689 247 703 267 53 0.6724 
 74 286 101 306 53 0.6689 
 302 662 337 697 53 0.668 
 291 423 324 450 53 0.6636 
 604 422 637 446 53 0.6377 
 279 635 321 667 53 0.6359 
 557 241 583 269 53 0.6353 
 454 320 483 343 53 0.6353 
 17 263 46 284 53 0.6346 
 97 162 125 189 53 0.6289 
 3 20 28 48 53 0.6273 
 672 468 700 496 53 0.625 
 525 437 553 467 53 0.6245 
 688 294 703 323 53 0.6235 
 655 355 683 379 53 0.5817 
 504 536 529 558 53 0.5806 
 478 562 514 589 53 0.5776 
 231 667 269 704 53 0.5732 
 562 602 595 636 53 0.5581 
 648 559 675 595 53 0.5557 
 458 623 500 657 53 0.5547 
 401 134 425 157 53 0.543 
 310 362 337 391 53 0.5381 
 518 548 541 576 53 0.5322 
 1 461 37 493 53 0.5312 
 221 580 252 607 53 0.5293 
 485 527 510 563 53 0.5234 
 373 371 393 394 53 0.5222 
 149 588 190 622 53 0.5176 
 240 2 284 18 53 0.5088 
 629 491 657 517 53 0.4922 
 469 388 488 406 53 0.4919 
 466 432 498 462 53 0.4902 
 180 642 215 677 53 0.4824 
 435 1 453 12 53 0.4717 
 463 528 488 555 53 0.4707 
 211 0 239 13 53 0.4697 
 619 554 654 590 53 0.4617 
 0 0 12 32 53 0.4475 
 102 286 125 309 53 0.4456 
 121 331 145 351 53 0.4424 
 121 303 142 322 53 0.4397 
 463 363 492 391 53 0.4331 
 632 416 652 435 53 0.4321 
 283 668 302 693 53 0.4241 
 240 563 271 589 53 0.4131 
 428 397 446 421 53 0.4004 
 576 387 597 415 53 0.397 
 270 637 289 665 53 0.3914 
 256 0 278 20 53 0.3887 
 396 412 426 434 53 0.3867 
 121 165 137 192 53 0.3821 
 619 444 655 471 53 0.3638 
 695 268 703 297 53 0.3486 
 663 418 688 439 53 0.314 
 418 393 436 418 53 0.3098 
 416 524 451 549 53 0.2966 
 10 440 33 461 53 0.2935 
 209 588 229 619 53 0.2903 
 18 246 40 272 53 0.2805 
 444 307 469 336 53 0.2751 
 613 323 636 349 53 0.2727 
 409 391 431 416 53 0.272 
 332 470 353 494 53 0.2689 
 74 217 108 246 53 0.2666 
 607 450 655 489 53 0.2651 
 433 0 455 19 53 0.2629 
 241 0 261 19 53 0.2583 
 268 434 293 466 53 0.251 
