294 477 327 506 53 0.8521 
 422 388 458 418 53 0.8218 
 468 189 501 224 53 0.8115 
 90 251 124 277 53 0.8105 
 10 61 40 88 53 0.8091 
 0 641 24 676 53 0.797 
 621 227 653 256 53 0.792 
 489 407 518 431 53 0.7842 
 201 129 239 160 53 0.7842 
 491 89 524 117 53 0.7773 
 68 662 108 694 53 0.7739 
 364 364 392 393 53 0.7701 
 595 498 626 531 53 0.7646 
 309 306 340 334 53 0.7642 
 319 433 357 461 53 0.7627 
 332 98 363 128 53 0.7515 
 508 528 540 555 53 0.7501 
 396 365 424 395 53 0.7476 
 662 75 694 103 53 0.7432 
 212 526 236 552 53 0.7252 
 305 87 340 120 53 0.7075 
 92 426 124 453 53 0.7041 
 532 446 557 470 53 0.6974 
 435 1 465 30 53 0.6934 
 669 478 692 505 53 0.6857 
 453 202 475 226 53 0.6807 
 0 0 16 29 53 0.6807 
 441 28 469 53 53 0.6663 
 289 131 322 156 53 0.644 
 336 169 361 197 53 0.6413 
 129 635 148 662 53 0.6387 
 578 483 605 513 53 0.6333 
 402 28 425 56 53 0.6245 
 444 469 474 497 53 0.6206 
 193 420 226 445 53 0.6133 
 54 275 88 307 53 0.6104 
 410 0 433 24 53 0.6057 
 567 389 597 414 53 0.6011 
 672 528 703 561 53 0.5947 
 223 341 261 370 53 0.5908 
 59 90 85 113 53 0.5796 
 442 294 473 322 53 0.5718 
 0 615 19 648 53 0.562 
 489 431 524 449 53 0.561 
 578 82 614 106 53 0.5488 
 561 470 582 500 53 0.54 
 642 539 676 570 53 0.5244 
 254 356 285 384 53 0.5 
 510 247 551 278 53 0.498 
 38 342 79 370 53 0.4941 
 324 500 352 529 53 0.4863 
 205 51 228 72 53 0.4678 
 379 249 410 270 53 0.4426 
 428 1 448 26 53 0.4339 
 106 375 143 399 53 0.4331 
 580 21 610 44 53 0.4216 
 293 573 327 599 53 0.3989 
 304 345 314 365 53 0.3921 
 575 158 600 182 53 0.3896 
 373 158 396 180 53 0.3657 
 73 319 89 336 53 0.3647 
 573 204 615 238 53 0.3545 
 606 307 641 334 53 0.3459 
 612 554 645 580 53 0.3416 
 513 246 537 269 53 0.3337 
 401 122 426 151 53 0.3235 
 431 192 447 211 53 0.3182 
 550 0 571 15 53 0.283 
 113 14 150 39 53 0.2798 
 414 612 437 638 53 0.2776 
 613 165 634 187 53 0.2759 
 296 348 319 367 53 0.2759 
 54 498 91 531 53 0.2678 
 256 170 295 207 53 0.261 
