242 470 277 500 53 0.853 
 405 49 440 79 53 0.8452 
 389 93 421 123 53 0.832 
 136 110 168 140 53 0.8174 
 423 485 453 512 53 0.8081 
 326 431 356 457 53 0.8042 
 425 115 462 142 53 0.8008 
 479 134 511 161 53 0.7949 
 22 409 57 436 53 0.793 
 324 371 354 397 53 0.7905 
 649 352 683 381 53 0.7822 
 641 413 670 441 53 0.7773 
 512 493 532 521 53 0.777 
 382 37 413 64 53 0.7734 
 418 3 446 26 53 0.771 
 82 491 119 518 53 0.771 
 490 494 516 521 53 0.7687 
 104 0 136 22 53 0.7583 
 232 51 264 76 53 0.7583 
 133 475 157 497 53 0.7579 
 642 296 667 319 53 0.7576 
 8 491 32 515 53 0.7545 
 397 663 431 690 53 0.7505 
 453 158 487 189 53 0.75 
 448 95 478 123 53 0.7456 
 450 640 477 667 53 0.7373 
 200 124 230 147 53 0.7349 
 311 639 344 667 53 0.7174 
 568 312 588 335 53 0.7096 
 502 149 529 178 53 0.7056 
 147 493 179 517 53 0.6992 
 283 84 313 109 53 0.6979 
 296 5 313 31 53 0.6891 
 195 68 222 95 53 0.6857 
 419 641 450 670 53 0.6836 
 79 104 114 133 53 0.6689 
 96 527 126 560 53 0.6655 
 245 151 268 176 53 0.6623 
 95 27 128 54 53 0.6479 
 578 23 608 47 53 0.6406 
 373 39 386 64 53 0.6403 
 661 405 690 424 53 0.6396 
 6 513 28 534 53 0.6289 
 551 110 584 142 53 0.6187 
 148 0 176 20 53 0.6143 
 449 25 474 47 53 0.6088 
 215 640 250 668 53 0.603 
 433 665 460 689 53 0.5972 
 585 315 624 334 53 0.5796 
 642 320 667 355 53 0.5669 
 528 70 554 100 53 0.5647 
 125 636 157 658 53 0.5332 
 585 0 608 16 53 0.5205 
 455 516 475 539 53 0.5137 
 422 679 436 699 53 0.5046 
 227 586 261 612 53 0.5029 
 579 101 612 132 53 0.5 
 241 539 276 562 53 0.4912 
 297 617 320 646 53 0.4912 
 54 675 68 697 53 0.4714 
 398 205 421 229 53 0.4697 
 59 18 87 46 53 0.4678 
 69 508 92 533 53 0.4619 
 320 394 331 412 53 0.4578 
 315 588 330 611 53 0.4417 
 162 1 204 18 53 0.3867 
 212 492 237 518 53 0.3774 
 418 186 450 206 53 0.3694 
 177 556 196 577 53 0.3372 
 545 15 563 35 53 0.3345 
 507 613 534 637 53 0.3286 
 4 100 37 122 53 0.283 
 280 686 298 703 53 0.2822 
 220 45 253 73 53 0.2502 
