395 192 428 219 53 0.8789 
 194 38 221 63 53 0.8345 
 319 116 353 140 53 0.8257 
 49 60 75 87 53 0.8229 
 202 10 230 41 53 0.8189 
 254 0 282 27 53 0.8057 
 123 140 152 167 53 0.7945 
 155 385 187 411 53 0.7944 
 524 648 551 672 53 0.7881 
 140 248 167 273 53 0.7788 
 369 55 389 84 53 0.7731 
 91 88 115 112 53 0.7578 
 139 613 172 642 53 0.7544 
 128 36 153 61 53 0.7467 
 120 110 150 133 53 0.7393 
 318 141 344 160 53 0.7384 
 81 5 113 32 53 0.7241 
 182 14 201 40 53 0.7141 
 306 414 330 444 53 0.7086 
 122 7 146 34 53 0.7062 
 123 627 143 650 53 0.7028 
 348 250 374 278 53 0.6885 
 387 560 419 588 53 0.6782 
 37 467 66 490 53 0.6772 
 99 638 135 670 53 0.6689 
 405 311 434 335 53 0.667 
 227 92 255 119 53 0.6665 
 290 77 316 106 53 0.6623 
 40 53 60 81 53 0.6548 
 0 598 31 629 53 0.6494 
 301 569 326 595 53 0.6437 
 593 433 621 460 53 0.604 
 269 653 290 684 53 0.5962 
 580 633 607 659 53 0.5915 
 104 25 132 44 53 0.5908 
 548 648 569 678 53 0.5767 
 178 664 209 690 53 0.5728 
 521 597 553 620 53 0.5669 
 610 502 647 530 53 0.5439 
 649 530 681 558 53 0.5283 
 87 628 114 650 53 0.5117 
 99 426 130 448 53 0.5117 
 177 487 201 513 53 0.4873 
 660 629 692 657 53 0.4727 
 526 504 564 533 53 0.4524 
 513 554 539 588 53 0.4495 
 77 687 113 703 53 0.4485 
 301 398 324 420 53 0.4426 
 362 38 383 57 53 0.4358 
 469 603 491 630 53 0.4341 
 332 650 364 676 53 0.4312 
 686 530 704 559 53 0.4272 
 537 639 569 673 53 0.3684 
 0 665 29 689 53 0.3674 
 465 488 495 510 53 0.3594 
 404 421 435 444 53 0.3452 
 160 555 183 579 53 0.3425 
 27 567 51 589 53 0.3397 
 684 595 704 622 53 0.3345 
 670 393 704 418 53 0.3269 
 563 290 591 313 53 0.3167 
 215 7 231 33 53 0.3157 
 582 413 609 438 53 0.3108 
 424 33 440 59 53 0.2983 
 494 447 523 477 53 0.2974 
 20 207 50 225 53 0.2935 
 106 9 143 42 53 0.2766 
 409 597 422 625 53 0.2751 
 174 382 190 408 53 0.272 
 482 619 509 649 53 0.2698 
 108 0 135 22 53 0.2681 
