411 221 438 248 53 0.8785 
 209 366 234 390 53 0.8501 
 84 310 107 337 53 0.8419 
 429 41 458 69 53 0.8326 
 578 323 612 347 53 0.8291 
 215 338 247 367 53 0.8276 
 665 294 704 326 53 0.8258 
 188 352 216 380 53 0.8233 
 207 309 228 335 53 0.8214 
 124 359 144 382 53 0.8154 
 513 519 547 542 53 0.8154 
 285 309 309 334 53 0.8121 
 293 452 319 480 53 0.8023 
 509 545 538 567 53 0.8008 
 255 313 277 338 53 0.7984 
 507 627 540 654 53 0.7969 
 536 331 566 358 53 0.7959 
 498 607 524 632 53 0.7842 
 190 415 217 439 53 0.7809 
 123 278 140 304 53 0.7804 
 562 263 586 285 53 0.778 
 279 420 307 444 53 0.774 
 126 309 149 331 53 0.7705 
 584 615 617 640 53 0.7646 
 386 224 411 256 53 0.7612 
 256 268 278 292 53 0.7594 
 392 50 423 80 53 0.7563 
 247 351 268 369 53 0.7545 
 673 468 704 494 53 0.7544 
 572 651 600 672 53 0.7534 
 335 285 359 308 53 0.7511 
 386 20 418 45 53 0.7446 
 624 397 654 427 53 0.7422 
 148 335 168 359 53 0.7417 
 277 289 301 312 53 0.7384 
 268 515 299 543 53 0.7373 
 208 519 236 545 53 0.7339 
 457 128 484 155 53 0.7295 
 12 368 34 389 53 0.7259 
 328 463 350 484 53 0.7238 
 56 309 77 331 53 0.7213 
 97 346 123 369 53 0.7213 
 618 291 642 316 53 0.7192 
 371 476 398 501 53 0.7153 
 7 230 30 253 53 0.715 
 372 342 394 367 53 0.7034 
 519 434 547 464 53 0.7031 
 358 422 377 444 53 0.6999 
 507 346 542 374 53 0.6934 
 240 654 275 682 53 0.6925 
 50 388 75 414 53 0.6916 
 176 429 192 454 53 0.6891 
 329 17 357 44 53 0.6782 
 683 442 704 470 53 0.6714 
 475 534 513 559 53 0.6714 
 540 627 562 651 53 0.6714 
 687 318 703 346 53 0.6707 
 480 364 500 386 53 0.6579 
 535 503 553 527 53 0.6554 
 627 343 659 364 53 0.646 
 486 196 507 215 53 0.645 
 556 499 585 519 53 0.6436 
 597 256 614 276 53 0.6366 
 390 277 414 297 53 0.6187 
 471 452 486 473 53 0.618 
 596 638 615 664 53 0.6143 
 252 434 278 459 53 0.6104 
 672 497 698 530 53 0.605 
 140 471 168 492 53 0.6001 
 565 468 594 493 53 0.5962 
 438 490 456 508 53 0.5928 
 348 41 363 62 53 0.5847 
 70 240 81 259 53 0.5817 
 508 6 533 22 53 0.5767 
 524 437 545 455 53 0.5737 
 513 112 538 135 53 0.5737 
 674 429 702 454 53 0.5718 
 171 299 201 325 53 0.562 
 308 501 329 518 53 0.5617 
 467 340 483 358 53 0.5588 
 247 507 272 534 53 0.5557 
 441 505 464 533 53 0.5527 
 471 44 496 66 53 0.54 
 156 292 182 313 53 0.5368 
 501 369 525 391 53 0.5332 
 134 177 154 197 53 0.5283 
 399 66 422 85 53 0.5225 
 487 420 509 446 53 0.5195 
 512 420 530 443 53 0.5154 
 376 365 397 380 53 0.5068 
 212 592 236 617 53 0.5068 
 327 242 355 263 53 0.5059 
 173 348 188 365 53 0.5046 
 139 406 160 427 53 0.491 
 433 544 469 569 53 0.4873 
 497 435 514 454 53 0.4854 
 0 343 10 365 53 0.4814 
 623 619 641 638 53 0.4766 
 180 270 198 296 53 0.4763 
 110 486 135 511 53 0.4666 
 153 282 171 299 53 0.4524 
 389 347 405 370 53 0.4483 
 433 160 451 181 53 0.4475 
 519 357 549 384 53 0.4395 
 418 278 438 300 53 0.4358 
 312 481 332 501 53 0.4226 
 445 600 470 622 53 0.4167 
 282 270 296 289 53 0.4148 
 543 227 563 248 53 0.4082 
 444 373 470 398 53 0.4065 
 454 400 475 415 53 0.4006 
 228 650 241 671 53 0.3877 
 560 319 578 337 53 0.385 
 277 468 294 487 53 0.3848 
 141 520 165 536 53 0.3784 
 55 391 72 406 53 0.3784 
 84 290 98 306 53 0.3782 
 509 445 538 470 53 0.3774 
 630 12 655 30 53 0.354 
 222 405 238 425 53 0.3311 
 376 346 398 377 53 0.3303 
 489 427 513 455 53 0.3303 
 36 499 51 521 53 0.3225 
 437 492 459 520 53 0.3208 
 37 249 48 262 53 0.3208 
 417 48 432 69 53 0.3066 
 503 354 542 391 53 0.3049 
 327 687 349 704 53 0.3008 
 490 424 506 439 53 0.2991 
 177 466 195 487 53 0.2959 
 108 502 129 524 53 0.2923 
 227 266 241 281 53 0.283 
 493 222 511 243 53 0.2828 
 46 519 55 542 53 0.2765 
 255 609 282 638 53 0.2727 
 455 377 478 396 53 0.269 
 484 494 499 509 53 0.2659 
 590 52 610 71 53 0.2651 
 152 363 172 384 53 0.2576 
 426 393 446 411 53 0.2568 
 538 502 570 523 53 0.2546 
 172 277 199 307 53 0.2539 
 443 404 476 420 53 0.2532 
 189 294 212 311 53 0.251 
