332 25 364 50 53 0.8188 
 280 76 314 103 53 0.8008 
 129 1 163 33 53 0.7676 
 351 7 378 37 53 0.7638 
 57 109 94 141 53 0.7622 
 2 467 29 497 53 0.7446 
 254 14 276 40 53 0.7443 
 0 437 31 463 53 0.7129 
 523 420 554 443 53 0.6899 
 310 220 343 246 53 0.6895 
 420 354 448 380 53 0.6807 
 367 0 391 16 53 0.6714 
 251 597 286 627 53 0.6704 
 0 319 13 348 53 0.6491 
 391 42 420 67 53 0.6467 
 315 180 349 208 53 0.6069 
 336 627 370 655 53 0.6011 
 500 292 531 321 53 0.6001 
 530 291 545 320 53 0.582 
 303 338 337 367 53 0.5737 
 315 383 342 407 53 0.5649 
 138 379 164 406 53 0.5488 
 32 104 60 136 53 0.5456 
 409 468 443 498 53 0.543 
 115 454 147 481 53 0.54 
 467 399 488 423 53 0.5378 
 239 313 269 340 53 0.5137 
 437 452 464 475 53 0.5029 
 112 68 148 95 53 0.4941 
 107 579 147 605 53 0.4824 
 287 58 308 80 53 0.4763 
 0 153 21 179 53 0.4502 
 9 394 44 417 53 0.4426 
 638 84 665 114 53 0.395 
 257 250 283 278 53 0.3865 
 395 266 429 292 53 0.3811 
 339 419 364 446 53 0.3802 
 379 176 399 198 53 0.3773 
 0 363 18 383 53 0.3701 
 660 302 686 330 53 0.3647 
 560 21 589 54 53 0.3638 
 220 309 247 336 53 0.3604 
 22 104 48 134 53 0.3459 
 40 269 66 295 53 0.3285 
 678 25 703 52 53 0.3259 
 531 78 567 106 53 0.3149 
 0 16 18 42 53 0.3132 
 223 335 249 359 53 0.3066 
 577 128 611 155 53 0.2861 
 291 501 328 524 53 0.2612 
 534 457 555 478 53 0.259 
 546 0 565 12 53 0.2568 
