53 445 74 470 53 0.7454 
 371 38 389 63 53 0.6837 
 413 6 438 31 53 0.651 
 455 22 482 44 53 0.626 
 153 426 174 447 53 0.5715 
 665 405 682 430 53 0.5361 
 651 200 681 221 53 0.5068 
 385 0 407 16 53 0.4873 
 214 433 233 455 53 0.4617 
 566 179 584 200 53 0.4512 
 357 0 376 15 53 0.4446 
 41 173 61 194 53 0.4341 
 251 451 267 475 53 0.4063 
 350 495 376 518 53 0.3923 
 558 53 582 82 53 0.3337 
 10 317 31 340 53 0.3081 
 127 261 146 280 53 0.2893 
 649 182 670 204 53 0.2759 
 188 285 205 307 53 0.2751 
 240 603 267 630 53 0.2751 
 517 627 540 657 53 0.2659 
 546 632 566 656 53 0.2622 
 522 122 547 143 53 0.256 
