135 460 171 495 53 0.8833 
 592 212 627 246 53 0.878 
 413 87 454 125 53 0.8765 
 121 83 157 115 53 0.874 
 190 204 228 241 53 0.8672 
 544 45 582 78 53 0.8633 
 388 205 428 242 53 0.8608 
 107 338 148 370 53 0.8589 
 425 422 461 454 53 0.8569 
 622 179 661 214 53 0.856 
 667 233 702 270 53 0.856 
 108 279 150 316 53 0.855 
 445 261 482 296 53 0.8531 
 615 554 649 587 53 0.8521 
 280 549 317 584 53 0.8511 
 65 154 102 191 53 0.8506 
 289 514 325 552 53 0.8506 
 322 263 360 296 53 0.8492 
 466 0 507 34 53 0.8486 
 133 216 172 252 53 0.8481 
 525 379 560 419 53 0.8481 
 375 241 410 271 53 0.8481 
 308 293 346 327 53 0.8477 
 383 0 423 32 53 0.8457 
 499 469 532 504 53 0.8452 
 577 34 615 68 53 0.8452 
 106 160 149 196 53 0.8447 
 561 201 596 233 53 0.8443 
 435 169 472 202 53 0.8424 
 547 269 583 303 53 0.8408 
 338 155 379 189 53 0.8403 
 238 320 272 354 53 0.8403 
 387 315 426 350 53 0.8394 
 170 316 205 350 53 0.8389 
 406 127 446 162 53 0.8389 
 189 420 229 454 53 0.8374 
 435 319 475 353 53 0.8365 
 612 459 645 491 53 0.836 
 549 135 585 167 53 0.8336 
 319 0 356 32 53 0.832 
 42 80 82 116 53 0.832 
 661 349 698 387 53 0.8315 
 476 190 516 224 53 0.8311 
 298 343 334 383 53 0.8311 
 671 139 704 178 53 0.8301 
 239 6 276 40 53 0.8292 
 524 144 554 169 53 0.8291 
 581 270 615 301 53 0.8291 
 175 389 211 420 53 0.8276 
 102 239 139 271 53 0.8276 
 339 452 376 484 53 0.8271 
 379 597 419 635 53 0.8267 
 324 87 361 119 53 0.8253 
 323 329 359 359 53 0.8253 
 179 442 217 478 53 0.8253 
 621 321 665 362 53 0.8252 
 560 323 598 357 53 0.8242 
 442 215 478 250 53 0.8228 
 624 366 665 397 53 0.8228 
 431 0 469 31 53 0.8223 
 470 331 510 361 53 0.8223 
 264 378 297 410 53 0.8223 
 420 539 450 570 53 0.8218 
 217 448 256 479 53 0.8193 
 176 26 211 57 53 0.8188 
 477 656 519 692 53 0.8188 
 233 269 270 306 53 0.8164 
 550 455 590 487 53 0.8155 
 591 466 626 500 53 0.8154 
 272 294 308 326 53 0.8141 
 435 43 473 76 53 0.8136 
 488 32 528 65 53 0.813 
 623 45 659 78 53 0.8106 
 424 599 459 633 53 0.8102 
 260 104 292 134 53 0.8091 
 215 28 250 59 53 0.8087 
 38 203 79 237 53 0.8066 
 276 459 310 492 53 0.8066 
 143 167 173 198 53 0.8048 
 645 488 690 532 53 0.8027 
 524 182 561 214 53 0.7984 
 372 461 402 494 53 0.7983 
 30 253 72 286 53 0.7964 
 545 481 575 514 53 0.7959 
 542 523 577 557 53 0.7959 
 386 569 420 600 53 0.7901 
 34 110 71 142 53 0.7881 
 631 20 668 46 53 0.7866 
 364 562 399 599 53 0.7852 
 307 461 344 490 53 0.7843 
 377 62 417 99 53 0.7827 
 95 70 135 100 53 0.7812 
 219 351 258 385 53 0.7793 
 388 174 419 204 53 0.7744 
 332 189 370 225 53 0.7734 
 610 503 648 537 53 0.7721 
 526 647 557 682 53 0.7721 
 634 73 674 108 53 0.7706 
 5 82 45 114 53 0.7705 
 521 253 559 290 53 0.7695 
 669 400 704 436 53 0.7661 
 314 591 358 630 53 0.7661 
 281 261 310 287 53 0.7656 
 683 98 704 133 53 0.7643 
 13 445 50 479 53 0.7637 
 356 309 384 339 53 0.7627 
 443 558 477 594 53 0.7618 
 578 614 619 648 53 0.7612 
 415 248 451 281 53 0.7598 
 261 639 300 673 53 0.7598 
 529 0 575 22 53 0.7593 
 573 241 602 268 53 0.7544 
 346 44 388 84 53 0.7505 
 524 338 559 368 53 0.7471 
 300 29 330 60 53 0.7373 
 625 250 663 281 53 0.7369 
 212 559 246 591 53 0.731 
 523 16 555 42 53 0.7241 
 568 559 605 594 53 0.7202 
 411 382 446 409 53 0.7114 
 39 53 67 85 53 0.7002 
 587 411 630 452 53 0.6895 
 348 610 380 645 53 0.6626 
 503 503 539 529 53 0.6387 
 420 162 442 196 53 0.6299 
 569 484 593 516 53 0.614 
 661 1 701 17 53 0.5796 
 662 682 704 704 53 0.562 
 199 0 242 17 53 0.5186 
 657 413 683 440 53 0.5163 
 633 243 692 283 53 0.4751 
 684 571 704 598 53 0.4609 
 430 318 504 359 53 0.4387 
 312 454 381 489 53 0.4331 
 602 191 644 243 53 0.4226 
 5 78 74 119 53 0.4011 
 311 268 358 323 53 0.3826 
 406 380 428 406 53 0.3721 
 607 493 679 543 53 0.3701 
 541 490 581 550 53 0.3491 
 60 155 139 194 53 0.3469 
 438 157 477 234 53 0.3425 
 525 591 565 629 53 0.3252 
 147 0 177 16 53 0.3225 
 138 454 197 497 53 0.3086 
 476 0 521 63 53 0.302 
 526 339 563 406 53 0.2922 
 597 458 647 505 53 0.2886 
 532 5 569 37 53 0.2874 
 174 26 246 62 53 0.2612 
 510 257 530 287 53 0.2561 
