341 423 396 484 53 0.8467 
 328 245 384 304 53 0.8228 
 525 397 581 451 53 0.8125 
 251 322 300 369 53 0.7871 
 389 537 439 592 53 0.7744 
 157 345 207 384 53 0.771 
 651 10 704 67 53 0.769 
 322 43 377 94 53 0.7671 
 647 68 704 123 53 0.7661 
 218 386 270 442 53 0.7642 
 342 87 397 137 53 0.7622 
 68 566 124 626 53 0.7607 
 272 167 331 219 53 0.7549 
 396 508 447 549 53 0.7515 
 24 620 74 669 53 0.7363 
 567 535 621 585 53 0.7334 
 298 389 328 432 53 0.7324 
 209 0 262 41 53 0.7285 
 401 34 457 88 53 0.7271 
 591 59 647 111 53 0.7129 
 434 0 491 56 53 0.708 
 137 255 193 309 53 0.6865 
 594 576 641 626 53 0.6792 
 346 587 394 636 53 0.6782 
 102 59 162 119 53 0.646 
 620 219 674 273 53 0.6445 
 550 478 605 533 53 0.6421 
 498 167 548 216 53 0.6343 
 5 108 61 163 53 0.627 
 495 587 546 637 53 0.6069 
 392 332 439 370 53 0.5889 
 465 267 516 320 53 0.5762 
 309 391 343 438 53 0.5688 
 119 0 166 25 53 0.5537 
 295 436 323 466 53 0.5498 
 496 496 542 548 53 0.5107 
 425 662 474 701 53 0.5088 
 197 171 244 209 53 0.4216 
 81 408 133 459 53 0.4211 
 535 0 589 51 53 0.4092 
 417 178 462 224 53 0.3896 
 318 532 357 572 53 0.3887 
 113 491 157 526 53 0.354 
 96 144 147 183 53 0.3032 
 216 389 244 430 53 0.291 
 0 404 25 432 53 0.2869 
