137 193 169 220 53 0.8463 
 59 250 88 272 53 0.8354 
 7 368 38 394 53 0.8257 
 65 179 94 207 53 0.8081 
 231 271 262 299 53 0.8066 
 165 229 196 254 53 0.8008 
 349 387 377 408 53 0.7993 
 24 61 49 84 53 0.796 
 326 88 354 113 53 0.7941 
 531 397 557 425 53 0.7921 
 72 481 104 507 53 0.7905 
 205 530 232 554 53 0.7842 
 565 36 589 65 53 0.7784 
 0 60 19 86 53 0.7775 
 50 437 83 459 53 0.7725 
 499 189 530 214 53 0.7695 
 292 428 321 456 53 0.7671 
 90 215 119 236 53 0.7661 
 22 471 50 495 53 0.7649 
 364 422 396 451 53 0.7646 
 180 306 209 326 53 0.7627 
 145 561 171 585 53 0.7615 
 616 44 646 68 53 0.7598 
 186 285 220 306 53 0.7568 
 291 110 321 131 53 0.7544 
 328 153 351 173 53 0.7522 
 153 290 173 317 53 0.7496 
 309 245 341 265 53 0.7305 
 575 297 604 324 53 0.7153 
 258 406 289 432 53 0.708 
 314 124 344 154 53 0.6979 
 304 220 332 245 53 0.6979 
 591 258 619 291 53 0.6979 
 264 298 288 325 53 0.6955 
 358 580 393 604 53 0.6929 
 155 509 189 533 53 0.6885 
 685 302 703 332 53 0.6798 
 124 237 154 259 53 0.6792 
 134 541 155 564 53 0.6772 
 260 22 287 46 53 0.668 
 413 563 437 586 53 0.6602 
 296 155 326 177 53 0.646 
 369 11 393 41 53 0.6447 
 102 480 125 506 53 0.6387 
 550 604 578 626 53 0.6333 
 421 500 455 525 53 0.6309 
 295 484 323 510 53 0.627 
 117 235 145 255 53 0.6235 
 387 336 408 359 53 0.6174 
 272 68 297 96 53 0.6159 
 682 106 704 142 53 0.6094 
 491 208 515 231 53 0.6057 
 621 177 641 202 53 0.5972 
 557 367 582 388 53 0.5954 
 511 526 531 551 53 0.5783 
 646 278 678 307 53 0.5659 
 258 427 298 447 53 0.563 
 165 193 184 216 53 0.5522 
 99 638 126 661 53 0.5479 
 206 350 228 365 53 0.5469 
 513 595 536 619 53 0.5447 
 356 540 388 574 53 0.5381 
 462 633 482 657 53 0.5195 
 114 13 144 34 53 0.5166 
 361 204 386 224 53 0.5066 
 472 573 500 609 53 0.4961 
 361 1 382 14 53 0.491 
 67 423 100 452 53 0.4873 
 343 269 365 290 53 0.4636 
 590 87 617 112 53 0.46 
 362 555 390 578 53 0.4495 
 627 491 647 518 53 0.4434 
 645 209 674 226 53 0.4341 
 630 562 658 585 53 0.4243 
 224 198 246 216 53 0.409 
 235 113 251 135 53 0.3921 
 426 286 446 305 53 0.3877 
 87 199 105 215 53 0.373 
 460 311 488 335 53 0.373 
 279 424 296 448 53 0.3684 
 611 456 639 481 53 0.3638 
 0 61 46 84 53 0.3584 
 3 165 22 184 53 0.3529 
 381 532 406 552 53 0.3433 
 418 418 442 438 53 0.3425 
 393 45 419 69 53 0.3189 
 142 17 157 37 53 0.3114 
 631 321 660 343 53 0.3081 
 158 292 182 321 53 0.2893 
 438 593 458 626 53 0.2854 
 625 654 646 674 53 0.2805 
 598 495 626 520 53 0.272 
 182 292 219 324 53 0.2681 
 170 304 187 323 53 0.2673 
 387 579 408 601 53 0.2568 
 447 90 472 119 53 0.2568 
