35 606 63 634 53 0.8482 
 566 210 600 238 53 0.8086 
 166 6 202 36 53 0.7944 
 268 50 305 80 53 0.772 
 233 33 260 60 53 0.7583 
 191 593 228 626 53 0.7441 
 630 196 661 227 53 0.7417 
 591 378 626 403 53 0.7393 
 318 170 350 205 53 0.7256 
 549 149 591 177 53 0.7251 
 421 376 456 411 53 0.716 
 533 433 569 462 53 0.7075 
 678 214 703 243 53 0.6979 
 73 91 107 119 53 0.6885 
 106 152 147 184 53 0.687 
 80 579 113 612 53 0.6689 
 672 274 701 302 53 0.6646 
 515 339 538 364 53 0.6598 
 438 4 476 34 53 0.6592 
 98 290 130 315 53 0.6523 
 47 271 82 303 53 0.6216 
 354 1 396 35 53 0.6206 
 597 347 627 370 53 0.5928 
 403 217 439 251 53 0.584 
 26 263 62 291 53 0.5757 
 103 532 131 555 53 0.5581 
 95 355 119 376 53 0.5569 
 389 30 419 51 53 0.5537 
 194 1 218 15 53 0.5493 
 418 28 446 54 53 0.5439 
 550 191 575 221 53 0.5176 
 502 226 522 250 53 0.5127 
 281 134 315 168 53 0.4932 
 422 65 452 94 53 0.4902 
 102 373 127 395 53 0.4775 
 445 215 477 250 53 0.4648 
 541 221 567 245 53 0.4639 
 563 450 581 477 53 0.4492 
 295 448 324 476 53 0.4417 
 81 292 103 322 53 0.4243 
 68 286 91 314 53 0.3933 
 432 223 462 255 53 0.384 
 318 143 353 174 53 0.3767 
 567 441 594 475 53 0.3694 
 392 0 420 16 53 0.3611 
 20 584 46 606 53 0.3459 
 189 60 221 81 53 0.3389 
 15 272 30 287 53 0.3337 
 0 518 27 544 53 0.3275 
 675 301 694 318 53 0.3115 
 244 186 276 213 53 0.2991 
 395 1 420 11 53 0.2659 
 240 635 265 666 53 0.2622 
 314 149 354 198 53 0.2542 
