40 348 73 384 53 0.8599 
 277 386 317 417 53 0.8423 
 150 0 192 34 53 0.832 
 98 306 131 340 53 0.832 
 297 31 329 69 53 0.8311 
 213 136 251 170 53 0.8267 
 459 210 497 242 53 0.8242 
 139 243 178 278 53 0.8193 
 520 267 559 297 53 0.816 
 5 373 44 403 53 0.8154 
 614 160 655 193 53 0.8052 
 214 494 253 530 53 0.8052 
 86 420 114 449 53 0.7999 
 646 243 690 281 53 0.7959 
 411 138 446 173 53 0.7944 
 223 215 261 251 53 0.7925 
 63 297 102 332 53 0.7921 
 51 596 95 627 53 0.7891 
 575 329 615 366 53 0.7866 
 427 65 467 96 53 0.7842 
 542 317 579 351 53 0.7827 
 584 207 625 240 53 0.7827 
 356 428 392 459 53 0.7809 
 100 179 134 211 53 0.772 
 590 521 633 558 53 0.7686 
 100 0 136 27 53 0.7656 
 297 80 330 110 53 0.7598 
 557 273 597 307 53 0.7549 
 0 317 23 350 53 0.754 
 188 234 223 271 53 0.752 
 74 506 112 542 53 0.752 
 80 538 119 574 53 0.7417 
 194 200 232 234 53 0.7413 
 140 537 178 578 53 0.7388 
 191 314 224 346 53 0.7301 
 62 172 96 204 53 0.7212 
 530 0 562 30 53 0.7212 
 148 145 187 175 53 0.7212 
 228 264 260 293 53 0.7139 
 179 415 215 452 53 0.7065 
 448 164 473 196 53 0.7013 
 0 638 25 669 53 0.6999 
 292 411 328 440 53 0.6982 
 541 390 572 426 53 0.6919 
 386 626 425 660 53 0.6919 
 646 349 690 388 53 0.6797 
 121 218 164 257 53 0.6782 
 376 261 414 294 53 0.6768 
 659 133 702 162 53 0.667 
 426 438 472 480 53 0.6665 
 144 627 184 665 53 0.6416 
 237 546 278 577 53 0.6387 
 23 241 54 271 53 0.6384 
 173 628 201 663 53 0.6362 
 1 41 39 66 53 0.6123 
 50 187 74 216 53 0.6104 
 559 604 592 635 53 0.6094 
 209 654 242 685 53 0.6069 
 1 86 11 112 53 0.5957 
 262 265 290 291 53 0.5793 
 259 666 298 698 53 0.5649 
 629 514 668 551 53 0.5488 
 659 175 695 209 53 0.5293 
 495 0 519 21 53 0.5173 
 657 506 687 543 53 0.4951 
 321 452 346 485 53 0.4766 
 420 671 457 701 53 0.4504 
 63 430 77 459 53 0.4483 
 343 403 371 429 53 0.4446 
 295 284 319 314 53 0.4377 
 47 180 88 214 53 0.4141 
 634 520 653 549 53 0.4092 
 476 77 507 104 53 0.4065 
 194 423 222 454 53 0.3831 
 337 1 378 15 53 0.3711 
 296 160 316 191 53 0.3442 
 534 596 565 630 53 0.3389 
 282 391 325 441 53 0.2847 
 657 126 703 196 53 0.2759 
 247 211 270 241 53 0.2605 
