507 2 538 29 53 0.832 
 417 333 450 364 53 0.8301 
 361 29 391 58 53 0.8257 
 118 112 159 147 53 0.8174 
 427 424 457 453 53 0.8115 
 343 141 375 168 53 0.8086 
 376 635 407 664 53 0.8066 
 463 406 490 438 53 0.8048 
 119 307 151 331 53 0.8013 
 230 115 261 146 53 0.7944 
 100 388 130 415 53 0.7944 
 86 272 114 296 53 0.793 
 492 117 521 149 53 0.7921 
 529 348 559 378 53 0.792 
 304 409 333 435 53 0.7881 
 303 236 338 265 53 0.7838 
 257 212 289 242 53 0.7769 
 191 150 213 181 53 0.7657 
 0 383 34 415 53 0.7656 
 19 98 43 119 53 0.7557 
 501 145 531 172 53 0.7544 
 534 290 563 314 53 0.7534 
 61 414 97 444 53 0.7413 
 580 394 612 421 53 0.7349 
 329 126 354 152 53 0.7306 
 37 445 69 473 53 0.7295 
 579 462 614 495 53 0.7163 
 651 399 678 423 53 0.7003 
 358 210 394 239 53 0.6885 
 347 640 381 669 53 0.686 
 415 586 441 614 53 0.6798 
 281 344 302 366 53 0.673 
 646 70 678 96 53 0.6523 
 534 606 561 634 53 0.6514 
 350 61 375 90 53 0.6436 
 49 178 81 205 53 0.6323 
 528 377 551 399 53 0.6289 
 686 216 704 245 53 0.6279 
 0 85 18 107 53 0.6206 
 230 428 254 448 53 0.6057 
 558 330 579 352 53 0.605 
 542 377 568 401 53 0.604 
 537 151 565 174 53 0.5957 
 552 540 585 561 53 0.582 
 501 652 532 680 53 0.5718 
 382 533 411 563 53 0.563 
 645 531 672 555 53 0.5557 
 548 521 565 547 53 0.5329 
 399 65 421 94 53 0.5312 
 209 516 243 549 53 0.5166 
 196 454 221 475 53 0.5039 
 641 492 671 517 53 0.4736 
 427 1 465 17 53 0.4717 
 582 517 609 542 53 0.4658 
 310 353 335 370 53 0.3684 
 534 1 576 15 53 0.3657 
 229 525 262 554 53 0.3452 
 123 159 154 192 53 0.3433 
 429 3 461 12 53 0.3269 
 214 537 243 553 53 0.2903 
 163 178 175 194 53 0.283 
