10 300 44 334 53 0.8599 
 554 45 588 75 53 0.8569 
 348 123 383 159 53 0.8276 
 621 23 653 50 53 0.8223 
 444 226 477 258 53 0.814 
 248 207 285 238 53 0.8032 
 631 161 667 190 53 0.7939 
 87 237 116 270 53 0.7891 
 392 401 429 432 53 0.7822 
 618 356 653 387 53 0.7744 
 486 172 521 207 53 0.7725 
 92 398 125 431 53 0.771 
 141 105 173 135 53 0.7706 
 128 386 159 418 53 0.7695 
 64 223 99 255 53 0.7686 
 464 655 502 688 53 0.7661 
 279 6 312 36 53 0.7642 
 568 641 599 674 53 0.7593 
 496 385 531 414 53 0.7593 
 568 277 602 307 53 0.7568 
 511 514 540 544 53 0.7559 
 174 60 208 90 53 0.7485 
 687 261 703 293 53 0.7384 
 143 293 177 322 53 0.7231 
 54 285 87 319 53 0.7212 
 228 131 260 159 53 0.7124 
 582 366 616 394 53 0.7124 
 575 0 609 29 53 0.7065 
 43 413 78 449 53 0.7017 
 565 223 599 254 53 0.7007 
 519 367 550 398 53 0.6968 
 129 106 147 137 53 0.6929 
 226 322 261 360 53 0.6792 
 547 446 581 473 53 0.667 
 690 131 703 160 53 0.6548 
 453 1 496 20 53 0.6548 
 654 522 687 552 53 0.6387 
 178 228 210 261 53 0.6296 
 429 163 464 196 53 0.6289 
 574 541 604 575 53 0.6257 
 362 312 398 347 53 0.6226 
 443 636 475 669 53 0.5908 
 413 555 444 586 53 0.585 
 683 650 703 676 53 0.5827 
 477 184 495 210 53 0.5695 
 404 221 425 254 53 0.5647 
 361 472 399 492 53 0.5244 
 274 367 310 394 53 0.5234 
 247 492 285 522 53 0.5195 
 318 512 355 544 53 0.5195 
 510 638 540 667 53 0.501 
 176 526 212 557 53 0.498 
 669 0 689 17 53 0.4932 
 549 522 576 549 53 0.4854 
 36 415 53 441 53 0.4822 
 118 395 138 423 53 0.4377 
 690 450 703 476 53 0.4036 
 423 232 440 258 53 0.3811 
 651 593 681 619 53 0.3767 
 554 633 579 665 53 0.2673 
 33 409 66 446 53 0.2502 
