343 1 389 47 53 0.7559 
 241 0 282 29 53 0.7422 
 651 151 702 192 53 0.5586 
 222 111 264 146 53 0.4639 
 410 86 456 129 53 0.4609 
 367 237 416 269 53 0.4524 
 151 182 196 221 53 0.4475 
 428 416 469 458 53 0.4441 
 457 19 505 64 53 0.4346 
 570 211 606 248 53 0.4233 
 594 481 639 523 53 0.4148 
 269 85 311 130 53 0.4121 
 425 0 468 16 53 0.4065 
 351 583 399 633 53 0.4041 
 440 374 483 417 53 0.4026 
 78 1 118 17 53 0.3496 
 118 411 167 451 53 0.3486 
 661 254 704 288 53 0.3381 
 606 86 642 114 53 0.3372 
 241 284 293 323 53 0.3354 
 497 95 537 125 53 0.332 
 643 2 687 40 53 0.3103 
 322 212 366 253 53 0.3032 
 319 529 362 574 53 0.3015 
 471 479 516 523 53 0.2886 
 190 83 232 122 53 0.2791 
 412 486 453 533 53 0.2759 
 459 266 499 299 53 0.2751 
 369 106 414 149 53 0.2659 
 575 8 615 46 53 0.2539 
 360 351 402 390 53 0.2517 
