373 411 398 441 53 0.8399 
 167 236 202 265 53 0.8389 
 419 363 453 393 53 0.8374 
 467 217 499 245 53 0.8374 
 587 148 617 176 53 0.8365 
 136 281 173 309 53 0.832 
 433 210 465 237 53 0.8276 
 277 259 313 290 53 0.8252 
 648 174 677 202 53 0.8223 
 145 128 180 162 53 0.8218 
 415 81 440 107 53 0.8214 
 587 269 622 297 53 0.8164 
 93 540 132 575 53 0.8164 
 203 284 228 310 53 0.8155 
 385 386 416 414 53 0.8154 
 66 253 102 283 53 0.8076 
 550 236 579 264 53 0.8057 
 353 392 388 422 53 0.8057 
 661 442 694 474 53 0.8033 
 414 338 443 361 53 0.8032 
 390 102 426 132 53 0.8032 
 166 321 199 350 53 0.8032 
 486 555 520 583 53 0.8018 
 532 475 566 502 53 0.8018 
 574 166 603 195 53 0.8009 
 126 257 152 284 53 0.7993 
 278 352 315 383 53 0.7984 
 499 291 527 314 53 0.797 
 448 382 478 413 53 0.7969 
 90 403 122 428 53 0.793 
 1 590 36 617 53 0.793 
 189 307 216 333 53 0.7862 
 34 244 64 268 53 0.7827 
 397 403 431 429 53 0.7827 
 410 542 437 574 53 0.7812 
 130 166 162 191 53 0.7759 
 491 145 515 167 53 0.7695 
 59 6 87 28 53 0.7676 
 642 139 661 162 53 0.7657 
 404 159 431 182 53 0.7646 
 108 595 140 626 53 0.7598 
 171 442 208 466 53 0.7593 
 491 172 517 191 53 0.7568 
 222 212 256 242 53 0.752 
 309 399 341 427 53 0.752 
 122 512 156 543 53 0.752 
 424 260 452 286 53 0.7507 
 70 204 107 228 53 0.75 
 596 253 629 275 53 0.7461 
 637 257 666 283 53 0.7388 
 618 135 641 159 53 0.7384 
 191 415 221 444 53 0.7363 
 502 476 535 502 53 0.7363 
 357 198 389 225 53 0.7324 
 464 504 494 535 53 0.7324 
 624 292 651 317 53 0.7321 
 133 196 160 223 53 0.731 
 418 1 446 25 53 0.7266 
 327 190 352 212 53 0.7247 
 36 674 74 702 53 0.7212 
 558 262 577 276 53 0.7188 
 367 553 405 585 53 0.7163 
 515 497 542 526 53 0.716 
 232 223 267 253 53 0.708 
 540 169 560 190 53 0.7049 
 418 469 453 497 53 0.7017 
 534 285 554 309 53 0.6955 
 186 220 213 239 53 0.686 
 377 585 409 610 53 0.6836 
 328 475 357 503 53 0.6769 
 22 334 40 352 53 0.6748 
 339 461 376 481 53 0.6689 
 91 181 115 202 53 0.6646 
 45 0 69 17 53 0.6602 
 442 438 480 463 53 0.646 
 487 525 516 547 53 0.6387 
 439 486 462 511 53 0.6374 
 268 370 293 391 53 0.627 
 39 560 70 584 53 0.6074 
 113 490 138 522 53 0.6066 
 420 657 450 679 53 0.5957 
 150 672 186 701 53 0.5947 
 488 673 525 703 53 0.5925 
 78 220 111 245 53 0.5918 
 482 398 515 423 53 0.5879 
 467 412 490 434 53 0.5813 
 336 652 372 687 53 0.5767 
 319 171 340 195 53 0.5754 
 567 500 599 521 53 0.541 
 506 212 525 233 53 0.5408 
 192 497 223 523 53 0.54 
 570 524 600 545 53 0.5391 
 130 549 170 580 53 0.5303 
 564 674 595 701 53 0.5303 
 76 606 107 625 53 0.5244 
 289 458 334 504 53 0.5244 
 325 513 350 537 53 0.5154 
 455 643 485 668 53 0.5127 
 104 679 136 704 53 0.5117 
 351 437 380 464 53 0.502 
 386 311 401 334 53 0.4971 
 99 338 113 353 53 0.4871 
 555 492 578 515 53 0.4863 
 65 329 76 347 53 0.4844 
 485 641 517 665 53 0.4834 
 147 530 173 552 53 0.4658 
 406 627 432 649 53 0.4639 
 594 303 612 318 53 0.4627 
 251 325 284 347 53 0.4561 
 121 564 138 584 53 0.4534 
 410 359 430 381 53 0.4524 
 144 196 169 224 53 0.4514 
 311 628 346 657 53 0.4485 
 0 515 13 536 53 0.4292 
 447 621 458 641 53 0.407 
 249 497 281 520 53 0.4045 
 553 247 579 273 53 0.3923 
 431 109 457 140 53 0.3877 
 532 673 562 699 53 0.3831 
 394 310 413 331 53 0.373 
 448 472 464 489 53 0.3711 
 417 106 438 138 53 0.3657 
 405 689 435 703 53 0.3621 
 160 179 182 196 53 0.3167 
 154 179 180 208 53 0.3081 
 348 653 371 677 53 0.3074 
 48 365 64 387 53 0.3025 
 203 478 238 508 53 0.2991 
 384 316 408 343 53 0.2959 
 179 427 222 464 53 0.2937 
 74 217 105 299 53 0.2795 
 127 199 149 224 53 0.2766 
 534 457 550 475 53 0.265 
 456 525 483 547 53 0.2583 
