304 393 340 429 53 0.8276 
 678 182 704 209 53 0.7125 
 633 275 670 300 53 0.6934 
 21 430 54 463 53 0.6895 
 543 500 578 528 53 0.6558 
 605 417 641 449 53 0.6406 
 678 210 703 242 53 0.6377 
 675 253 699 280 53 0.6152 
 68 340 97 372 53 0.6133 
 586 419 610 447 53 0.6018 
 512 499 536 530 53 0.5991 
 563 320 593 351 53 0.5962 
 640 167 678 200 53 0.5879 
 67 295 109 324 53 0.5879 
 222 342 245 372 53 0.5786 
 606 61 643 90 53 0.5737 
 340 383 357 406 53 0.5293 
 119 3 141 23 53 0.5264 
 36 444 70 488 53 0.4912 
 684 281 703 310 53 0.488 
 615 78 644 105 53 0.4793 
 495 230 514 257 53 0.4446 
 647 302 676 326 53 0.3923 
 519 496 551 528 53 0.3896 
 586 51 611 73 53 0.3875 
 47 664 84 696 53 0.3804 
 693 17 703 41 53 0.3721 
 111 80 138 117 53 0.3611 
 100 310 124 334 53 0.3594 
 447 338 469 363 53 0.3372 
 607 293 634 321 53 0.3252 
 492 557 517 581 53 0.2983 
 679 238 704 263 53 0.2935 
 689 244 704 267 53 0.2917 
 645 318 671 354 53 0.2886 
 479 530 502 548 53 0.2854 
 517 559 536 585 53 0.2751 
 693 308 703 325 53 0.2629 
 471 481 495 509 53 0.2568 
 627 131 671 161 53 0.2524 
 565 434 580 455 53 0.251 
 453 297 487 324 53 0.251 
