114 249 142 272 53 0.8398 
 478 170 512 206 53 0.8364 
 451 189 483 216 53 0.8354 
 241 331 274 361 53 0.8276 
 339 307 371 339 53 0.8208 
 134 227 168 253 53 0.8203 
 503 267 524 296 53 0.8199 
 22 23 54 47 53 0.8115 
 245 376 267 401 53 0.8097 
 35 8 65 33 53 0.8081 
 539 227 570 255 53 0.8081 
 478 431 506 457 53 0.8066 
 33 592 71 623 53 0.8032 
 194 519 227 553 53 0.798 
 430 165 463 196 53 0.7959 
 147 332 180 357 53 0.7905 
 399 374 425 406 53 0.7897 
 197 375 224 402 53 0.7891 
 288 347 321 377 53 0.7838 
 372 415 403 442 53 0.7788 
 13 318 39 344 53 0.7775 
 180 541 208 569 53 0.7687 
 603 300 630 332 53 0.7667 
 221 506 253 534 53 0.7661 
 380 339 404 359 53 0.7656 
 368 270 398 301 53 0.7622 
 336 388 364 416 53 0.7607 
 444 15 469 44 53 0.7589 
 483 277 508 303 53 0.7583 
 230 220 263 245 53 0.7563 
 303 204 330 233 53 0.7555 
 306 289 337 319 53 0.7549 
 1 385 24 410 53 0.7545 
 22 565 51 590 53 0.7544 
 50 516 81 538 53 0.7534 
 89 346 118 376 53 0.7534 
 451 490 478 513 53 0.7529 
 126 200 154 229 53 0.7496 
 561 12 588 46 53 0.7487 
 496 345 527 375 53 0.7485 
 540 356 572 380 53 0.7471 
 408 459 440 486 53 0.7422 
 236 310 262 334 53 0.7393 
 477 494 501 529 53 0.7369 
 531 23 564 57 53 0.7349 
 90 660 120 686 53 0.7319 
 131 60 162 88 53 0.731 
 446 212 471 236 53 0.7285 
 111 318 145 347 53 0.7262 
 326 366 351 392 53 0.7241 
 326 20 362 48 53 0.7231 
 576 260 603 286 53 0.715 
 115 345 135 371 53 0.7121 
 456 406 482 435 53 0.7111 
 40 324 77 350 53 0.7056 
 228 452 257 475 53 0.6953 
 570 378 598 403 53 0.6943 
 137 252 162 277 53 0.6916 
 380 5 410 33 53 0.6895 
 28 308 56 333 53 0.6891 
 430 194 449 215 53 0.686 
 30 647 52 670 53 0.6837 
 78 46 115 69 53 0.6768 
 596 508 623 537 53 0.6748 
 78 425 106 451 53 0.673 
 455 253 469 276 53 0.6689 
 167 434 193 456 53 0.6686 
 106 137 146 171 53 0.667 
 358 75 389 103 53 0.667 
 468 524 496 544 53 0.6655 
 615 575 638 604 53 0.6623 
 323 588 354 620 53 0.6618 
 294 320 318 339 53 0.6611 
 352 3 397 32 53 0.6582 
 53 308 82 330 53 0.6548 
 375 302 392 326 53 0.6504 
 144 44 178 68 53 0.6504 
 106 431 123 455 53 0.6369 
 362 35 395 64 53 0.6362 
 311 451 337 475 53 0.6353 
 335 252 356 272 53 0.634 
 625 480 651 510 53 0.633 
 611 373 638 391 53 0.6279 
 118 399 142 425 53 0.6276 
 487 605 517 633 53 0.6245 
 164 180 197 212 53 0.6123 
 370 114 395 140 53 0.6113 
 64 91 83 121 53 0.6084 
 66 598 93 627 53 0.604 
 400 0 423 21 53 0.6011 
 406 559 426 585 53 0.5935 
 0 22 22 43 53 0.5908 
 514 483 545 509 53 0.585 
 543 472 564 496 53 0.5847 
 149 75 179 108 53 0.584 
 221 582 246 606 53 0.5774 
 60 661 82 686 53 0.5767 
 561 51 597 83 53 0.5757 
 435 472 460 500 53 0.5718 
 285 374 299 394 53 0.5359 
 84 684 103 704 53 0.5261 
 405 612 429 638 53 0.5254 
 332 461 362 487 53 0.5254 
 239 14 261 37 53 0.5251 
 355 422 372 443 53 0.5242 
 568 175 596 199 53 0.5098 
 512 596 539 625 53 0.4959 
 106 682 127 702 53 0.4959 
 550 302 575 331 53 0.4951 
 443 506 473 532 53 0.4902 
 135 49 171 82 53 0.479 
 589 491 607 513 53 0.4695 
 655 248 677 275 53 0.4656 
 359 205 387 224 53 0.46 
 635 597 658 622 53 0.4595 
 467 76 485 102 53 0.4551 
 399 297 427 319 53 0.4543 
 635 247 649 277 53 0.4541 
 183 213 204 239 53 0.4485 
 687 405 702 433 53 0.4395 
 181 11 201 35 53 0.4331 
 365 472 383 493 53 0.4195 
 564 676 579 697 53 0.4026 
 323 270 343 287 53 0.3819 
 596 556 618 584 53 0.3809 
 357 6 377 29 53 0.363 
 287 67 306 96 53 0.3557 
 691 158 703 189 53 0.3486 
 309 427 331 449 53 0.3408 
 253 654 284 693 53 0.3337 
 152 189 173 212 53 0.3303 
 485 633 516 653 53 0.3269 
 362 131 382 155 53 0.3201 
 211 350 234 371 53 0.3115 
 318 478 348 503 53 0.3098 
 348 569 373 592 53 0.3015 
 412 618 440 638 53 0.2991 
 10 684 32 704 53 0.2959 
 481 567 504 594 53 0.291 
 529 474 546 501 53 0.2854 
 586 329 610 350 53 0.2766 
 119 245 154 267 53 0.2651 
 517 415 534 443 53 0.2643 
 490 131 526 154 53 0.2637 
 2 675 36 704 53 0.2622 
 270 665 297 691 53 0.2568 
 95 665 126 696 53 0.2546 
 556 258 576 281 53 0.2516 
 586 130 622 157 53 0.2502 
