233 209 271 242 53 0.8662 
 517 205 556 235 53 0.8604 
 298 107 333 141 53 0.853 
 249 0 286 34 53 0.8472 
 450 167 480 194 53 0.8389 
 480 321 516 354 53 0.8354 
 511 111 545 145 53 0.8345 
 16 423 56 457 53 0.8341 
 251 342 280 371 53 0.832 
 592 221 630 253 53 0.8301 
 633 59 662 89 53 0.8291 
 162 304 213 355 53 0.8257 
 256 91 301 137 53 0.8232 
 424 407 465 442 53 0.8214 
 324 567 364 602 53 0.8199 
 212 218 239 249 53 0.818 
 676 596 704 629 53 0.8155 
 9 515 46 547 53 0.8105 
 598 561 632 590 53 0.8101 
 63 564 94 593 53 0.8091 
 677 433 703 461 53 0.8072 
 426 318 458 350 53 0.8066 
 558 259 592 293 53 0.8042 
 637 536 669 568 53 0.8042 
 75 375 107 410 53 0.8032 
 63 191 99 224 53 0.7983 
 317 262 346 295 53 0.7983 
 436 285 471 320 53 0.7965 
 579 125 615 158 53 0.7886 
 190 1 231 36 53 0.7881 
 597 389 623 412 53 0.7871 
 92 0 128 33 53 0.7852 
 677 369 703 398 53 0.7827 
 502 521 523 546 53 0.7818 
 187 537 220 565 53 0.7798 
 147 394 186 430 53 0.7788 
 531 325 559 348 53 0.7705 
 518 232 562 261 53 0.7656 
 2 626 35 656 53 0.7646 
 236 107 264 142 53 0.7642 
 324 498 359 530 53 0.7642 
 565 382 598 413 53 0.7627 
 649 323 685 352 53 0.7622 
 127 647 161 678 53 0.7609 
 391 125 429 155 53 0.7589 
 164 15 199 45 53 0.7563 
 369 0 405 20 53 0.7549 
 144 166 175 196 53 0.75 
 356 77 389 101 53 0.7485 
 562 177 596 206 53 0.7471 
 361 518 391 549 53 0.7417 
 534 650 565 680 53 0.7417 
 485 131 525 160 53 0.7402 
 506 0 542 23 53 0.7363 
 559 638 596 673 53 0.7363 
 162 662 194 691 53 0.7339 
 292 633 331 665 53 0.7335 
 336 97 364 125 53 0.733 
 545 166 570 192 53 0.7301 
 460 185 491 213 53 0.7295 
 93 567 121 600 53 0.7285 
 663 542 689 568 53 0.728 
 308 77 341 110 53 0.7266 
 384 522 409 553 53 0.7256 
 672 308 703 337 53 0.7227 
 211 549 249 581 53 0.7217 
 231 396 259 423 53 0.7212 
 400 312 433 341 53 0.7148 
 154 115 183 136 53 0.7139 
 255 657 291 688 53 0.7129 
 427 382 455 406 53 0.708 
 42 78 72 107 53 0.7075 
 573 2 608 22 53 0.7026 
 389 450 428 476 53 0.6978 
 366 155 404 190 53 0.6943 
 319 667 354 697 53 0.6934 
 13 455 46 479 53 0.6919 
 0 492 16 523 53 0.6899 
 375 312 399 338 53 0.6896 
 228 143 273 178 53 0.686 
 267 367 313 416 53 0.6841 
 673 76 704 113 53 0.6826 
 251 385 273 414 53 0.6826 
 675 172 699 201 53 0.6816 
 0 393 29 422 53 0.6802 
 465 607 505 642 53 0.6733 
 89 497 125 528 53 0.6724 
 7 31 33 62 53 0.6704 
 291 333 314 356 53 0.667 
 626 245 666 274 53 0.667 
 633 493 667 527 53 0.6636 
 289 74 316 107 53 0.6618 
 66 357 83 380 53 0.6618 
 73 270 114 310 53 0.6606 
 0 334 32 357 53 0.6592 
 424 440 458 470 53 0.6582 
 648 409 679 435 53 0.6538 
 611 158 639 187 53 0.6514 
 285 134 318 162 53 0.6504 
 226 481 256 515 53 0.645 
 586 506 622 532 53 0.6406 
 131 20 159 46 53 0.6353 
 106 520 123 550 53 0.634 
 539 620 565 650 53 0.6318 
 478 239 507 260 53 0.6318 
 290 676 324 702 53 0.6279 
 617 659 639 681 53 0.6276 
 344 59 365 89 53 0.626 
 203 404 231 433 53 0.6226 
 18 484 50 511 53 0.6226 
 195 512 224 541 53 0.6187 
 111 518 148 552 53 0.6177 
 442 199 466 220 53 0.6104 
 642 571 660 591 53 0.6101 
 403 0 430 18 53 0.6001 
 317 439 351 462 53 0.5981 
 663 598 683 622 53 0.5972 
 558 596 592 626 53 0.5962 
 82 341 112 369 53 0.5908 
 497 365 529 396 53 0.5908 
 153 500 190 533 53 0.5889 
 299 507 325 537 53 0.5859 
 68 617 99 645 53 0.5806 
 486 427 516 461 53 0.5796 
 120 502 143 524 53 0.5786 
 546 95 575 129 53 0.5737 
 555 556 586 583 53 0.561 
 450 388 475 415 53 0.5557 
 627 495 647 521 53 0.5544 
 394 185 426 211 53 0.5508 
 337 643 367 672 53 0.5469 
 51 141 93 179 53 0.5361 
 649 149 685 174 53 0.5332 
 441 243 467 268 53 0.5332 
 89 140 115 165 53 0.5264 
 422 219 456 261 53 0.5195 
 367 192 402 238 53 0.5176 
 629 246 646 275 53 0.5124 
 412 13 446 41 53 0.501 
 440 560 462 582 53 0.5 
 420 194 447 224 53 0.5 
 519 441 541 463 53 0.4883 
 235 672 266 699 53 0.4775 
 372 216 400 253 53 0.4668 
 52 529 81 564 53 0.4543 
 484 466 498 489 53 0.4522 
 583 440 612 465 53 0.4456 
 139 368 163 391 53 0.4444 
 665 486 689 513 53 0.4436 
 240 365 263 390 53 0.4397 
 622 157 649 188 53 0.4358 
 75 672 116 704 53 0.4341 
 488 286 512 310 53 0.4233 
 580 56 596 75 53 0.4185 
 406 22 434 49 53 0.4148 
 0 512 20 544 53 0.4016 
 21 224 46 252 53 0.3979 
 346 686 368 703 53 0.3948 
 444 1 495 17 53 0.3933 
 520 259 549 281 53 0.3923 
 0 488 33 516 53 0.384 
 690 341 703 366 53 0.3811 
 237 286 268 312 53 0.3804 
 458 221 485 254 53 0.3794 
 411 155 428 185 53 0.3748 
 58 509 92 528 53 0.3738 
 235 358 256 380 53 0.373 
 660 2 673 12 53 0.3701 
 175 188 213 220 53 0.3584 
 438 89 466 113 53 0.3513 
 116 117 145 140 53 0.3503 
 596 186 625 214 53 0.3398 
 282 684 298 704 53 0.3372 
 74 137 110 171 53 0.3259 
 281 237 306 261 53 0.3225 
 500 260 524 283 53 0.3174 
 49 64 78 90 53 0.3167 
 594 635 616 660 53 0.3157 
 247 72 275 95 53 0.3149 
 19 28 51 57 53 0.3149 
 285 73 309 96 53 0.3108 
 216 383 241 406 53 0.3091 
 24 22 48 46 53 0.3066 
 63 361 98 390 53 0.3057 
 141 391 169 418 53 0.304 
 288 551 311 580 53 0.3032 
 220 403 253 435 53 0.3008 
 37 409 62 437 53 0.3008 
 168 511 194 536 53 0.2942 
 510 78 544 107 53 0.2935 
 459 256 491 288 53 0.2935 
 143 63 174 87 53 0.2903 
 101 175 126 197 53 0.2903 
 581 296 602 316 53 0.2901 
 657 0 674 17 53 0.2893 
 646 189 670 210 53 0.2854 
 452 562 480 584 53 0.2776 
 102 499 122 522 53 0.2751 
 430 493 465 522 53 0.2554 
 408 675 437 702 53 0.2539 
 16 466 54 505 53 0.2539 
 135 649 178 686 53 0.2539 
 488 401 501 419 53 0.251 
 642 486 685 522 53 0.2502 
