436 172 481 220 53 0.855 
 210 315 257 361 53 0.855 
 59 56 103 90 53 0.8536 
 494 85 533 123 53 0.8486 
 261 354 307 395 53 0.8394 
 162 566 202 600 53 0.8385 
 456 306 498 343 53 0.8341 
 499 125 545 166 53 0.832 
 452 466 490 501 53 0.8311 
 395 416 437 449 53 0.8301 
 37 605 80 643 53 0.8267 
 662 172 703 210 53 0.8232 
 513 285 553 320 53 0.8203 
 12 279 55 310 53 0.8189 
 65 155 100 192 53 0.8135 
 498 380 534 415 53 0.8135 
 655 262 698 301 53 0.813 
 47 122 86 164 53 0.811 
 98 180 140 216 53 0.8052 
 322 633 356 671 53 0.8008 
 258 450 293 482 53 0.8003 
 385 80 428 123 53 0.8003 
 290 515 331 550 53 0.7993 
 237 616 278 655 53 0.7949 
 52 283 90 320 53 0.793 
 5 600 42 635 53 0.7916 
 639 460 676 497 53 0.7905 
 673 70 704 105 53 0.7897 
 486 293 516 325 53 0.7891 
 626 1 666 32 53 0.7881 
 435 46 467 80 53 0.7881 
 524 25 557 66 53 0.7871 
 191 33 237 76 53 0.7871 
 207 126 252 167 53 0.7842 
 353 202 396 243 53 0.7842 
 575 18 616 50 53 0.7832 
 595 500 639 544 53 0.7822 
 0 57 37 94 53 0.7812 
 347 616 389 657 53 0.7788 
 11 128 46 169 53 0.7788 
 0 27 37 58 53 0.7765 
 413 237 445 267 53 0.7734 
 661 550 702 592 53 0.772 
 381 540 426 580 53 0.7642 
 96 278 139 316 53 0.7612 
 530 82 576 123 53 0.7598 
 4 403 48 440 53 0.7544 
 207 646 248 679 53 0.7544 
 450 13 493 44 53 0.7456 
 555 220 599 259 53 0.7446 
 16 651 52 690 53 0.7446 
 457 252 498 294 53 0.7368 
 119 363 163 404 53 0.7339 
 33 472 73 501 53 0.7324 
 593 80 628 114 53 0.7319 
 626 487 657 526 53 0.7217 
 633 560 667 594 53 0.7217 
 396 449 437 477 53 0.7178 
 512 1 547 31 53 0.7041 
 419 673 456 704 53 0.7038 
 33 48 64 90 53 0.7002 
 398 360 440 398 53 0.6958 
 622 279 659 315 53 0.6953 
 531 609 568 640 53 0.6899 
 42 0 75 26 53 0.6851 
 420 50 440 74 53 0.6847 
 267 323 298 354 53 0.6826 
 436 501 472 536 53 0.6807 
 419 0 451 26 53 0.6748 
 672 518 704 551 53 0.6699 
 480 0 514 23 53 0.6626 
 0 149 20 181 53 0.6574 
 352 0 392 23 53 0.645 
 585 657 620 687 53 0.6436 
 0 0 20 20 53 0.6369 
 73 92 102 122 53 0.6362 
 529 177 562 208 53 0.6187 
 255 171 293 212 53 0.5981 
 604 56 632 79 53 0.5972 
 5 94 36 117 53 0.5957 
 15 319 53 350 53 0.5928 
 441 1 473 22 53 0.583 
 33 672 64 700 53 0.582 
 132 578 170 606 53 0.5659 
 505 186 526 218 53 0.5498 
 501 604 533 637 53 0.5371 
 583 168 612 202 53 0.5195 
 346 268 379 287 53 0.5088 
 430 414 450 443 53 0.5078 
 190 591 219 612 53 0.49 
 501 27 524 51 53 0.4883 
 0 262 14 292 53 0.4873 
 565 1 605 18 53 0.4805 
 642 211 663 239 53 0.4734 
 341 128 379 153 53 0.4727 
 640 640 676 673 53 0.4727 
 542 0 564 23 53 0.4707 
 686 456 704 486 53 0.4619 
 494 80 561 130 53 0.4539 
 372 246 401 268 53 0.4436 
 556 204 586 228 53 0.4426 
 383 340 410 370 53 0.4407 
 580 110 604 137 53 0.4292 
 7 309 33 338 53 0.4055 
 239 407 262 428 53 0.3684 
 437 655 468 678 53 0.3638 
 73 168 135 217 53 0.3306 
 427 379 456 405 53 0.3269 
 242 216 255 239 53 0.3235 
 110 23 145 53 53 0.3091 
 227 5 248 28 53 0.2861 
 12 277 89 321 53 0.2817 
 274 427 294 449 53 0.2744 
 282 443 304 466 53 0.2705 
