633 366 668 394 53 0.7891 
 520 187 548 215 53 0.7319 
 638 452 665 478 53 0.651 
 573 187 599 207 53 0.6494 
 452 179 482 203 53 0.6362 
 487 202 508 228 53 0.634 
 549 155 575 181 53 0.6226 
 563 79 586 101 53 0.5873 
 136 186 156 214 53 0.5698 
 358 322 379 344 53 0.5479 
 155 186 175 211 53 0.5378 
 150 163 171 186 53 0.5127 
 583 255 605 278 53 0.4978 
 563 449 593 484 53 0.4961 
 415 13 446 39 53 0.4902 
 171 205 192 223 53 0.488 
 179 169 202 192 53 0.4871 
 670 397 692 417 53 0.4766 
 649 147 667 167 53 0.4766 
 541 212 559 229 53 0.4754 
 572 240 597 260 53 0.4688 
 468 198 489 217 53 0.4609 
 400 205 422 235 53 0.4465 
 365 124 389 149 53 0.4272 
 166 110 197 129 53 0.4272 
 445 96 474 124 53 0.4148 
 614 367 634 394 53 0.3811 
 331 314 349 340 53 0.3757 
 420 107 450 131 53 0.3621 
 392 152 421 175 53 0.3557 
 677 358 704 384 53 0.3503 
 514 16 539 36 53 0.3494 
 637 336 661 360 53 0.3303 
 693 550 702 572 53 0.3303 
 675 328 702 350 53 0.3184 
 381 40 413 62 53 0.304 
 559 418 589 447 53 0.2935 
 350 19 375 42 53 0.2893 
 471 203 511 222 53 0.2798 
 445 324 466 351 53 0.2791 
 50 391 68 409 53 0.2737 
 526 353 555 383 53 0.2637 
 228 4 248 32 53 0.2598 
