256 461 292 492 53 0.854 
 98 610 135 640 53 0.8506 
 276 607 307 636 53 0.8472 
 633 347 668 376 53 0.8428 
 437 211 470 242 53 0.8418 
 356 492 391 527 53 0.8364 
 0 280 27 306 53 0.8345 
 23 538 58 569 53 0.8341 
 229 432 262 462 53 0.8311 
 60 574 91 602 53 0.8301 
 181 178 217 208 53 0.8276 
 149 497 188 528 53 0.8276 
 64 366 98 391 53 0.8257 
 99 463 132 494 53 0.8257 
 402 215 438 246 53 0.8238 
 34 345 66 370 53 0.8223 
 74 555 109 589 53 0.8223 
 679 340 704 371 53 0.8214 
 362 241 390 265 53 0.8208 
 296 100 333 129 53 0.8188 
 318 514 352 545 53 0.8164 
 76 626 113 658 53 0.8159 
 311 165 344 192 53 0.8154 
 128 102 165 131 53 0.8125 
 616 523 648 549 53 0.8077 
 499 77 533 108 53 0.8057 
 467 72 502 102 53 0.8048 
 341 315 371 343 53 0.8013 
 232 122 266 148 53 0.8003 
 402 325 434 351 53 0.7993 
 113 28 138 63 53 0.797 
 33 509 70 539 53 0.797 
 385 300 419 332 53 0.7969 
 306 495 337 530 53 0.7959 
 32 297 69 327 53 0.7945 
 563 332 595 361 53 0.793 
 345 181 380 207 53 0.792 
 10 42 44 70 53 0.7905 
 273 181 301 208 53 0.7905 
 431 269 460 296 53 0.7905 
 228 461 258 485 53 0.7891 
 5 355 39 381 53 0.7881 
 313 294 345 320 53 0.7866 
 117 196 148 224 53 0.7852 
 529 160 562 186 53 0.7827 
 409 292 437 315 53 0.7812 
 0 547 30 575 53 0.7798 
 550 310 583 340 53 0.7798 
 212 440 237 469 53 0.7789 
 293 316 320 342 53 0.7788 
 166 29 206 57 53 0.7759 
 147 347 181 372 53 0.7744 
 233 293 260 319 53 0.7705 
 141 9 178 40 53 0.7695 
 178 91 212 121 53 0.7692 
 76 517 99 543 53 0.7661 
 460 262 490 286 53 0.7642 
 70 169 109 199 53 0.7637 
 552 263 584 290 53 0.7622 
 530 306 554 335 53 0.7609 
 313 221 340 248 53 0.7571 
 226 13 263 42 53 0.7555 
 542 17 570 44 53 0.7531 
 35 426 67 449 53 0.7476 
 3 608 33 638 53 0.7461 
 584 220 610 247 53 0.7432 
 172 347 208 383 53 0.7407 
 596 342 622 367 53 0.7407 
 78 209 112 241 53 0.7388 
 329 50 358 71 53 0.7378 
 290 579 309 605 53 0.7369 
 315 138 338 169 53 0.7301 
 287 530 313 560 53 0.7295 
 537 58 564 84 53 0.7271 
 258 298 282 322 53 0.7249 
 320 371 348 397 53 0.7247 
 269 379 307 415 53 0.7227 
 84 457 108 487 53 0.7163 
 236 520 267 543 53 0.7148 
 638 422 669 452 53 0.7124 
 77 423 105 447 53 0.7114 
 271 214 307 244 53 0.709 
 489 177 516 199 53 0.708 
 500 305 525 324 53 0.7026 
 467 349 509 369 53 0.7026 
 643 229 669 248 53 0.7023 
 47 610 74 637 53 0.7007 
 625 436 653 462 53 0.6978 
 385 655 418 682 53 0.6899 
 623 86 648 110 53 0.6881 
 681 6 703 31 53 0.6867 
 296 174 322 200 53 0.6789 
 246 257 276 282 53 0.668 
 684 471 704 498 53 0.6633 
 571 653 602 680 53 0.6621 
 262 667 293 695 53 0.6621 
 265 64 299 93 53 0.6621 
 214 349 237 373 53 0.6589 
 613 647 650 678 53 0.6567 
 53 681 92 702 53 0.6567 
 569 495 607 528 53 0.6533 
 159 225 192 257 53 0.6523 
 347 597 383 623 53 0.6479 
 197 366 226 385 53 0.644 
 28 608 57 641 53 0.6416 
 635 375 673 402 53 0.6416 
 419 261 439 289 53 0.6413 
 405 75 430 98 53 0.6406 
 421 664 454 690 53 0.6396 
 683 282 704 308 53 0.6387 
 598 533 629 562 53 0.6377 
 200 5 228 24 53 0.6362 
 117 11 147 37 53 0.6353 
 550 116 575 143 53 0.6323 
 259 652 291 688 53 0.6318 
 207 146 242 169 53 0.5938 
 124 0 158 16 53 0.585 
 288 372 313 399 53 0.582 
 439 371 464 392 53 0.5747 
 672 430 704 457 53 0.5708 
 336 408 366 446 53 0.5708 
 478 428 507 455 53 0.5708 
 505 284 532 310 53 0.564 
 86 670 112 702 53 0.563 
 93 60 126 79 53 0.5547 
 469 320 499 353 53 0.5518 
 100 105 124 132 53 0.5449 
 255 16 275 44 53 0.5312 
 56 27 82 51 53 0.5293 
 521 48 536 67 53 0.5283 
 246 38 269 59 53 0.5283 
 108 655 136 680 53 0.5222 
 664 409 699 445 53 0.5117 
 582 269 606 290 53 0.5037 
 618 558 648 587 53 0.501 
 327 294 354 322 53 0.4814 
 648 548 681 575 53 0.4648 
 286 73 310 96 53 0.4495 
 693 222 703 244 53 0.4387 
 87 98 109 128 53 0.4233 
 84 398 118 422 53 0.4167 
 653 652 681 681 53 0.4055 
 335 298 352 317 53 0.3999 
 529 199 548 219 53 0.3767 
 565 671 594 692 53 0.3748 
 230 216 248 238 53 0.3736 
 175 236 198 262 53 0.3567 
 74 213 93 241 53 0.3452 
 299 644 322 670 53 0.345 
 246 25 277 58 53 0.3442 
 0 687 18 704 53 0.3354 
 665 249 688 270 53 0.3337 
 667 76 694 102 53 0.3293 
 639 12 650 32 53 0.3216 
 53 99 68 117 53 0.3199 
 439 347 468 380 53 0.3066 
 309 535 333 561 53 0.3057 
 26 691 50 704 53 0.3032 
 669 273 688 290 53 0.3025 
 601 87 624 108 53 0.3023 
 157 78 172 97 53 0.3015 
 85 453 108 472 53 0.2791 
 484 466 522 489 53 0.2751 
 563 306 586 335 53 0.2576 
 108 665 132 702 53 0.2554 
 422 263 436 281 53 0.2552 
 512 397 538 423 53 0.2524 
