250 173 283 209 53 0.7212 
 397 171 438 209 53 0.7139 
 264 210 300 247 53 0.6602 
 225 214 267 240 53 0.6504 
 241 112 277 154 53 0.6406 
 105 189 148 227 53 0.6235 
 396 124 429 157 53 0.603 
 187 142 227 171 53 0.5972 
 109 121 145 153 53 0.5908 
 382 154 412 189 53 0.5656 
 186 230 232 264 53 0.458 
 446 153 487 189 53 0.4495 
 209 124 242 151 53 0.4436 
 301 140 337 172 53 0.4397 
 260 245 295 276 53 0.4358 
 231 238 271 277 53 0.4312 
 196 263 221 297 53 0.4282 
 157 236 189 266 53 0.4282 
 173 254 202 291 53 0.4226 
 91 222 120 253 53 0.4102 
 434 119 462 159 53 0.4055 
 211 262 242 295 53 0.3923 
 192 203 219 233 53 0.3877 
 148 197 187 233 53 0.385 
 417 145 446 177 53 0.3774 
 291 120 322 144 53 0.3748 
 36 187 70 221 53 0.3621 
 132 234 160 267 53 0.3577 
 683 88 704 124 53 0.3503 
 294 189 311 214 53 0.3336 
 273 103 307 130 53 0.332 
 1 191 44 230 53 0.332 
 94 188 108 214 53 0.3218 
 142 118 171 147 53 0.3115 
 174 119 205 152 53 0.304 
 465 188 493 227 53 0.269 
 462 121 502 159 53 0.2583 
 78 208 113 249 53 0.2546 
 163 207 195 235 53 0.2502 
