505 418 531 442 53 0.822 
 194 490 224 522 53 0.8184 
 134 458 161 483 53 0.8121 
 347 136 378 166 53 0.8091 
 305 499 330 524 53 0.7932 
 77 392 113 426 53 0.7852 
 170 487 197 518 53 0.7759 
 249 348 272 372 53 0.7633 
 393 136 420 161 53 0.7612 
 205 376 239 404 53 0.7456 
 171 264 189 292 53 0.7404 
 146 45 176 68 53 0.7241 
 219 302 247 325 53 0.7227 
 117 20 147 44 53 0.7217 
 202 63 232 85 53 0.7202 
 275 307 298 333 53 0.7192 
 165 157 189 184 53 0.7028 
 237 332 251 355 53 0.7028 
 149 473 174 501 53 0.7002 
 172 52 202 76 53 0.6909 
 7 400 34 425 53 0.6909 
 223 85 251 110 53 0.6895 
 157 232 180 252 53 0.686 
 118 180 151 204 53 0.6768 
 470 466 498 489 53 0.6738 
 328 91 352 118 53 0.6711 
 49 406 74 427 53 0.6642 
 212 110 243 133 53 0.6602 
 333 241 351 261 53 0.641 
 292 0 321 15 53 0.6372 
 140 144 156 167 53 0.6203 
 513 478 534 496 53 0.614 
 426 216 455 243 53 0.5972 
 485 397 506 422 53 0.585 
 397 347 417 368 53 0.582 
 170 343 187 361 53 0.5676 
 515 678 545 701 53 0.5547 
 315 232 333 253 53 0.5417 
 400 166 419 186 53 0.531 
 278 503 303 525 53 0.5244 
 358 83 379 104 53 0.5193 
 472 376 495 399 53 0.4932 
 375 1 394 13 53 0.4922 
 489 214 508 235 53 0.4902 
 123 448 146 468 53 0.4873 
 134 73 157 93 53 0.4834 
 278 379 307 403 53 0.4639 
 503 203 528 233 53 0.458 
 605 252 631 277 53 0.4534 
 470 213 489 237 53 0.4524 
 154 335 189 362 53 0.4397 
 147 330 176 365 53 0.4358 
 105 388 117 405 53 0.4321 
 184 175 210 193 53 0.4302 
 605 569 632 591 53 0.4082 
 255 491 283 517 53 0.4045 
 488 227 518 250 53 0.396 
 365 147 388 176 53 0.3748 
 269 412 294 437 53 0.3674 
 322 402 341 422 53 0.3584 
 314 235 349 255 53 0.3252 
 377 143 396 167 53 0.3225 
 337 473 352 487 53 0.314 
 408 532 427 556 53 0.3123 
 437 404 453 424 53 0.3121 
 430 335 460 360 53 0.2998 
 224 423 241 441 53 0.2935 
 223 434 249 464 53 0.2822 
 102 165 117 187 53 0.2796 
 503 655 532 680 53 0.272 
 294 399 321 423 53 0.2681 
 491 269 504 285 53 0.2524 
 101 387 122 409 53 0.2502 
