78 276 109 307 53 0.8589 
 256 17 288 43 53 0.8472 
 167 273 198 305 53 0.8428 
 655 395 685 424 53 0.8354 
 250 81 283 114 53 0.8311 
 208 0 243 33 53 0.8301 
 13 260 54 285 53 0.8257 
 620 378 664 413 53 0.8242 
 653 180 692 210 53 0.8228 
 369 254 408 286 53 0.8203 
 78 355 112 383 53 0.8164 
 561 259 585 283 53 0.8151 
 650 257 685 291 53 0.8091 
 99 375 138 410 53 0.8087 
 510 21 551 54 53 0.8066 
 26 559 65 594 53 0.8013 
 628 134 667 167 53 0.798 
 624 346 659 376 53 0.7959 
 521 452 552 485 53 0.793 
 603 405 641 441 53 0.792 
 660 417 699 449 53 0.7886 
 648 292 681 322 53 0.7881 
 3 348 47 383 53 0.7832 
 58 84 99 119 53 0.7828 
 674 282 704 315 53 0.7798 
 120 235 156 266 53 0.7788 
 36 466 67 497 53 0.7788 
 481 73 512 105 53 0.7773 
 499 455 526 483 53 0.7759 
 486 36 518 72 53 0.771 
 411 14 444 46 53 0.769 
 533 1 568 27 53 0.7682 
 57 580 90 619 53 0.7676 
 474 666 509 700 53 0.7661 
 560 436 597 459 53 0.7656 
 211 444 240 473 53 0.7646 
 396 291 424 318 53 0.7638 
 333 465 358 501 53 0.7637 
 429 504 459 536 53 0.7627 
 389 527 430 558 53 0.7598 
 123 268 159 304 53 0.7568 
 583 417 613 446 53 0.7534 
 5 1 48 42 53 0.752 
 137 66 165 91 53 0.7511 
 454 106 484 134 53 0.7461 
 589 346 629 388 53 0.7461 
 111 64 141 98 53 0.7456 
 685 244 704 276 53 0.7285 
 135 404 168 432 53 0.7271 
 38 321 65 353 53 0.7241 
 199 156 226 180 53 0.7241 
 34 20 70 56 53 0.7212 
 554 173 586 197 53 0.7192 
 168 430 192 463 53 0.71 
 1 551 25 591 53 0.7075 
 95 496 131 528 53 0.7051 
 633 274 658 299 53 0.6958 
 57 312 93 352 53 0.6895 
 653 450 683 481 53 0.6885 
 633 465 671 491 53 0.6875 
 424 529 449 562 53 0.6816 
 465 91 498 123 53 0.6724 
 572 555 605 594 53 0.6533 
 19 340 50 364 53 0.6504 
 223 466 248 499 53 0.6494 
 553 36 597 63 53 0.6479 
 682 195 704 222 53 0.6457 
 461 29 492 72 53 0.6387 
 80 257 104 280 53 0.6306 
 402 618 432 650 53 0.6289 
 175 475 214 506 53 0.626 
 580 15 608 47 53 0.6226 
 680 398 702 425 53 0.6152 
 584 144 622 175 53 0.6143 
 559 4 592 35 53 0.605 
 193 545 224 573 53 0.604 
 194 279 208 304 53 0.6008 
 633 580 672 613 53 0.5981 
 372 59 405 102 53 0.5972 
 345 65 379 96 53 0.5962 
 76 317 109 349 53 0.584 
 0 621 19 645 53 0.5557 
 159 2 182 15 53 0.5534 
 199 241 217 260 53 0.5352 
 165 225 184 252 53 0.5232 
 351 48 383 74 53 0.5195 
 0 0 19 20 53 0.5193 
 195 432 218 465 53 0.5095 
 408 265 434 288 53 0.5078 
 345 44 386 92 53 0.499 
 620 663 654 695 53 0.4971 
 93 166 114 187 53 0.4824 
 7 311 33 334 53 0.4734 
 654 123 685 159 53 0.4678 
 197 396 214 429 53 0.46 
 0 36 10 66 53 0.4531 
 567 152 598 176 53 0.4436 
 178 551 195 578 53 0.4407 
 23 35 47 67 53 0.4407 
 199 215 221 236 53 0.4368 
 26 328 60 360 53 0.4351 
 417 384 443 413 53 0.4102 
 361 86 384 108 53 0.3989 
 477 544 510 572 53 0.3943 
 609 594 648 629 53 0.3748 
 266 362 291 384 53 0.3674 
 386 609 415 642 53 0.3452 
 526 579 553 613 53 0.3442 
 471 31 495 59 53 0.3354 
 48 472 74 504 53 0.3303 
 118 232 135 267 53 0.2903 
 594 644 625 665 53 0.2893 
 689 550 704 586 53 0.2886 
 194 472 222 503 53 0.283 
 406 528 443 560 53 0.2759 
 511 0 535 17 53 0.2751 
 480 107 501 132 53 0.2737 
 0 497 9 520 53 0.2698 
 362 71 398 106 53 0.2651 
 303 620 340 654 53 0.2644 
 621 365 641 392 53 0.2643 
 626 447 644 474 53 0.2612 
