93 204 132 242 53 0.8823 
 176 252 210 282 53 0.8491 
 172 379 206 412 53 0.8428 
 576 490 613 524 53 0.8335 
 432 304 468 336 53 0.8311 
 401 168 440 205 53 0.815 
 625 507 661 538 53 0.8136 
 426 258 461 291 53 0.8115 
 40 184 73 220 53 0.8087 
 409 396 445 429 53 0.8057 
 64 208 92 234 53 0.7959 
 115 306 150 336 53 0.7788 
 232 275 265 300 53 0.7769 
 286 345 315 371 53 0.7759 
 224 300 251 327 53 0.7744 
 648 198 689 228 53 0.771 
 32 355 62 388 53 0.7646 
 643 486 680 518 53 0.7642 
 629 20 663 45 53 0.7612 
 622 343 650 364 53 0.7534 
 83 441 116 464 53 0.752 
 483 322 519 351 53 0.7461 
 632 310 666 329 53 0.7339 
 7 204 37 232 53 0.7324 
 388 258 418 287 53 0.7271 
 153 223 189 254 53 0.7251 
 666 512 692 544 53 0.7202 
 87 316 119 345 53 0.7192 
 269 215 297 242 53 0.7125 
 22 228 46 255 53 0.6982 
 585 302 625 332 53 0.6968 
 443 14 467 41 53 0.6946 
 573 586 607 617 53 0.6807 
 431 452 469 477 53 0.6768 
 600 353 625 380 53 0.6714 
 269 368 297 390 53 0.6567 
 83 646 121 676 53 0.6533 
 185 210 222 239 53 0.6426 
 133 282 164 316 53 0.6387 
 213 496 241 519 53 0.6226 
 267 518 297 546 53 0.6196 
 246 34 275 60 53 0.6177 
 647 78 669 98 53 0.6174 
 90 455 122 486 53 0.6133 
 68 0 114 19 53 0.5957 
 150 516 181 550 53 0.5754 
 5 421 38 455 53 0.5669 
 0 64 13 90 53 0.563 
 589 438 628 461 53 0.5581 
 338 209 360 239 53 0.5571 
 180 5 203 30 53 0.5537 
 367 390 393 409 53 0.531 
 19 532 54 561 53 0.5244 
 0 195 19 217 53 0.5195 
 1 463 10 484 53 0.5166 
 231 2 261 30 53 0.501 
 587 282 626 309 53 0.4951 
 660 39 682 65 53 0.4939 
 0 630 28 656 53 0.4912 
 72 591 96 618 53 0.4844 
 161 397 179 419 53 0.4648 
 579 328 613 359 53 0.459 
 449 521 479 546 53 0.4475 
 436 613 461 642 53 0.4456 
 581 568 615 592 53 0.4141 
 631 492 674 539 53 0.4087 
 210 597 238 621 53 0.3877 
 474 470 492 492 53 0.3831 
 132 605 165 634 53 0.3804 
 487 14 519 41 53 0.3794 
 466 0 511 18 53 0.3767 
 304 485 340 513 53 0.3667 
 203 523 217 542 53 0.3611 
 56 656 80 678 53 0.3594 
 62 163 92 193 53 0.3345 
 453 212 492 229 53 0.3303 
 645 527 674 550 53 0.3276 
 288 259 313 280 53 0.3174 
 188 212 226 271 53 0.2903 
 256 201 294 236 53 0.2869 
 86 311 148 345 53 0.2869 
 652 516 689 551 53 0.2751 
 184 499 206 521 53 0.2744 
 506 305 525 323 53 0.2705 
 577 269 589 286 53 0.2659 
 496 688 530 704 53 0.2583 
 387 2 395 13 53 0.2524 
