352 176 387 213 53 0.853 
 25 433 61 471 53 0.8364 
 80 241 116 273 53 0.8198 
 302 201 338 232 53 0.818 
 645 167 685 201 53 0.8174 
 357 154 393 184 53 0.8141 
 165 257 204 290 53 0.814 
 113 245 153 275 53 0.8037 
 546 347 580 379 53 0.7969 
 113 49 146 83 53 0.7944 
 58 215 97 251 53 0.7916 
 230 181 265 212 53 0.791 
 597 273 626 302 53 0.7891 
 609 202 644 239 53 0.7881 
 402 120 439 151 53 0.7866 
 458 347 491 381 53 0.7866 
 316 173 353 213 53 0.7842 
 84 0 120 30 53 0.7832 
 631 252 654 277 53 0.7775 
 373 401 411 434 53 0.7769 
 623 450 653 480 53 0.7744 
 120 274 151 307 53 0.7739 
 115 384 153 416 53 0.7734 
 388 323 424 354 53 0.771 
 484 282 512 311 53 0.7705 
 19 498 50 531 53 0.7695 
 23 308 40 339 53 0.7657 
 467 526 498 558 53 0.7642 
 85 30 123 63 53 0.7618 
 638 556 674 593 53 0.7544 
 356 55 383 82 53 0.752 
 384 140 419 166 53 0.7446 
 94 104 128 134 53 0.7443 
 56 448 78 475 53 0.7413 
 486 338 506 370 53 0.7389 
 436 186 472 224 53 0.7389 
 0 496 22 531 53 0.7378 
 80 383 111 413 53 0.7339 
 356 212 383 232 53 0.7324 
 254 233 279 265 53 0.7291 
 518 384 554 423 53 0.7256 
 503 463 539 502 53 0.7241 
 23 162 50 197 53 0.7227 
 337 436 374 470 53 0.7227 
 169 336 201 368 53 0.7174 
 412 342 453 377 53 0.7153 
 568 418 602 450 53 0.7129 
 382 36 410 62 53 0.7104 
 286 407 321 439 53 0.708 
 412 310 448 341 53 0.7056 
 139 318 180 355 53 0.7002 
 203 0 233 19 53 0.6992 
 205 323 240 361 53 0.6978 
 607 333 634 358 53 0.6968 
 602 404 629 429 53 0.6943 
 115 0 154 21 53 0.6943 
 522 210 544 242 53 0.6916 
 47 366 77 397 53 0.687 
 467 187 498 221 53 0.6826 
 552 206 583 237 53 0.6813 
 478 213 505 242 53 0.6792 
 199 253 223 280 53 0.6789 
 141 42 165 77 53 0.6748 
 437 453 480 489 53 0.6748 
 502 253 524 289 53 0.6689 
 219 198 240 223 53 0.668 
 609 588 646 624 53 0.668 
 506 506 537 534 53 0.6636 
 0 267 26 297 53 0.6623 
 237 0 276 22 53 0.6611 
 7 484 38 511 53 0.6611 
 243 320 282 356 53 0.6589 
 515 664 546 691 53 0.6582 
 530 255 561 288 53 0.6554 
 21 279 52 307 53 0.6504 
 270 0 296 18 53 0.6489 
 526 290 546 315 53 0.6489 
 207 125 240 162 53 0.647 
 540 572 570 607 53 0.6467 
 581 310 610 334 53 0.646 
 36 261 68 293 53 0.646 
 97 212 130 240 53 0.644 
 609 177 631 205 53 0.6437 
 503 223 526 243 53 0.6426 
 16 132 46 162 53 0.6406 
 572 202 605 232 53 0.6396 
 322 372 360 404 53 0.6396 
 537 463 564 491 53 0.6387 
 467 471 502 503 53 0.6377 
 244 373 277 401 53 0.626 
 510 562 542 593 53 0.6206 
 168 64 198 95 53 0.6203 
 357 106 386 136 53 0.606 
 464 140 494 173 53 0.604 
 601 660 636 690 53 0.5957 
 199 238 230 262 53 0.584 
 0 432 21 474 53 0.582 
 536 308 552 327 53 0.5817 
 510 367 539 390 53 0.5708 
 12 43 42 67 53 0.5698 
 545 379 567 413 53 0.5679 
 294 255 328 288 53 0.5649 
 538 413 569 449 53 0.5518 
 605 614 631 640 53 0.5498 
 325 105 351 142 53 0.5469 
 280 480 314 509 53 0.5447 
 617 544 645 580 53 0.5381 
 553 618 582 644 53 0.5332 
 245 421 278 451 53 0.5312 
 335 213 354 244 53 0.5303 
 395 197 430 231 53 0.5117 
 315 592 351 620 53 0.5098 
 15 99 38 117 53 0.5068 
 386 87 419 124 53 0.499 
 627 639 663 669 53 0.4902 
 576 557 618 585 53 0.4805 
 336 325 381 370 53 0.478 
 464 235 494 261 53 0.4775 
 339 80 367 101 53 0.4775 
 316 422 344 453 53 0.4697 
 11 218 37 245 53 0.4629 
 339 132 361 167 53 0.459 
 314 322 337 344 53 0.4588 
 252 162 278 187 53 0.4561 
 434 363 466 396 53 0.4514 
 482 253 505 286 53 0.4463 
 285 508 309 528 53 0.4407 
 467 342 505 371 53 0.4407 
 143 273 168 296 53 0.4387 
 317 341 340 368 53 0.4387 
 100 153 130 180 53 0.4302 
 66 431 96 458 53 0.4282 
 298 570 327 606 53 0.4243 
 400 466 429 494 53 0.4226 
 248 530 288 562 53 0.4167 
 205 360 239 402 53 0.4141 
 167 28 201 50 53 0.4131 
 533 619 560 648 53 0.4121 
 529 676 554 704 53 0.4036 
 612 230 640 251 53 0.4016 
 532 641 559 665 53 0.4016 
 561 447 576 477 53 0.4006 
 456 505 480 540 53 0.3923 
 225 2 265 33 53 0.384 
 101 409 124 432 53 0.3794 
 228 350 260 380 53 0.3767 
 551 499 579 524 53 0.3701 
 1 71 29 97 53 0.3701 
 351 336 377 368 53 0.3674 
 506 342 527 364 53 0.3621 
 243 290 278 313 53 0.355 
 446 159 477 184 53 0.3469 
 483 555 516 594 53 0.3433 
 164 232 182 256 53 0.3425 
 196 67 213 91 53 0.3364 
 588 605 619 632 53 0.3364 
 396 223 423 251 53 0.3311 
 278 147 299 166 53 0.3191 
 428 247 457 274 53 0.3184 
 403 495 445 524 53 0.3184 
 299 305 320 327 53 0.3098 
 579 642 612 678 53 0.3074 
 396 243 427 273 53 0.304 
 329 102 347 129 53 0.304 
 279 124 301 143 53 0.2917 
 448 150 492 186 53 0.2893 
 400 156 422 189 53 0.2869 
 603 547 643 593 53 0.2869 
 439 290 458 309 53 0.2776 
 393 127 434 161 53 0.2764 
 336 43 368 70 53 0.2744 
 579 330 597 352 53 0.2651 
 86 62 119 80 53 0.2651 
 479 650 500 674 53 0.2629 
 577 383 601 409 53 0.2576 
