280 18 313 48 53 0.8374 
 511 444 545 473 53 0.8232 
 495 299 531 328 53 0.8165 
 115 227 147 256 53 0.8105 
 432 289 468 320 53 0.8086 
 358 50 387 76 53 0.8042 
 148 215 178 242 53 0.8042 
 546 447 579 477 53 0.8032 
 28 365 60 391 53 0.7969 
 568 72 608 102 53 0.7955 
 581 474 612 503 53 0.7944 
 68 149 102 175 53 0.7871 
 356 273 384 305 53 0.7843 
 399 158 426 190 53 0.7716 
 384 273 420 302 53 0.7642 
 255 12 288 44 53 0.7622 
 653 420 692 452 53 0.7544 
 115 106 150 137 53 0.7529 
 177 359 211 388 53 0.7505 
 344 372 382 410 53 0.7446 
 317 404 345 432 53 0.7441 
 401 298 434 332 53 0.7428 
 271 168 307 198 53 0.7422 
 58 473 91 501 53 0.7388 
 293 156 326 185 53 0.7384 
 682 433 703 466 53 0.7374 
 534 376 575 406 53 0.7373 
 69 55 99 87 53 0.7335 
 585 432 620 461 53 0.731 
 2 161 37 195 53 0.7295 
 406 130 432 158 53 0.7266 
 473 406 495 435 53 0.7247 
 419 96 452 123 53 0.7231 
 167 304 190 327 53 0.7223 
 124 485 159 510 53 0.7217 
 339 0 366 20 53 0.7202 
 18 39 47 67 53 0.7202 
 475 236 508 269 53 0.7192 
 238 264 266 289 53 0.7153 
 83 83 108 115 53 0.7145 
 214 312 252 343 53 0.7124 
 143 155 167 184 53 0.7121 
 476 553 506 585 53 0.7121 
 512 123 546 156 53 0.7111 
 74 255 110 287 53 0.7075 
 564 98 594 126 53 0.7056 
 325 43 355 68 53 0.7056 
 213 266 236 294 53 0.7038 
 224 49 254 75 53 0.7002 
 572 439 591 467 53 0.6974 
 320 98 340 127 53 0.6909 
 61 502 91 527 53 0.686 
 627 661 666 690 53 0.6768 
 302 269 337 300 53 0.6745 
 484 411 521 440 53 0.6724 
 18 339 46 364 53 0.6689 
 20 211 52 240 53 0.6626 
 301 430 336 451 53 0.6577 
 407 232 441 260 53 0.6489 
 222 408 256 436 53 0.645 
 428 315 450 343 53 0.6436 
 408 5 434 24 53 0.6426 
 410 400 448 430 53 0.6426 
 209 367 233 392 53 0.6384 
 127 337 153 363 53 0.6377 
 21 132 52 158 53 0.6362 
 320 369 348 397 53 0.6343 
 627 352 659 387 53 0.6315 
 297 376 329 402 53 0.6299 
 130 83 160 109 53 0.6279 
 526 203 563 236 53 0.6242 
 130 139 148 164 53 0.6232 
 369 173 399 209 53 0.6149 
 356 437 380 462 53 0.6113 
 199 452 217 475 53 0.606 
 543 130 569 161 53 0.604 
 137 356 169 387 53 0.5991 
 291 415 317 435 53 0.5972 
 130 445 153 470 53 0.5954 
 380 475 418 507 53 0.5908 
 9 375 31 402 53 0.5866 
 85 109 113 137 53 0.5859 
 236 197 281 231 53 0.5786 
 390 512 426 539 53 0.5786 
 324 476 353 508 53 0.5601 
 54 242 78 266 53 0.5557 
 666 148 695 175 53 0.5459 
 210 131 236 154 53 0.5456 
 286 389 309 418 53 0.5439 
 148 401 180 430 53 0.543 
 82 459 106 483 53 0.542 
 35 445 54 469 53 0.5349 
 0 46 14 74 53 0.5312 
 276 346 299 376 53 0.529 
 572 336 600 363 53 0.5225 
 310 516 338 539 53 0.5166 
 169 323 205 346 53 0.5156 
 435 384 455 406 53 0.5124 
 566 388 597 408 53 0.5107 
 538 422 569 441 53 0.5107 
 42 172 73 202 53 0.5088 
 1 357 32 388 53 0.5068 
 580 135 600 160 53 0.5046 
 434 534 468 562 53 0.499 
 440 233 476 267 53 0.498 
 251 0 278 13 53 0.4883 
 619 148 656 179 53 0.4854 
 56 224 76 239 53 0.4785 
 652 173 691 206 53 0.4727 
 531 347 568 379 53 0.4717 
 83 506 102 528 53 0.4695 
 5 664 42 693 53 0.459 
 267 485 288 512 53 0.4492 
 105 475 125 501 53 0.4485 
 404 69 426 96 53 0.4475 
 397 185 419 211 53 0.4465 
 627 230 665 259 53 0.4465 
 408 196 430 220 53 0.4456 
 92 330 115 352 53 0.4402 
 605 460 625 482 53 0.4253 
 418 53 461 84 53 0.4243 
 444 562 467 589 53 0.4197 
 385 31 413 59 53 0.4197 
 389 111 404 136 53 0.4129 
 231 24 250 50 53 0.4045 
 556 119 582 143 53 0.4045 
 231 0 250 16 53 0.4036 
 175 271 194 293 53 0.3914 
 646 580 684 610 53 0.3914 
 132 364 149 390 53 0.3896 
 247 185 282 220 53 0.3877 
 378 68 396 87 53 0.3774 
 62 85 86 110 53 0.3767 
 58 145 73 169 53 0.3721 
 179 400 208 429 53 0.3611 
 477 331 501 359 53 0.3567 
 228 395 266 431 53 0.354 
 535 113 560 137 53 0.3425 
 453 78 484 109 53 0.3293 
 220 346 251 369 53 0.3286 
 536 39 563 63 53 0.3259 
 465 480 490 504 53 0.3224 
 0 585 8 603 53 0.3208 
 0 4 16 33 53 0.3174 
 501 33 525 63 53 0.3167 
 107 196 130 221 53 0.3149 
 454 240 480 270 53 0.3091 
 14 188 41 214 53 0.3091 
 435 0 455 15 53 0.3081 
 49 609 73 634 53 0.2959 
 232 393 260 415 53 0.2949 
 2 0 22 23 53 0.294 
 564 46 584 69 53 0.294 
 439 463 459 483 53 0.2925 
 80 91 116 127 53 0.2854 
 94 476 121 505 53 0.2837 
 52 487 66 506 53 0.2712 
 659 130 681 154 53 0.2666 
 163 535 193 562 53 0.2622 
 65 179 80 202 53 0.2612 
 641 386 666 412 53 0.2598 
