57 5 92 37 53 0.8154 
 244 187 276 216 53 0.7775 
 125 277 156 307 53 0.752 
 242 274 275 303 53 0.7418 
 67 351 101 383 53 0.7231 
 74 275 109 307 53 0.7129 
 658 38 686 62 53 0.7049 
 41 335 68 363 53 0.7023 
 521 110 555 142 53 0.6978 
 104 269 134 292 53 0.6807 
 21 247 57 271 53 0.6699 
 181 440 206 468 53 0.6633 
 268 197 299 230 53 0.6621 
 515 299 543 334 53 0.6611 
 276 234 309 264 53 0.6602 
 96 308 123 333 53 0.6416 
 491 357 525 386 53 0.6387 
 370 440 410 475 53 0.626 
 505 333 536 361 53 0.6084 
 52 370 81 398 53 0.5991 
 0 341 15 367 53 0.5827 
 45 126 69 153 53 0.5776 
 636 395 667 424 53 0.5747 
 176 368 214 399 53 0.5659 
 0 396 22 427 53 0.564 
 628 246 652 271 53 0.563 
 19 2 56 17 53 0.5537 
 673 307 702 336 53 0.5205 
 197 89 226 115 53 0.5085 
 630 150 660 176 53 0.498 
 274 307 306 336 53 0.4873 
 43 401 65 427 53 0.4844 
 245 349 274 382 53 0.4824 
 38 301 61 321 53 0.4814 
 41 429 67 454 53 0.4707 
 222 52 257 78 53 0.4688 
 261 370 294 403 53 0.4534 
 21 200 52 221 53 0.4485 
 206 282 235 304 53 0.4426 
 685 418 704 445 53 0.4141 
 570 417 599 445 53 0.4121 
 109 330 140 356 53 0.4121 
 590 436 614 463 53 0.3979 
 240 156 271 183 53 0.3867 
 92 253 117 272 53 0.3811 
 668 446 703 473 53 0.3621 
 646 343 669 369 53 0.3611 
 122 371 157 399 53 0.3594 
 57 426 84 455 53 0.3521 
 680 200 702 225 53 0.3414 
 263 397 297 425 53 0.3345 
 15 409 41 428 53 0.3108 
 209 134 252 170 53 0.3069 
 592 132 612 154 53 0.2854 
 67 331 87 350 53 0.2854 
 394 420 433 449 53 0.2766 
 347 286 369 310 53 0.2679 
 663 445 688 479 53 0.2659 
 647 445 665 471 53 0.2561 
