390 449 428 480 53 0.8359 
 634 405 666 434 53 0.814 
 530 152 555 180 53 0.792 
 657 506 689 537 53 0.7804 
 138 400 168 425 53 0.7734 
 259 291 290 316 53 0.769 
 589 68 625 100 53 0.7686 
 40 276 69 299 53 0.7578 
 202 200 239 231 53 0.7545 
 623 92 646 123 53 0.7531 
 651 116 677 141 53 0.7529 
 530 9 557 41 53 0.7511 
 88 338 118 368 53 0.7422 
 575 157 598 182 53 0.7413 
 451 480 486 509 53 0.7407 
 414 475 450 507 53 0.7378 
 481 85 515 119 53 0.7363 
 637 108 661 138 53 0.7321 
 184 322 209 349 53 0.7262 
 425 121 462 154 53 0.7262 
 385 44 410 71 53 0.7184 
 557 106 581 137 53 0.7125 
 243 447 276 476 53 0.71 
 131 1 165 31 53 0.6982 
 623 557 663 592 53 0.6958 
 226 610 257 639 53 0.6958 
 630 496 659 524 53 0.6909 
 255 577 289 606 53 0.6807 
 386 502 416 534 53 0.6724 
 593 98 615 123 53 0.672 
 0 441 18 472 53 0.6704 
 223 269 250 301 53 0.6655 
 628 1 665 19 53 0.6602 
 159 36 190 66 53 0.6406 
 38 414 63 436 53 0.6349 
 215 106 247 132 53 0.6333 
 239 248 272 277 53 0.6318 
 210 554 239 583 53 0.6235 
 127 118 165 147 53 0.6104 
 7 247 30 276 53 0.6066 
 325 495 355 523 53 0.6011 
 216 482 246 506 53 0.5962 
 93 3 128 29 53 0.5767 
 270 258 292 282 53 0.5754 
 563 152 582 179 53 0.5747 
 446 101 476 129 53 0.5698 
 63 19 98 49 53 0.5591 
 411 164 440 186 53 0.5527 
 93 564 128 594 53 0.5459 
 118 343 141 366 53 0.54 
 169 235 204 261 53 0.54 
 99 497 125 523 53 0.5283 
 125 205 161 235 53 0.5068 
 174 394 193 415 53 0.5066 
 411 137 442 172 53 0.4922 
 455 72 485 99 53 0.4795 
 477 58 502 84 53 0.4727 
 445 553 476 577 53 0.4609 
 132 37 162 68 53 0.4524 
 242 595 272 623 53 0.385 
 127 344 150 363 53 0.3794 
 195 163 217 188 53 0.3765 
 374 487 396 514 53 0.3557 
 182 569 211 590 53 0.3218 
 52 236 87 260 53 0.3184 
 515 98 542 131 53 0.291 
 656 91 677 113 53 0.2791 
 0 550 30 580 53 0.2737 
 578 0 595 14 53 0.2712 
 211 77 234 107 53 0.2629 
 231 464 258 487 53 0.2532 
