468 4 501 34 53 0.7944 
 547 65 579 96 53 0.7798 
 508 86 536 111 53 0.7765 
 614 27 641 54 53 0.7735 
 336 205 372 234 53 0.7534 
 629 316 662 343 53 0.7378 
 352 338 388 369 53 0.7373 
 484 118 510 142 53 0.7363 
 308 423 340 451 53 0.7324 
 650 139 673 171 53 0.7282 
 605 84 631 108 53 0.7277 
 363 64 396 94 53 0.7271 
 295 274 324 305 53 0.7163 
 352 381 386 405 53 0.7148 
 581 205 612 229 53 0.7104 
 627 219 658 249 53 0.7028 
 247 385 282 415 53 0.7026 
 391 362 425 387 53 0.6982 
 115 178 146 202 53 0.6807 
 368 430 395 455 53 0.6802 
 396 87 430 116 53 0.6792 
 433 237 465 264 53 0.6782 
 466 63 501 89 53 0.6655 
 468 89 500 112 53 0.6602 
 64 267 92 293 53 0.6558 
 521 66 547 91 53 0.6554 
 88 10 123 38 53 0.6494 
 639 167 663 189 53 0.6457 
 381 215 413 239 53 0.6396 
 133 152 167 179 53 0.6362 
 499 182 532 209 53 0.6299 
 446 157 475 179 53 0.6296 
 550 350 577 374 53 0.6027 
 143 30 176 61 53 0.5981 
 567 256 596 281 53 0.5981 
 396 178 423 202 53 0.5947 
 91 181 116 202 53 0.5776 
 132 5 156 32 53 0.5737 
 566 439 598 464 53 0.5688 
 22 199 51 224 53 0.564 
 548 429 572 456 53 0.563 
 373 461 408 490 53 0.5591 
 50 260 66 285 53 0.5581 
 54 338 81 361 53 0.5571 
 427 0 453 15 53 0.5527 
 598 414 620 438 53 0.5466 
 69 0 96 34 53 0.5342 
 492 258 522 284 53 0.5322 
 684 17 702 40 53 0.529 
 52 285 73 317 53 0.529 
 264 230 285 248 53 0.5251 
 73 296 95 321 53 0.5105 
 115 245 141 267 53 0.5088 
 689 155 702 176 53 0.5076 
 663 66 687 87 53 0.5029 
 102 144 134 168 53 0.499 
 155 181 189 206 53 0.4961 
 197 60 228 87 53 0.4902 
 554 199 583 222 53 0.4902 
 337 302 369 337 53 0.4893 
 107 42 136 69 53 0.4727 
 164 88 194 112 53 0.4688 
 621 148 639 170 53 0.4639 
 123 87 151 118 53 0.4524 
 558 390 587 417 53 0.4524 
 13 165 46 190 53 0.4485 
 51 2 71 15 53 0.4473 
 96 276 114 301 53 0.4456 
 83 343 101 362 53 0.4175 
 638 488 662 510 53 0.4156 
 84 37 109 67 53 0.4092 
 308 401 326 423 53 0.3921 
 349 296 372 324 53 0.3887 
 597 397 626 424 53 0.3867 
 142 0 167 14 53 0.3711 
 627 390 653 412 53 0.3567 
 45 0 76 18 53 0.3345 
 316 449 336 467 53 0.3326 
 501 573 528 603 53 0.3276 
 23 458 49 482 53 0.3235 
 337 25 360 43 53 0.3065 
 154 251 177 274 53 0.3025 
 1 283 38 305 53 0.2983 
 683 430 702 453 53 0.2974 
 353 344 391 395 53 0.2717 
 219 378 251 406 53 0.2637 
 66 181 87 203 53 0.2576 
 249 51 283 76 53 0.2576 
