657 409 692 444 53 0.8965 
 46 35 86 70 53 0.8507 
 14 603 60 647 53 0.8467 
 644 102 680 131 53 0.8394 
 390 47 427 80 53 0.8389 
 193 332 228 368 53 0.8389 
 533 603 573 641 53 0.835 
 616 337 655 372 53 0.834 
 201 606 241 645 53 0.8335 
 638 184 682 227 53 0.833 
 147 539 186 573 53 0.8311 
 335 580 377 614 53 0.8306 
 329 227 366 259 53 0.8301 
 599 414 637 444 53 0.8291 
 247 584 285 620 53 0.8291 
 126 376 166 413 53 0.8272 
 354 319 397 355 53 0.8242 
 0 7 30 42 53 0.8232 
 417 84 455 125 53 0.8232 
 53 514 87 550 53 0.8232 
 224 564 262 603 53 0.8218 
 324 387 361 426 53 0.8193 
 271 475 312 512 53 0.8188 
 618 430 653 461 53 0.8164 
 98 605 140 639 53 0.8159 
 239 181 270 210 53 0.8154 
 458 132 491 161 53 0.814 
 127 615 164 652 53 0.813 
 396 451 438 485 53 0.8126 
 233 218 282 260 53 0.8125 
 257 545 301 582 53 0.8125 
 469 470 514 504 53 0.8121 
 631 589 672 626 53 0.8091 
 121 261 156 301 53 0.8057 
 154 461 196 501 53 0.8057 
 444 620 485 658 53 0.8027 
 83 14 121 46 53 0.8027 
 195 261 226 290 53 0.8018 
 366 598 400 632 53 0.7999 
 0 515 25 555 53 0.7983 
 320 353 353 386 53 0.7959 
 657 675 688 704 53 0.7959 
 127 661 162 690 53 0.7949 
 496 326 536 362 53 0.7901 
 517 669 547 704 53 0.7882 
 537 334 566 364 53 0.7866 
 155 234 186 271 53 0.7861 
 653 8 685 32 53 0.7842 
 53 602 86 634 53 0.7828 
 595 374 628 409 53 0.7827 
 64 431 99 464 53 0.7827 
 193 387 230 419 53 0.7798 
 211 131 236 159 53 0.7778 
 573 344 611 389 53 0.7759 
 231 317 270 353 53 0.7676 
 526 547 555 573 53 0.7672 
 23 161 51 188 53 0.7622 
 474 11 509 47 53 0.7612 
 357 508 400 546 53 0.7568 
 662 628 691 650 53 0.7563 
 377 412 414 456 53 0.7563 
 146 340 191 385 53 0.7549 
 615 604 642 633 53 0.7461 
 483 668 522 700 53 0.7457 
 345 620 379 644 53 0.7446 
 269 296 320 353 53 0.7402 
 92 46 132 80 53 0.7378 
 47 362 76 396 53 0.7321 
 151 581 196 621 53 0.7295 
 451 196 477 222 53 0.7256 
 385 494 414 521 53 0.7251 
 595 179 633 205 53 0.7148 
 181 122 209 151 53 0.7124 
 639 293 673 328 53 0.71 
 322 668 357 704 53 0.7031 
 416 184 442 211 53 0.7026 
 104 318 136 344 53 0.7026 
 225 473 260 502 53 0.6978 
 290 597 313 626 53 0.694 
 148 9 191 39 53 0.686 
 166 73 192 96 53 0.6826 
 435 127 463 162 53 0.6816 
 339 25 357 49 53 0.6803 
 543 428 571 452 53 0.6758 
 266 54 300 85 53 0.6733 
 220 261 243 288 53 0.6646 
 192 75 220 98 53 0.6636 
 17 525 40 553 53 0.6486 
 542 54 569 80 53 0.6447 
 262 436 288 468 53 0.6447 
 0 57 16 83 53 0.6286 
 158 635 195 666 53 0.626 
 13 237 46 264 53 0.6235 
 139 437 160 453 53 0.6159 
 478 329 500 357 53 0.606 
 172 329 204 359 53 0.5928 
 607 272 633 294 53 0.5866 
 527 54 548 76 53 0.5767 
 535 184 560 206 53 0.5718 
 0 376 17 407 53 0.5708 
 288 369 305 390 53 0.5705 
 475 216 512 246 53 0.563 
 673 218 700 247 53 0.5566 
 333 342 357 372 53 0.5498 
 454 0 499 20 53 0.5244 
 569 236 584 255 53 0.5193 
 149 687 177 704 53 0.5068 
 577 667 601 687 53 0.4961 
 159 658 200 684 53 0.4902 
 684 291 704 324 53 0.4717 
 566 380 591 404 53 0.459 
 132 575 156 606 53 0.4561 
 73 18 95 45 53 0.4524 
 281 59 299 87 53 0.4397 
 476 222 495 245 53 0.4351 
 630 298 661 330 53 0.4111 
 639 676 659 699 53 0.397 
 239 63 259 84 53 0.3896 
 592 180 613 203 53 0.3811 
 445 185 481 226 53 0.3647 
 242 639 261 654 53 0.3414 
 577 681 607 699 53 0.3337 
 294 163 319 187 53 0.332 
 383 423 436 486 53 0.3149 
 279 303 317 332 53 0.3091 
 563 343 591 369 53 0.3049 
 316 336 365 384 53 0.3027 
 387 182 403 206 53 0.2998 
 30 354 61 386 53 0.2991 
 581 688 607 704 53 0.2942 
 232 308 313 356 53 0.291 
 157 495 196 513 53 0.2893 
 41 290 68 312 53 0.2869 
 692 302 703 328 53 0.2798 
 456 181 474 212 53 0.2776 
 518 522 540 538 53 0.2766 
 2 233 29 255 53 0.2727 
 527 418 548 443 53 0.2705 
