561 423 593 451 53 0.8364 
 587 230 619 259 53 0.8174 
 586 446 612 469 53 0.7905 
 469 83 493 103 53 0.7882 
 529 473 554 497 53 0.7854 
 547 217 569 242 53 0.7629 
 647 157 670 186 53 0.7623 
 519 339 545 360 53 0.7399 
 667 158 697 190 53 0.7319 
 601 342 637 373 53 0.7285 
 654 107 673 132 53 0.7266 
 548 68 578 90 53 0.7266 
 178 305 205 328 53 0.7251 
 686 180 704 206 53 0.7217 
 322 165 342 189 53 0.7047 
 352 247 377 276 53 0.7038 
 310 189 338 212 53 0.6943 
 209 240 229 266 53 0.693 
 622 155 648 177 53 0.687 
 394 188 428 215 53 0.6792 
 468 62 495 87 53 0.6758 
 335 183 355 209 53 0.6735 
 0 427 16 455 53 0.6724 
 243 262 262 284 53 0.6662 
 75 350 98 373 53 0.6629 
 192 358 214 381 53 0.6491 
 129 399 154 423 53 0.6476 
 530 79 555 106 53 0.6457 
 392 166 412 190 53 0.6432 
 557 404 582 423 53 0.6226 
 215 219 236 243 53 0.6203 
 600 316 620 338 53 0.6196 
 327 133 350 156 53 0.6174 
 490 256 508 277 53 0.6101 
 283 250 300 274 53 0.6071 
 505 358 528 378 53 0.605 
 484 4 504 26 53 0.5969 
 500 310 525 331 53 0.5957 
 454 0 479 27 53 0.583 
 496 343 510 364 53 0.5796 
 248 215 264 235 53 0.5744 
 527 170 560 199 53 0.5698 
 6 412 31 442 53 0.5688 
 53 346 78 368 53 0.563 
 227 197 250 216 53 0.5566 
 579 205 603 227 53 0.5449 
 256 323 276 345 53 0.5447 
 526 410 555 442 53 0.5439 
 158 223 177 247 53 0.543 
 586 161 615 189 53 0.5381 
 600 99 616 116 53 0.5264 
 594 126 609 148 53 0.5183 
 141 293 163 319 53 0.5098 
 644 138 662 157 53 0.5095 
 315 287 342 313 53 0.4932 
 284 273 316 294 53 0.4863 
 511 146 526 163 53 0.4859 
 189 344 206 360 53 0.4841 
 212 194 227 215 53 0.4724 
 285 0 308 16 53 0.4668 
 448 357 473 381 53 0.4551 
 17 439 38 459 53 0.4524 
 107 393 127 417 53 0.4512 
 448 57 469 78 53 0.4485 
 262 303 279 323 53 0.427 
 270 277 295 301 53 0.4214 
 507 425 536 456 53 0.4187 
 594 200 623 226 53 0.4158 
 228 436 250 462 53 0.4119 
 425 279 444 298 53 0.4055 
 38 345 54 368 53 0.4006 
 214 349 234 374 53 0.3999 
 169 288 191 307 53 0.3941 
 212 172 234 191 53 0.3719 
 60 426 87 446 53 0.3667 
 11 2 22 17 53 0.363 
 398 2 420 14 53 0.3592 
 294 261 320 288 53 0.3496 
 83 416 98 439 53 0.3477 
 404 151 422 172 53 0.338 
 435 179 456 199 53 0.3302 
 512 420 553 450 53 0.3259 
 348 278 365 292 53 0.3157 
 298 266 313 286 53 0.3123 
 624 156 671 180 53 0.3091 
 279 274 304 300 53 0.2983 
 1 390 9 414 53 0.2935 
 300 262 318 278 53 0.2735 
 521 465 539 480 53 0.2727 
 434 208 454 223 53 0.272 
 386 62 409 80 53 0.2679 
 477 426 502 447 53 0.2612 
 554 275 583 300 53 0.2568 
 408 0 429 18 53 0.2502 
