424 292 446 316 53 0.8023 
 595 301 623 327 53 0.7857 
 0 272 18 301 53 0.7735 
 532 270 566 298 53 0.7734 
 505 212 536 238 53 0.7656 
 657 183 689 207 53 0.7627 
 569 302 597 330 53 0.7623 
 604 513 638 543 53 0.7607 
 661 417 692 444 53 0.7598 
 7 131 41 154 53 0.7461 
 389 288 411 314 53 0.7404 
 438 268 466 295 53 0.7285 
 597 116 629 144 53 0.687 
 346 350 372 375 53 0.6748 
 690 166 704 193 53 0.6333 
 543 248 574 275 53 0.6289 
 628 389 655 414 53 0.6159 
 88 381 119 405 53 0.6143 
 686 82 704 110 53 0.6011 
 405 278 437 303 53 0.6001 
 677 476 703 501 53 0.5988 
 592 200 623 228 53 0.5962 
 665 524 691 551 53 0.5905 
 45 33 75 64 53 0.5776 
 263 289 290 312 53 0.5776 
 19 77 48 103 53 0.5767 
 85 259 102 282 53 0.5676 
 401 306 427 326 53 0.564 
 0 179 8 207 53 0.5479 
 230 291 262 315 53 0.5361 
 3 355 28 381 53 0.5225 
 282 273 318 297 53 0.5195 
 543 541 563 565 53 0.5156 
 685 276 703 302 53 0.4978 
 111 246 136 269 53 0.4822 
 98 259 124 284 53 0.4775 
 0 685 30 704 53 0.4766 
 453 376 479 399 53 0.4648 
 0 405 15 439 53 0.457 
 0 158 15 181 53 0.4504 
 525 528 549 549 53 0.4417 
 0 114 15 149 53 0.4339 
 557 635 585 660 53 0.4312 
 475 234 505 258 53 0.4207 
 542 514 569 542 53 0.4187 
 1 23 9 48 53 0.4156 
 501 348 524 366 53 0.4148 
 3 34 40 72 53 0.4072 
 97 368 124 394 53 0.3989 
 691 527 703 554 53 0.395 
 473 214 500 244 53 0.3748 
 393 263 415 279 53 0.3711 
 602 63 632 82 53 0.354 
 132 510 156 534 53 0.3425 
 52 0 86 19 53 0.3354 
 496 231 516 252 53 0.332 
 599 42 627 66 53 0.3286 
 224 406 246 430 53 0.3115 
 608 616 644 645 53 0.3074 
 2 417 13 437 53 0.2966 
 72 43 108 68 53 0.2949 
 519 545 542 569 53 0.2869 
 392 291 424 324 53 0.2837 
 26 105 60 128 53 0.283 
 638 158 665 183 53 0.2705 
 375 281 394 311 53 0.2637 
 0 164 13 212 53 0.2561 
