546 195 576 226 53 0.8365 
 36 303 63 330 53 0.8336 
 555 170 591 206 53 0.8081 
 356 7 379 35 53 0.8072 
 608 565 644 601 53 0.8072 
 292 356 323 385 53 0.7969 
 512 446 552 477 53 0.7944 
 601 194 633 223 53 0.7852 
 410 311 440 336 53 0.7759 
 362 63 393 94 53 0.769 
 135 26 167 56 53 0.7676 
 150 563 183 595 53 0.7661 
 305 112 338 135 53 0.7637 
 325 86 353 112 53 0.7627 
 587 161 621 191 53 0.7593 
 435 464 467 495 53 0.7583 
 630 379 654 407 53 0.7565 
 517 606 555 638 53 0.749 
 0 571 31 600 53 0.7485 
 89 657 130 687 53 0.7456 
 349 83 370 110 53 0.7417 
 567 139 604 168 53 0.7417 
 511 105 545 135 53 0.7407 
 599 452 625 478 53 0.7363 
 557 660 586 689 53 0.7319 
 309 460 340 484 53 0.731 
 417 86 444 114 53 0.7163 
 19 233 47 255 53 0.7129 
 295 441 321 462 53 0.7104 
 627 191 655 217 53 0.7052 
 446 78 477 111 53 0.7047 
 150 90 182 121 53 0.7017 
 52 272 83 296 53 0.6807 
 634 631 668 664 53 0.6802 
 180 535 217 565 53 0.6768 
 0 460 25 486 53 0.6704 
 500 628 533 656 53 0.6582 
 506 158 533 182 53 0.6523 
 530 292 563 320 53 0.6514 
 120 310 140 328 53 0.651 
 162 394 183 420 53 0.6491 
 445 176 472 200 53 0.6486 
 255 432 294 461 53 0.6479 
 39 538 70 566 53 0.645 
 327 412 347 431 53 0.644 
 650 603 684 633 53 0.6416 
 191 378 231 407 53 0.6362 
 222 618 252 648 53 0.6333 
 517 207 543 229 53 0.6323 
 524 649 552 680 53 0.625 
 679 208 703 232 53 0.6245 
 340 542 370 568 53 0.6235 
 611 234 639 259 53 0.6226 
 643 16 667 38 53 0.6206 
 204 342 234 374 53 0.6196 
 642 132 677 158 53 0.6177 
 652 212 687 235 53 0.6177 
 411 41 438 70 53 0.6104 
 246 120 274 149 53 0.6074 
 660 457 681 484 53 0.5972 
 601 274 638 302 53 0.5957 
 132 485 168 508 53 0.5889 
 126 444 149 470 53 0.584 
 341 430 377 463 53 0.5806 
 632 67 668 95 53 0.5708 
 569 676 596 699 53 0.5537 
 440 573 460 600 53 0.54 
 241 177 263 201 53 0.5349 
 405 368 426 389 53 0.5332 
 346 30 375 51 53 0.5117 
 420 558 455 585 53 0.5117 
 420 112 440 133 53 0.5088 
 81 435 109 463 53 0.5088 
 620 78 641 107 53 0.5027 
 582 587 620 614 53 0.4912 
 599 682 648 704 53 0.4756 
 638 198 670 221 53 0.4685 
 144 393 165 424 53 0.4678 
 431 157 455 180 53 0.4639 
 410 628 443 653 53 0.4629 
 627 673 658 700 53 0.4504 
 435 109 459 127 53 0.4424 
 349 340 371 368 53 0.4417 
 233 105 260 133 53 0.4331 
 383 70 404 94 53 0.4302 
 56 426 80 459 53 0.4263 
 271 412 291 431 53 0.4233 
 644 200 680 233 53 0.4131 
 482 520 507 544 53 0.4063 
 462 658 496 686 53 0.3999 
 30 455 58 479 53 0.3989 
 568 552 602 578 53 0.3989 
 215 131 231 158 53 0.3958 
 138 688 159 703 53 0.395 
 525 305 541 327 53 0.3821 
 412 38 429 63 53 0.3821 
 329 37 349 55 53 0.3721 
 680 316 704 343 53 0.3459 
 347 195 363 221 53 0.3345 
 217 340 233 363 53 0.332 
 269 593 290 617 53 0.3208 
 262 535 292 555 53 0.3167 
 584 467 621 494 53 0.314 
 396 234 427 270 53 0.3091 
 578 533 609 557 53 0.3074 
 355 278 384 303 53 0.3066 
 118 468 133 492 53 0.3008 
 602 519 625 544 53 0.2948 
 130 320 151 345 53 0.2933 
 641 50 676 88 53 0.2815 
 649 51 674 69 53 0.2766 
 429 567 453 589 53 0.2568 
 595 226 617 255 53 0.2517 
 3 414 18 434 53 0.251 
