562 369 590 395 53 0.8232 
 594 449 629 482 53 0.814 
 165 30 199 66 53 0.8105 
 393 63 428 90 53 0.8042 
 676 77 703 110 53 0.8033 
 516 331 553 373 53 0.7988 
 608 188 641 215 53 0.7881 
 532 65 565 91 53 0.7881 
 342 413 372 441 53 0.7798 
 589 98 625 124 53 0.7759 
 628 469 662 495 53 0.7754 
 436 101 466 131 53 0.7734 
 76 19 97 40 53 0.7702 
 214 27 246 52 53 0.7656 
 636 124 668 150 53 0.7559 
 379 1 411 27 53 0.7476 
 543 361 570 391 53 0.7443 
 0 307 29 339 53 0.7422 
 170 124 199 152 53 0.7402 
 47 245 72 272 53 0.7334 
 196 141 217 174 53 0.7301 
 142 9 168 35 53 0.7291 
 568 92 589 116 53 0.7282 
 420 242 453 268 53 0.7251 
 46 20 76 53 53 0.7178 
 168 364 202 391 53 0.7124 
 290 229 321 254 53 0.7114 
 681 52 703 76 53 0.7047 
 0 147 22 180 53 0.6989 
 535 527 568 554 53 0.6875 
 307 427 338 455 53 0.6782 
 147 139 175 166 53 0.6665 
 0 1 19 30 53 0.6665 
 434 37 461 63 53 0.6626 
 527 221 554 248 53 0.6621 
 341 21 371 44 53 0.6582 
 16 202 51 227 53 0.6577 
 116 476 143 508 53 0.6554 
 8 582 43 611 53 0.6406 
 34 526 63 558 53 0.6396 
 0 95 20 122 53 0.6343 
 353 350 383 380 53 0.627 
 132 30 158 53 53 0.6235 
 303 196 328 224 53 0.606 
 406 339 436 361 53 0.605 
 633 68 669 92 53 0.604 
 464 490 500 522 53 0.6001 
 75 328 100 355 53 0.5981 
 456 257 489 284 53 0.5962 
 29 501 58 528 53 0.5935 
 377 323 396 349 53 0.5915 
 666 4 689 26 53 0.5908 
 581 573 613 599 53 0.5776 
 6 277 38 297 53 0.5737 
 578 503 612 527 53 0.5698 
 423 271 459 293 53 0.5688 
 497 499 529 524 53 0.5679 
 488 258 518 292 53 0.5571 
 265 259 297 282 53 0.5566 
 477 620 516 655 53 0.5454 
 42 167 78 200 53 0.5449 
 484 93 513 121 53 0.5361 
 363 395 396 423 53 0.5283 
 0 522 34 552 53 0.5273 
 70 540 100 566 53 0.5127 
 683 614 704 646 53 0.4971 
 613 568 648 594 53 0.4971 
 514 259 535 288 53 0.4951 
 588 304 616 332 53 0.4883 
 657 87 681 115 53 0.4766 
 663 675 697 704 53 0.4619 
 383 346 409 368 53 0.457 
 177 394 201 424 53 0.4446 
 489 119 509 140 53 0.4312 
 378 396 400 422 53 0.4216 
 240 73 261 95 53 0.4207 
 633 98 668 122 53 0.4072 
 509 566 549 591 53 0.4072 
 63 586 102 626 53 0.4011 
 584 262 603 288 53 0.3979 
 647 106 668 126 53 0.3887 
 149 304 171 332 53 0.3887 
 346 212 364 233 53 0.384 
 107 226 150 256 53 0.3794 
 560 548 591 573 53 0.3757 
 162 430 188 464 53 0.3667 
 205 245 230 269 53 0.3567 
 0 510 9 541 53 0.3521 
 60 173 82 202 53 0.3486 
 614 301 638 331 53 0.3477 
 306 296 341 325 53 0.3354 
 456 153 484 184 53 0.3345 
 69 97 88 131 53 0.332 
 659 73 686 96 53 0.3303 
 0 512 13 546 53 0.3184 
 455 531 474 556 53 0.3184 
 483 103 509 137 53 0.3025 
 628 55 653 81 53 0.2942 
 222 265 244 289 53 0.272 
 91 584 124 615 53 0.2698 
 622 605 654 628 53 0.2532 
