152 30 187 56 53 0.832 
 584 330 615 363 53 0.8242 
 338 316 368 338 53 0.8223 
 568 474 603 504 53 0.8174 
 389 93 416 121 53 0.8121 
 421 385 452 412 53 0.8115 
 450 387 482 416 53 0.8042 
 85 497 123 525 53 0.8013 
 554 513 582 534 53 0.7983 
 630 577 664 609 53 0.7969 
 634 545 667 574 53 0.7949 
 146 149 178 177 53 0.792 
 25 458 59 485 53 0.7881 
 623 471 657 493 53 0.7852 
 288 35 308 66 53 0.777 
 406 534 438 562 53 0.7759 
 112 445 145 473 53 0.769 
 154 95 187 121 53 0.7646 
 529 451 561 478 53 0.7646 
 584 513 611 539 53 0.7637 
 276 344 302 375 53 0.7622 
 361 6 390 35 53 0.7607 
 608 504 642 530 53 0.7568 
 516 554 553 583 53 0.7559 
 212 91 246 120 53 0.7544 
 329 352 362 383 53 0.7534 
 241 102 266 133 53 0.7526 
 252 65 280 97 53 0.7471 
 506 380 534 405 53 0.7471 
 363 96 395 130 53 0.7461 
 549 357 571 381 53 0.7461 
 205 502 237 529 53 0.7461 
 175 587 208 620 53 0.7407 
 225 348 248 381 53 0.7404 
 468 323 488 349 53 0.7371 
 423 420 447 446 53 0.7369 
 123 125 146 151 53 0.7321 
 519 364 548 391 53 0.728 
 278 75 306 105 53 0.7271 
 438 436 463 458 53 0.7267 
 528 475 563 510 53 0.7192 
 67 261 90 287 53 0.7161 
 121 260 153 281 53 0.7104 
 293 391 322 418 53 0.708 
 145 598 180 628 53 0.7051 
 423 364 453 388 53 0.7051 
 200 164 234 193 53 0.7007 
 496 468 530 496 53 0.7002 
 251 135 276 158 53 0.6982 
 560 379 582 398 53 0.695 
 52 406 81 434 53 0.6929 
 253 31 275 56 53 0.6919 
 245 392 272 418 53 0.6895 
 563 457 583 481 53 0.6833 
 333 400 352 424 53 0.6768 
 663 380 692 405 53 0.6748 
 541 377 560 399 53 0.6735 
 657 353 682 375 53 0.6676 
 392 373 409 401 53 0.6662 
 467 570 497 600 53 0.6655 
 202 126 227 156 53 0.6589 
 239 433 271 454 53 0.645 
 112 486 143 514 53 0.644 
 43 250 69 280 53 0.6396 
 217 425 241 447 53 0.6306 
 390 48 421 77 53 0.6279 
 561 396 579 419 53 0.625 
 307 106 338 134 53 0.6206 
 309 515 345 547 53 0.6196 
 596 649 633 680 53 0.6196 
 354 62 384 94 53 0.6187 
 238 373 262 396 53 0.6104 
 191 574 229 607 53 0.6069 
 346 249 369 275 53 0.5859 
 386 556 420 580 53 0.585 
 301 366 327 387 53 0.5815 
 167 520 202 546 53 0.5786 
 249 190 273 221 53 0.5757 
 303 125 331 148 53 0.5728 
 77 457 111 487 53 0.5688 
 203 351 227 374 53 0.562 
 198 111 220 137 53 0.5581 
 392 360 409 378 53 0.5479 
 611 527 647 551 53 0.542 
 0 241 17 266 53 0.541 
 487 343 507 364 53 0.541 
 686 451 704 477 53 0.5381 
 490 636 529 667 53 0.5293 
 16 396 46 426 53 0.5137 
 411 19 441 44 53 0.5107 
 139 446 150 472 53 0.5088 
 367 559 391 586 53 0.5049 
 107 123 129 148 53 0.4949 
 644 455 676 478 53 0.4844 
 128 445 152 469 53 0.4805 
 333 532 357 555 53 0.4805 
 218 556 252 581 53 0.4688 
 522 650 560 688 53 0.457 
 395 420 413 441 53 0.4414 
 446 552 475 586 53 0.4331 
 510 369 550 400 53 0.4312 
 338 557 366 589 53 0.4226 
 566 598 598 628 53 0.4121 
 515 315 536 344 53 0.4111 
 347 23 378 48 53 0.4065 
 194 183 226 207 53 0.4016 
 390 357 410 395 53 0.396 
 358 542 386 565 53 0.3896 
 181 470 224 497 53 0.3821 
 603 438 620 461 53 0.3774 
 201 151 226 176 53 0.3736 
 296 0 316 15 53 0.373 
 263 64 308 109 53 0.3721 
 389 531 410 551 53 0.3674 
 668 421 700 441 53 0.3621 
 104 289 118 308 53 0.3592 
 135 140 153 168 53 0.3442 
 683 423 701 444 53 0.3389 
 220 412 245 431 53 0.3372 
 411 376 430 396 53 0.337 
 33 397 57 421 53 0.3326 
 414 63 440 88 53 0.3293 
 146 452 181 472 53 0.3276 
 51 449 72 474 53 0.3258 
 120 246 136 263 53 0.3252 
 197 85 223 114 53 0.3208 
 354 369 369 386 53 0.3066 
 155 5 176 26 53 0.3023 
 109 435 124 458 53 0.283 
 369 219 390 245 53 0.2805 
 556 506 604 536 53 0.2727 
 439 29 468 50 53 0.2698 
 358 414 384 438 53 0.2576 
 390 227 418 259 53 0.2554 
 13 564 38 588 53 0.2517 
