174 406 197 425 53 0.7984 
 411 464 439 493 53 0.7428 
 505 0 526 23 53 0.7374 
 350 291 375 317 53 0.7252 
 496 69 525 96 53 0.7192 
 64 250 89 280 53 0.716 
 251 348 278 373 53 0.6982 
 275 340 303 363 53 0.6953 
 495 490 524 515 53 0.6934 
 132 439 155 465 53 0.693 
 331 433 357 458 53 0.6802 
 235 350 248 375 53 0.6769 
 126 254 148 272 53 0.6748 
 166 381 189 404 53 0.6686 
 479 403 505 432 53 0.6686 
 95 247 121 273 53 0.6665 
 499 21 523 49 53 0.6567 
 54 249 73 272 53 0.6558 
 555 254 588 284 53 0.6558 
 575 68 600 90 53 0.633 
 476 515 500 537 53 0.6245 
 345 504 373 533 53 0.6167 
 325 349 358 372 53 0.5908 
 181 353 203 375 53 0.5649 
 551 22 583 50 53 0.5557 
 278 359 300 385 53 0.5537 
 530 60 550 86 53 0.5534 
 452 43 471 70 53 0.5212 
 502 526 525 551 53 0.5078 
 144 229 180 256 53 0.4941 
 370 170 409 199 53 0.4844 
 106 0 143 22 53 0.4814 
 514 288 550 315 53 0.4717 
 178 557 208 585 53 0.4639 
 435 166 460 190 53 0.4197 
 56 245 81 281 53 0.4111 
 440 412 472 435 53 0.4102 
 355 613 382 640 53 0.397 
 352 377 379 401 53 0.3774 
 177 517 208 543 53 0.3711 
 140 566 164 594 53 0.3567 
 183 120 218 146 53 0.3567 
 143 496 164 516 53 0.3252 
 308 397 323 416 53 0.2814 
 476 0 490 18 53 0.2598 
 358 415 375 441 53 0.251 
