470 59 503 88 53 0.8311 
 554 324 582 351 53 0.8223 
 513 494 546 527 53 0.8203 
 165 393 190 418 53 0.8165 
 43 547 70 578 53 0.8155 
 112 208 147 238 53 0.813 
 310 420 336 448 53 0.8106 
 19 300 48 329 53 0.8086 
 578 365 609 393 53 0.8042 
 189 72 217 100 53 0.8033 
 170 418 190 442 53 0.8009 
 426 495 460 527 53 0.8003 
 86 398 114 425 53 0.7983 
 269 97 295 123 53 0.797 
 594 374 623 401 53 0.792 
 557 430 586 454 53 0.792 
 404 356 433 384 53 0.791 
 560 62 587 92 53 0.7906 
 271 578 294 609 53 0.7906 
 68 77 100 103 53 0.79 
 205 490 229 524 53 0.7857 
 228 147 261 172 53 0.7852 
 91 504 123 534 53 0.7827 
 0 294 25 323 53 0.7812 
 117 267 151 295 53 0.7812 
 370 17 403 43 53 0.7808 
 620 504 653 539 53 0.7788 
 666 511 694 534 53 0.7773 
 652 321 677 348 53 0.777 
 464 106 499 140 53 0.7759 
 47 408 84 439 53 0.7744 
 459 563 489 589 53 0.774 
 196 314 232 346 53 0.7695 
 35 429 65 463 53 0.7695 
 339 361 369 388 53 0.7653 
 364 350 397 376 53 0.7653 
 365 379 389 399 53 0.7642 
 382 447 413 475 53 0.7622 
 251 165 279 192 53 0.7593 
 467 393 495 417 53 0.7565 
 595 251 622 281 53 0.754 
 478 263 507 289 53 0.7529 
 526 355 553 382 53 0.7515 
 510 0 541 27 53 0.749 
 306 531 338 558 53 0.7485 
 606 624 643 653 53 0.7432 
 310 466 345 496 53 0.7422 
 561 353 593 381 53 0.7417 
 275 347 307 371 53 0.7417 
 117 488 143 512 53 0.7407 
 580 527 616 559 53 0.7393 
 164 20 190 46 53 0.7369 
 519 236 551 262 53 0.7363 
 492 389 513 419 53 0.736 
 287 521 317 546 53 0.7324 
 207 405 235 430 53 0.7321 
 635 338 662 360 53 0.731 
 298 259 335 290 53 0.7305 
 253 553 284 578 53 0.7295 
 644 1 669 21 53 0.7238 
 422 436 449 459 53 0.7231 
 122 594 149 623 53 0.7231 
 145 229 167 254 53 0.7213 
 430 369 454 390 53 0.7199 
 646 474 676 499 53 0.7178 
 573 44 597 67 53 0.7164 
 546 264 581 287 53 0.7153 
 228 350 254 378 53 0.7096 
 264 443 303 470 53 0.7075 
 85 606 120 637 53 0.7075 
 610 325 634 354 53 0.6955 
 324 252 350 275 53 0.6929 
 467 205 502 238 53 0.6916 
 0 25 35 59 53 0.6891 
 572 227 601 254 53 0.6857 
 148 69 164 95 53 0.6803 
 55 435 82 462 53 0.6803 
 673 12 704 36 53 0.6802 
 543 444 581 471 53 0.6802 
 347 278 370 303 53 0.6779 
 275 493 297 515 53 0.6733 
 100 431 141 472 53 0.6729 
 683 63 704 84 53 0.6727 
 670 310 693 334 53 0.6686 
 36 275 63 306 53 0.6626 
 152 494 182 522 53 0.6457 
 363 162 390 183 53 0.6436 
 406 595 439 622 53 0.6426 
 637 661 662 684 53 0.6413 
 299 460 323 483 53 0.6396 
 628 64 659 92 53 0.6377 
 588 306 605 329 53 0.633 
 247 348 273 378 53 0.6318 
 273 182 295 208 53 0.6315 
 650 495 673 517 53 0.6315 
 88 0 121 15 53 0.6309 
 252 454 276 478 53 0.626 
 681 622 702 647 53 0.6232 
 305 306 331 333 53 0.6167 
 676 277 703 297 53 0.6167 
 464 1 482 24 53 0.6071 
 625 466 646 492 53 0.6021 
 658 245 679 270 53 0.6018 
 351 595 387 624 53 0.5981 
 1 268 31 295 53 0.5972 
 116 83 140 110 53 0.583 
 466 414 493 434 53 0.583 
 643 571 677 596 53 0.582 
 232 533 264 563 53 0.5815 
 348 88 377 116 53 0.5806 
 634 577 661 605 53 0.5796 
 67 543 99 571 53 0.5767 
 504 319 533 344 53 0.5728 
 110 635 149 668 53 0.5728 
 434 612 466 643 53 0.5718 
 87 567 122 597 53 0.5708 
 455 462 480 486 53 0.5679 
 254 306 289 341 53 0.5649 
 334 472 355 498 53 0.562 
 103 443 128 469 53 0.5581 
 70 632 111 660 53 0.5518 
 482 1 502 24 53 0.5447 
 497 10 517 32 53 0.543 
 359 2 385 28 53 0.542 
 376 430 398 445 53 0.541 
 563 551 596 576 53 0.5381 
 439 404 464 424 53 0.5273 
 584 614 613 643 53 0.5271 
 601 308 625 331 53 0.5225 
 114 613 133 641 53 0.5039 
 690 488 702 510 53 0.502 
 437 20 459 39 53 0.502 
 323 649 360 676 53 0.4951 
 102 289 134 317 53 0.4922 
 458 531 475 557 53 0.4851 
 102 264 126 289 53 0.4756 
 268 162 301 184 53 0.4746 
 349 130 380 157 53 0.4504 
 640 362 655 376 53 0.4456 
 294 642 327 669 53 0.4397 
 583 249 600 273 53 0.4282 
 253 0 282 16 53 0.4282 
 447 95 470 118 53 0.3933 
 229 520 245 544 53 0.3931 
 424 122 447 146 53 0.3609 
 488 3 515 30 53 0.3592 
 534 672 565 700 53 0.3584 
 66 295 88 316 53 0.3441 
 57 67 78 94 53 0.3354 
 271 644 302 678 53 0.3336 
 466 158 485 176 53 0.3201 
 512 92 535 110 53 0.3191 
 361 7 396 39 53 0.3066 
 450 68 472 94 53 0.3057 
 664 297 685 315 53 0.304 
 500 248 521 269 53 0.2909 
 597 525 617 550 53 0.2744 
 547 350 568 368 53 0.2689 
 51 419 83 455 53 0.2681 
 629 68 647 89 53 0.2622 
