577 410 614 449 53 0.8638 
 320 586 360 625 53 0.8623 
 170 226 215 260 53 0.8541 
 307 527 339 564 53 0.8457 
 386 275 419 310 53 0.8408 
 633 272 678 306 53 0.8394 
 501 111 542 144 53 0.8345 
 470 203 505 236 53 0.8335 
 488 276 533 312 53 0.8335 
 394 194 429 227 53 0.832 
 447 125 487 160 53 0.8267 
 263 417 310 451 53 0.8267 
 29 14 71 50 53 0.8262 
 535 485 573 523 53 0.8248 
 457 616 491 651 53 0.8223 
 5 150 48 189 53 0.818 
 268 535 310 570 53 0.8165 
 497 378 537 414 53 0.8164 
 158 369 197 402 53 0.8086 
 352 208 394 245 53 0.8076 
 197 477 234 509 53 0.8004 
 360 398 403 434 53 0.8003 
 453 426 491 462 53 0.7993 
 221 286 261 322 53 0.7993 
 45 152 82 184 53 0.7989 
 270 315 312 349 53 0.7989 
 560 255 598 294 53 0.7983 
 337 27 375 67 53 0.7969 
 354 142 396 176 53 0.7969 
 412 61 447 96 53 0.7944 
 392 558 436 595 53 0.792 
 200 114 242 151 53 0.7891 
 159 107 200 141 53 0.7866 
 211 424 254 458 53 0.7848 
 543 397 578 433 53 0.7808 
 37 634 73 670 53 0.7798 
 549 296 583 327 53 0.7725 
 87 234 122 258 53 0.771 
 34 450 62 479 53 0.7701 
 492 616 534 655 53 0.7686 
 262 96 306 131 53 0.7656 
 299 266 329 296 53 0.7583 
 373 68 415 104 53 0.7578 
 49 475 97 510 53 0.7568 
 77 61 118 93 53 0.7544 
 145 44 168 75 53 0.7516 
 296 0 339 31 53 0.75 
 45 93 84 129 53 0.7476 
 632 578 666 605 53 0.7456 
 33 353 73 391 53 0.7441 
 444 607 472 641 53 0.7432 
 584 656 625 689 53 0.7417 
 165 193 199 226 53 0.7407 
 63 339 96 376 53 0.7388 
 180 599 223 640 53 0.7334 
 582 164 613 191 53 0.7305 
 576 217 595 246 53 0.7252 
 456 223 500 257 53 0.7227 
 87 115 133 158 53 0.7192 
 91 331 120 366 53 0.7139 
 651 152 688 189 53 0.709 
 653 194 678 223 53 0.7065 
 0 402 32 431 53 0.7002 
 625 468 667 492 53 0.6919 
 148 512 167 543 53 0.6906 
 74 208 99 237 53 0.6895 
 0 676 25 704 53 0.6772 
 678 619 704 646 53 0.6758 
 257 60 286 87 53 0.6699 
 431 475 465 502 53 0.668 
 182 359 220 391 53 0.6636 
 59 409 91 441 53 0.6602 
 598 618 646 657 53 0.6587 
 134 185 164 213 53 0.6577 
 270 226 319 263 53 0.6548 
 434 303 479 333 53 0.6538 
 440 677 488 703 53 0.6489 
 65 588 113 626 53 0.6416 
 530 269 556 301 53 0.6372 
 581 446 605 467 53 0.6299 
 48 422 68 449 53 0.6149 
 453 158 486 182 53 0.6104 
 438 496 473 523 53 0.606 
 1 541 14 572 53 0.583 
 42 542 87 579 53 0.5669 
 554 662 587 690 53 0.5449 
 130 479 158 512 53 0.5381 
 112 488 131 516 53 0.5349 
 563 433 592 462 53 0.5332 
 126 669 155 699 53 0.4861 
 149 627 173 654 53 0.4844 
 175 1 216 18 53 0.4814 
 113 333 127 367 53 0.4775 
 649 485 670 518 53 0.4358 
 447 422 470 438 53 0.4148 
 318 682 371 703 53 0.4065 
 13 0 42 15 53 0.3999 
 163 351 175 375 53 0.385 
 110 58 128 78 53 0.3667 
 162 685 205 704 53 0.3503 
 490 443 499 457 53 0.3337 
 233 496 269 529 53 0.3328 
 15 577 48 605 53 0.3286 
 457 306 480 336 53 0.3167 
 432 304 456 331 53 0.3025 
 270 246 291 269 53 0.2644 
