301 223 328 249 53 0.8438 
 471 159 494 188 53 0.8267 
 317 165 341 191 53 0.8248 
 610 311 638 332 53 0.8232 
 338 256 366 282 53 0.8164 
 339 306 369 326 53 0.814 
 155 378 181 397 53 0.8042 
 117 9 143 35 53 0.8033 
 227 219 252 240 53 0.7999 
 83 247 112 272 53 0.7983 
 483 335 509 358 53 0.7983 
 233 324 256 343 53 0.7936 
 472 268 501 292 53 0.79 
 113 100 143 124 53 0.7881 
 378 339 409 363 53 0.7871 
 143 261 167 285 53 0.7867 
 17 311 44 333 53 0.7821 
 507 327 535 351 53 0.7812 
 66 121 100 148 53 0.7788 
 23 135 52 166 53 0.775 
 598 218 623 242 53 0.775 
 137 310 159 328 53 0.774 
 82 88 108 111 53 0.7695 
 45 202 65 221 53 0.769 
 438 585 469 616 53 0.7676 
 593 297 622 321 53 0.7661 
 535 75 567 101 53 0.7661 
 180 158 210 180 53 0.7656 
 482 16 510 36 53 0.7642 
 212 223 228 247 53 0.7623 
 278 120 305 147 53 0.7618 
 478 293 501 324 53 0.7511 
 195 590 229 616 53 0.7476 
 432 283 456 302 53 0.7428 
 434 320 453 344 53 0.7389 
 197 191 229 214 53 0.7378 
 389 395 423 422 53 0.7373 
 272 96 301 119 53 0.7358 
 646 221 677 243 53 0.7319 
 327 48 356 74 53 0.7301 
 173 178 197 198 53 0.7256 
 191 34 213 55 53 0.7223 
 614 452 642 472 53 0.7199 
 372 18 396 43 53 0.7121 
 551 147 573 175 53 0.7111 
 44 288 80 317 53 0.7104 
 205 46 227 68 53 0.7062 
 163 258 180 280 53 0.7062 
 467 578 495 607 53 0.7007 
 453 173 477 198 53 0.6964 
 408 612 431 637 53 0.695 
 282 139 311 162 53 0.6943 
 585 181 609 205 53 0.6943 
 561 173 588 195 53 0.6929 
 180 548 206 574 53 0.6891 
 40 65 61 91 53 0.6823 
 634 169 655 192 53 0.6823 
 80 402 102 421 53 0.6813 
 387 0 418 24 53 0.6738 
 24 458 46 479 53 0.6686 
 405 24 430 45 53 0.668 
 135 366 156 388 53 0.6608 
 427 231 455 250 53 0.6582 
 394 27 412 49 53 0.6574 
 143 212 170 231 53 0.6567 
 647 5 685 28 53 0.6558 
 535 589 557 611 53 0.6535 
 303 154 322 174 53 0.6514 
 218 6 247 25 53 0.6479 
 593 82 621 105 53 0.647 
 109 219 131 238 53 0.6387 
 224 341 244 360 53 0.6369 
 341 1 363 16 53 0.6349 
 301 187 323 207 53 0.6279 
 284 231 303 248 53 0.6276 
 591 494 613 519 53 0.6266 
 538 532 562 557 53 0.6266 
 403 173 429 196 53 0.6206 
 244 118 272 142 53 0.6196 
 120 233 138 255 53 0.6069 
 573 144 598 158 53 0.606 
 87 220 115 246 53 0.6047 
 391 302 420 321 53 0.604 
 97 207 122 224 53 0.6011 
 420 303 453 329 53 0.6011 
 244 142 265 158 53 0.5915 
 457 551 484 578 53 0.5847 
 269 213 288 238 53 0.582 
 426 558 456 587 53 0.5806 
 149 77 170 99 53 0.5796 
 148 246 169 262 53 0.5566 
 471 3 486 23 53 0.5454 
 507 529 523 552 53 0.5437 
 25 68 45 93 53 0.54 
 130 0 153 15 53 0.5205 
 275 46 291 61 53 0.5144 
 217 531 243 553 53 0.5078 
 144 352 167 371 53 0.5049 
 147 598 183 632 53 0.5049 
 534 101 558 117 53 0.502 
 267 127 286 154 53 0.4998 
 194 174 217 197 53 0.4968 
 678 563 703 585 53 0.4941 
 190 199 208 218 53 0.4941 
 350 229 363 246 53 0.4929 
 561 29 581 48 53 0.489 
 219 51 237 68 53 0.4775 
 637 406 650 425 53 0.4685 
 655 168 671 187 53 0.4678 
 459 39 480 57 53 0.4636 
 174 620 195 645 53 0.4619 
 36 160 62 175 53 0.4551 
 205 222 248 245 53 0.4312 
 498 279 520 297 53 0.43 
 538 492 554 520 53 0.4177 
 352 0 374 18 53 0.4156 
 627 153 648 176 53 0.409 
 166 68 185 92 53 0.4082 
 383 123 394 139 53 0.408 
 572 489 591 510 53 0.407 
 344 2 357 13 53 0.4045 
 421 122 441 136 53 0.4006 
 42 353 57 368 53 0.3943 
 487 588 506 614 53 0.3904 
 1 588 12 615 53 0.3831 
 406 416 426 435 53 0.3802 
 431 143 447 161 53 0.3784 
 126 30 151 56 53 0.373 
 200 132 221 152 53 0.3647 
 449 502 485 526 53 0.363 
 24 150 63 171 53 0.3621 
 249 109 280 133 53 0.3584 
 501 586 518 610 53 0.3468 
 208 160 226 180 53 0.3408 
 168 409 190 427 53 0.3408 
 37 188 51 201 53 0.3398 
 635 134 651 151 53 0.3389 
 102 556 133 582 53 0.3364 
 348 283 363 296 53 0.3354 
 268 118 299 155 53 0.3311 
 46 128 72 150 53 0.3235 
 100 5 113 24 53 0.3115 
 54 56 71 78 53 0.3032 
 76 280 92 296 53 0.2997 
 560 95 583 112 53 0.2959 
 367 169 381 185 53 0.2942 
 439 256 457 276 53 0.2893 
 175 164 207 194 53 0.2878 
 593 377 609 397 53 0.2815 
 291 148 319 173 53 0.2783 
 450 573 471 591 53 0.2705 
 413 280 429 296 53 0.2698 
 17 515 40 539 53 0.2681 
 430 643 456 672 53 0.2576 
 532 83 561 115 53 0.2502 
