321 157 354 187 53 0.8208 
 651 16 683 46 53 0.8199 
 407 329 440 357 53 0.8057 
 353 513 385 541 53 0.7949 
 584 253 616 280 53 0.793 
 113 159 140 186 53 0.7881 
 132 426 160 452 53 0.7843 
 551 112 582 138 53 0.7638 
 336 184 366 220 53 0.7589 
 191 248 227 280 53 0.7565 
 579 41 604 62 53 0.7563 
 117 41 142 70 53 0.7531 
 65 95 99 124 53 0.7476 
 355 482 384 512 53 0.7384 
 274 418 305 443 53 0.7339 
 126 550 156 578 53 0.7295 
 127 337 162 366 53 0.7271 
 310 558 341 589 53 0.7231 
 370 143 395 165 53 0.7153 
 193 551 221 575 53 0.7153 
 176 314 209 344 53 0.7139 
 192 630 226 657 53 0.71 
 382 324 410 352 53 0.7002 
 389 244 417 269 53 0.6899 
 556 30 578 57 53 0.6878 
 505 287 533 312 53 0.6836 
 646 323 678 347 53 0.6724 
 173 53 196 70 53 0.6602 
 125 453 150 472 53 0.6602 
 553 481 588 510 53 0.6592 
 313 517 341 543 53 0.6567 
 114 566 136 589 53 0.6545 
 99 131 126 155 53 0.6491 
 435 11 466 37 53 0.6447 
 565 138 596 166 53 0.6426 
 312 184 338 208 53 0.6372 
 470 312 501 343 53 0.6353 
 428 273 451 297 53 0.6289 
 338 512 353 540 53 0.6286 
 544 180 573 204 53 0.6266 
 523 97 550 119 53 0.6235 
 402 394 427 417 53 0.6235 
 229 0 260 26 53 0.6187 
 565 395 594 424 53 0.612 
 686 51 704 80 53 0.6104 
 162 24 189 48 53 0.5972 
 648 483 680 510 53 0.5972 
 401 227 426 255 53 0.5938 
 541 641 577 670 53 0.5879 
 342 621 377 650 53 0.5737 
 172 352 196 374 53 0.5725 
 8 3 38 23 53 0.5718 
 87 553 115 574 53 0.561 
 173 577 204 600 53 0.5557 
 398 159 433 188 53 0.5498 
 68 398 91 421 53 0.5385 
 411 27 436 52 53 0.5361 
 88 271 122 298 53 0.5332 
 396 531 432 557 53 0.5283 
 7 122 45 153 53 0.5264 
 391 651 410 675 53 0.5244 
 620 422 646 448 53 0.5059 
 566 68 590 87 53 0.4941 
 167 294 189 321 53 0.4902 
 514 78 539 106 53 0.489 
 298 25 328 51 53 0.4824 
 656 65 676 87 53 0.4795 
 640 21 656 40 53 0.4668 
 118 449 129 469 53 0.4636 
 576 678 602 697 53 0.4597 
 590 24 614 41 53 0.457 
 262 249 285 272 53 0.4434 
 681 675 699 694 53 0.4434 
 491 672 511 694 53 0.4329 
 226 651 249 674 53 0.4319 
 421 178 441 200 53 0.4243 
 565 230 595 252 53 0.4177 
 511 572 548 596 53 0.4177 
 646 582 671 603 53 0.4141 
 260 3 291 27 53 0.4036 
 158 222 183 241 53 0.4004 
 393 628 415 653 53 0.3989 
 221 364 252 385 53 0.3943 
 370 640 394 666 53 0.3838 
 585 22 612 51 53 0.3711 
 163 611 180 631 53 0.3699 
 432 29 454 51 53 0.3667 
 563 623 589 648 53 0.3655 
 456 650 484 673 53 0.3538 
 522 271 544 297 53 0.3503 
 65 156 93 181 53 0.3459 
 285 638 314 663 53 0.3354 
 215 563 240 588 53 0.3225 
 516 19 532 43 53 0.3149 
 546 533 574 556 53 0.3091 
 279 74 309 98 53 0.3074 
 284 391 318 415 53 0.2893 
 602 626 630 650 53 0.2893 
 491 422 515 448 53 0.2878 
 374 463 400 484 53 0.2822 
 537 348 563 375 53 0.2815 
 487 272 513 288 53 0.2815 
 490 379 509 399 53 0.275 
 320 668 342 688 53 0.269 
 95 573 120 595 53 0.2637 
 101 328 128 347 53 0.2502 
