506 315 536 351 53 0.8564 
 549 258 582 289 53 0.8521 
 559 405 593 438 53 0.8428 
 560 46 594 80 53 0.8374 
 52 405 91 439 53 0.8248 
 15 396 51 430 53 0.8242 
 38 151 76 185 53 0.8238 
 195 117 227 146 53 0.8232 
 498 616 532 655 53 0.8232 
 95 214 132 248 53 0.8224 
 88 365 123 398 53 0.8223 
 518 406 559 439 53 0.8214 
 647 387 677 414 53 0.8193 
 442 231 477 256 53 0.8188 
 177 52 208 84 53 0.8145 
 117 298 153 329 53 0.814 
 249 0 283 22 53 0.813 
 306 362 340 401 53 0.8086 
 481 470 513 507 53 0.8077 
 536 244 560 276 53 0.8072 
 292 88 326 118 53 0.8062 
 342 327 381 358 53 0.8038 
 347 19 377 48 53 0.8037 
 124 236 152 265 53 0.8032 
 592 128 628 161 53 0.8018 
 662 483 700 518 53 0.7974 
 301 313 339 344 53 0.797 
 243 139 282 174 53 0.7886 
 431 176 461 207 53 0.7852 
 583 163 619 195 53 0.7842 
 123 535 156 568 53 0.7842 
 470 0 512 30 53 0.7759 
 196 390 229 423 53 0.7759 
 536 553 560 587 53 0.775 
 380 128 411 154 53 0.7744 
 520 188 557 217 53 0.7739 
 481 593 520 625 53 0.771 
 419 340 451 367 53 0.7706 
 639 307 673 339 53 0.769 
 415 73 454 105 53 0.7686 
 92 49 124 76 53 0.7671 
 389 153 416 183 53 0.7643 
 391 593 425 623 53 0.7642 
 437 481 475 512 53 0.7583 
 488 174 528 205 53 0.7578 
 41 209 77 237 53 0.7578 
 207 471 242 504 53 0.7574 
 168 158 200 193 53 0.7534 
 627 498 664 528 53 0.7534 
 277 132 301 159 53 0.7515 
 507 209 540 241 53 0.7476 
 417 531 454 557 53 0.7456 
 635 447 677 480 53 0.7446 
 226 535 262 571 53 0.7438 
 474 74 507 102 53 0.7432 
 635 17 666 43 53 0.7402 
 561 572 595 607 53 0.7393 
 75 155 99 185 53 0.7389 
 264 331 305 361 53 0.7316 
 165 359 200 391 53 0.7241 
 334 258 371 289 53 0.7217 
 352 412 383 439 53 0.7168 
 375 185 400 212 53 0.71 
 143 612 183 645 53 0.709 
 334 213 375 243 53 0.7002 
 636 187 681 223 53 0.6953 
 333 379 353 408 53 0.6943 
 591 62 616 87 53 0.6919 
 144 156 177 186 53 0.6909 
 30 360 59 383 53 0.686 
 661 267 686 294 53 0.686 
 328 119 358 144 53 0.6851 
 380 227 402 263 53 0.6816 
 34 328 56 355 53 0.6755 
 36 10 63 32 53 0.6748 
 172 259 202 283 53 0.6714 
 689 400 703 430 53 0.6655 
 225 285 261 313 53 0.6416 
 431 39 453 66 53 0.6266 
 352 381 383 411 53 0.6226 
 549 118 578 142 53 0.6216 
 541 178 568 206 53 0.6206 
 345 652 385 682 53 0.6177 
 615 0 655 20 53 0.604 
 145 419 162 445 53 0.603 
 453 272 472 299 53 0.6008 
 439 308 466 337 53 0.5972 
 359 674 399 702 53 0.5928 
 3 87 34 114 53 0.5898 
 419 663 456 699 53 0.5874 
 62 84 89 112 53 0.5859 
 309 579 349 612 53 0.5767 
 465 472 488 507 53 0.5698 
 566 80 599 99 53 0.5669 
 352 584 384 620 53 0.5591 
 260 380 291 416 53 0.5547 
 12 387 28 409 53 0.5437 
 686 3 704 29 53 0.5322 
 42 573 81 609 53 0.5269 
 0 48 14 78 53 0.5166 
 265 649 302 678 53 0.4961 
 1 409 17 432 53 0.4912 
 406 570 432 594 53 0.4912 
 199 610 229 641 53 0.4844 
 666 214 701 233 53 0.4756 
 551 332 570 351 53 0.4754 
 3 678 42 703 53 0.4717 
 663 295 703 323 53 0.4551 
 592 626 631 657 53 0.4543 
 674 622 699 653 53 0.4444 
 8 240 39 267 53 0.4407 
 533 433 566 454 53 0.4368 
 489 597 527 648 53 0.4341 
 508 373 540 394 53 0.4312 
 285 82 297 105 53 0.428 
 638 309 658 336 53 0.4263 
 622 2 655 13 53 0.4253 
 676 650 704 682 53 0.4121 
 227 685 263 704 53 0.4065 
 194 676 237 702 53 0.4045 
 673 599 694 623 53 0.3999 
 676 575 702 602 53 0.3943 
 412 64 438 85 53 0.3794 
 520 351 553 374 53 0.363 
 294 0 318 15 53 0.3486 
 351 633 383 656 53 0.3442 
 15 398 94 436 53 0.3225 
 356 553 391 578 53 0.3184 
 622 247 650 277 53 0.3132 
 297 312 369 354 53 0.2966 
 417 249 459 278 53 0.2959 
 419 513 440 532 53 0.2909 
 680 668 700 687 53 0.2766 
 226 624 257 648 53 0.2651 
 354 105 383 126 53 0.2546 
 154 386 173 405 53 0.251 
