85 378 120 409 53 0.836 
 213 60 245 87 53 0.8291 
 554 406 582 435 53 0.8258 
 88 24 112 49 53 0.8248 
 236 467 269 499 53 0.8198 
 52 28 87 57 53 0.8188 
 251 121 284 155 53 0.8164 
 327 352 364 382 53 0.8086 
 0 418 27 448 53 0.8081 
 115 385 142 414 53 0.8058 
 252 338 284 364 53 0.8048 
 145 175 179 204 53 0.8018 
 9 194 49 226 53 0.8013 
 185 217 215 246 53 0.8009 
 207 122 237 152 53 0.7993 
 295 641 331 669 53 0.7993 
 196 470 230 500 53 0.7988 
 165 106 201 137 53 0.797 
 320 441 353 473 53 0.7969 
 226 317 254 344 53 0.7959 
 31 124 59 153 53 0.7936 
 337 117 366 142 53 0.792 
 185 640 221 671 53 0.7832 
 83 230 122 260 53 0.7827 
 586 499 623 531 53 0.7812 
 656 231 688 258 53 0.7798 
 632 369 667 399 53 0.7788 
 630 167 658 193 53 0.7769 
 20 253 54 281 53 0.7725 
 520 509 553 541 53 0.7721 
 491 170 518 201 53 0.7701 
 67 250 102 279 53 0.769 
 282 80 320 111 53 0.7661 
 399 34 436 68 53 0.7656 
 375 153 411 192 53 0.7646 
 570 210 595 241 53 0.7579 
 112 578 149 608 53 0.7544 
 461 121 499 151 53 0.752 
 139 253 174 286 53 0.7515 
 59 117 93 148 53 0.7485 
 21 640 54 666 53 0.7482 
 537 260 565 290 53 0.7456 
 0 97 27 127 53 0.7456 
 19 52 57 83 53 0.7446 
 493 384 521 415 53 0.7438 
 594 291 629 317 53 0.7432 
 47 401 85 440 53 0.7388 
 299 230 332 257 53 0.7373 
 2 391 39 420 53 0.7373 
 409 162 441 193 53 0.7349 
 203 668 231 694 53 0.7247 
 621 658 654 690 53 0.7241 
 245 281 276 310 53 0.7227 
 509 374 539 405 53 0.7217 
 230 290 259 317 53 0.7217 
 195 394 209 420 53 0.7213 
 167 21 196 47 53 0.7178 
 442 462 475 490 53 0.7075 
 21 418 51 452 53 0.7065 
 465 577 499 613 53 0.7031 
 129 675 165 703 53 0.6992 
 395 335 426 361 53 0.6895 
 576 444 607 481 53 0.686 
 653 137 675 162 53 0.6769 
 317 182 342 209 53 0.6755 
 531 175 562 206 53 0.6748 
 94 138 124 167 53 0.6738 
 130 639 163 669 53 0.6733 
 188 615 220 644 53 0.6704 
 307 316 335 341 53 0.6696 
 120 147 145 178 53 0.6689 
 649 594 685 624 53 0.6646 
 438 23 467 48 53 0.6592 
 685 656 704 679 53 0.6548 
 11 120 34 148 53 0.6535 
 104 422 121 442 53 0.6523 
 192 514 217 541 53 0.6504 
 367 324 396 353 53 0.6406 
 346 435 374 467 53 0.6387 
 232 146 261 168 53 0.6323 
 487 538 511 559 53 0.6315 
 561 259 583 288 53 0.6286 
 294 378 321 409 53 0.6247 
 369 445 393 475 53 0.6242 
 182 490 212 520 53 0.6187 
 655 637 684 662 53 0.6113 
 675 680 704 703 53 0.5962 
 609 632 642 662 53 0.5767 
 597 36 619 64 53 0.5581 
 277 498 311 525 53 0.5518 
 563 0 592 15 53 0.5469 
 520 621 554 650 53 0.541 
 360 489 392 521 53 0.5381 
 680 419 704 447 53 0.5312 
 608 578 651 610 53 0.5264 
 631 6 663 32 53 0.5254 
 382 427 404 453 53 0.5205 
 397 635 431 663 53 0.5205 
 582 45 604 70 53 0.5166 
 555 659 592 689 53 0.5156 
 515 408 534 430 53 0.5144 
 685 583 704 607 53 0.5137 
 319 558 350 588 53 0.5098 
 284 665 309 687 53 0.4961 
 620 490 640 512 53 0.4959 
 424 80 441 104 53 0.4873 
 47 188 61 202 53 0.4873 
 438 49 476 81 53 0.4844 
 162 513 180 533 53 0.4773 
 280 631 306 663 53 0.4707 
 423 195 452 222 53 0.4543 
 655 669 685 695 53 0.4543 
 287 273 323 301 53 0.4387 
 283 273 301 298 53 0.4321 
 554 530 593 560 53 0.4111 
 349 278 384 302 53 0.4026 
 2 525 27 552 53 0.3746 
 47 627 81 650 53 0.3621 
 580 40 621 68 53 0.3557 
 520 185 548 208 53 0.3364 
 143 487 156 511 53 0.3363 
 593 198 624 228 53 0.3328 
 461 226 470 249 53 0.3225 
 55 613 87 644 53 0.3184 
 88 121 121 160 53 0.2886 
 468 641 497 667 53 0.2878 
 412 194 431 220 53 0.2815 
 506 641 538 673 53 0.272 
 598 207 618 225 53 0.269 
 612 668 629 689 53 0.2673 
