651 357 679 385 53 0.8248 
 612 386 644 413 53 0.8052 
 446 274 468 297 53 0.7882 
 470 653 490 677 53 0.774 
 413 271 439 300 53 0.7653 
 633 363 654 389 53 0.7579 
 293 3 323 26 53 0.7476 
 477 421 501 445 53 0.7345 
 656 425 682 448 53 0.7341 
 455 489 481 517 53 0.7305 
 619 436 648 456 53 0.7285 
 359 320 382 349 53 0.7213 
 173 55 206 87 53 0.7121 
 483 497 508 524 53 0.7051 
 326 358 347 386 53 0.7047 
 337 210 363 236 53 0.7017 
 679 427 702 451 53 0.7013 
 597 334 622 360 53 0.6992 
 510 16 540 41 53 0.6955 
 396 459 431 482 53 0.6943 
 584 363 605 388 53 0.6916 
 537 541 571 562 53 0.6895 
 370 169 403 193 53 0.6885 
 429 360 456 384 53 0.686 
 546 224 569 243 53 0.6776 
 419 531 443 553 53 0.6763 
 0 572 22 600 53 0.6686 
 315 38 338 61 53 0.6646 
 487 396 517 417 53 0.6621 
 420 586 445 613 53 0.6618 
 289 53 311 75 53 0.6611 
 429 664 453 689 53 0.6369 
 22 0 49 22 53 0.6299 
 574 134 602 160 53 0.625 
 560 612 578 632 53 0.6213 
 168 80 189 105 53 0.6164 
 526 639 556 662 53 0.6162 
 521 623 544 642 53 0.6037 
 362 416 381 432 53 0.5972 
 579 597 600 617 53 0.5896 
 388 563 410 586 53 0.5854 
 174 578 203 604 53 0.5737 
 517 2 549 22 53 0.5688 
 244 234 273 258 53 0.5679 
 513 145 528 169 53 0.5676 
 460 1 488 13 53 0.5659 
 672 42 697 67 53 0.5656 
 339 404 363 424 53 0.5605 
 457 433 474 449 53 0.5598 
 502 469 524 489 53 0.5547 
 589 111 612 137 53 0.5495 
 402 598 422 624 53 0.5486 
 104 307 130 331 53 0.5469 
 401 276 418 293 53 0.54 
 73 105 108 127 53 0.5371 
 149 79 169 108 53 0.5368 
 195 547 227 575 53 0.5322 
 607 341 635 369 53 0.5193 
 646 385 662 406 53 0.5176 
 689 148 703 172 53 0.4971 
 360 0 383 17 53 0.4795 
 178 615 199 638 53 0.4734 
 210 116 235 140 53 0.4707 
 219 565 235 586 53 0.4588 
 214 0 235 12 53 0.457 
 221 351 252 373 53 0.4475 
 626 72 653 95 53 0.4253 
 200 246 229 276 53 0.4072 
 190 112 203 139 53 0.4063 
 88 194 117 222 53 0.4026 
 511 665 548 690 53 0.3877 
 610 77 631 99 53 0.3809 
 229 629 245 647 53 0.3782 
 138 547 163 570 53 0.3757 
 244 503 265 523 53 0.3755 
 209 2 239 17 53 0.373 
 647 77 670 101 53 0.3657 
 189 279 205 296 53 0.3529 
 655 490 679 509 53 0.3486 
 678 239 702 259 53 0.3469 
 669 326 695 343 53 0.3416 
 530 529 544 544 53 0.3407 
 548 401 568 418 53 0.3319 
 104 440 130 460 53 0.3225 
 222 486 250 512 53 0.3184 
 26 445 48 469 53 0.3057 
 533 161 548 179 53 0.2948 
 12 449 29 470 53 0.2923 
 278 366 301 390 53 0.2854 
 306 318 327 336 53 0.2757 
 565 100 592 126 53 0.2712 
 0 539 20 567 53 0.2705 
