405 306 442 336 53 0.8618 
 493 310 524 341 53 0.854 
 291 348 329 382 53 0.8453 
 198 19 234 50 53 0.8428 
 437 328 470 359 53 0.8389 
 387 326 420 356 53 0.8374 
 401 404 425 429 53 0.8214 
 317 140 353 178 53 0.8125 
 207 377 244 413 53 0.811 
 469 25 500 57 53 0.8018 
 329 44 353 72 53 0.7999 
 247 176 284 207 53 0.7847 
 370 385 396 411 53 0.7773 
 353 335 381 365 53 0.7739 
 460 467 491 501 53 0.7725 
 301 48 334 77 53 0.7646 
 537 451 571 485 53 0.7598 
 578 56 606 83 53 0.7568 
 547 19 576 46 53 0.7534 
 559 308 594 334 53 0.7402 
 579 211 609 236 53 0.7393 
 37 67 66 94 53 0.7369 
 189 406 224 439 53 0.7355 
 551 342 581 371 53 0.7334 
 532 500 565 530 53 0.728 
 362 51 382 77 53 0.7125 
 412 374 434 399 53 0.7031 
 329 409 362 440 53 0.6851 
 691 97 702 125 53 0.6745 
 256 363 288 393 53 0.6701 
 188 63 214 88 53 0.6582 
 553 418 579 441 53 0.6574 
 0 452 22 471 53 0.6372 
 526 190 556 216 53 0.627 
 161 4 187 25 53 0.5817 
 418 1 432 21 53 0.5764 
 316 21 341 48 53 0.5747 
 438 358 469 389 53 0.5581 
 566 495 584 521 53 0.5527 
 97 324 131 352 53 0.5322 
 548 205 573 225 53 0.5303 
 24 487 59 528 53 0.4805 
 603 208 622 234 53 0.4783 
 0 77 20 108 53 0.4524 
 507 514 543 547 53 0.4475 
 533 370 558 391 53 0.4243 
 173 434 195 456 53 0.4082 
 163 452 191 479 53 0.4072 
 243 385 272 410 53 0.3923 
 226 405 254 428 53 0.3711 
 367 573 404 600 53 0.2759 
 555 320 589 368 53 0.2651 
