636 436 674 465 53 0.8384 
 544 488 580 519 53 0.8355 
 477 46 504 77 53 0.8291 
 556 369 588 401 53 0.8276 
 526 202 561 232 53 0.8258 
 531 519 566 550 53 0.8238 
 566 77 591 110 53 0.8233 
 501 109 536 139 53 0.8228 
 259 491 296 521 53 0.8189 
 105 250 139 278 53 0.8165 
 517 428 551 457 53 0.8165 
 577 209 614 245 53 0.8164 
 353 26 385 62 53 0.8154 
 639 68 671 94 53 0.8154 
 85 2 122 32 53 0.8154 
 36 495 72 528 53 0.8111 
 87 338 123 366 53 0.8076 
 546 15 578 47 53 0.8052 
 455 103 488 129 53 0.8032 
 292 529 323 559 53 0.8027 
 230 49 260 76 53 0.8018 
 646 91 681 121 53 0.7983 
 596 100 621 129 53 0.7959 
 532 91 563 122 53 0.793 
 133 256 171 284 53 0.7887 
 668 232 701 260 53 0.7881 
 202 0 237 23 53 0.7866 
 500 370 531 402 53 0.7843 
 114 491 149 521 53 0.7842 
 389 60 423 91 53 0.7828 
 513 497 541 527 53 0.7827 
 154 49 194 79 53 0.7773 
 662 294 691 324 53 0.7769 
 619 250 652 280 53 0.7765 
 134 72 166 95 53 0.7744 
 111 51 148 74 53 0.7744 
 18 629 58 662 53 0.7744 
 630 296 662 328 53 0.7734 
 462 404 485 433 53 0.7687 
 161 187 198 216 53 0.7686 
 522 456 555 486 53 0.7671 
 574 56 610 80 53 0.7642 
 413 345 444 374 53 0.7623 
 557 539 581 567 53 0.7623 
 240 444 267 476 53 0.7618 
 534 347 565 378 53 0.7578 
 445 0 464 22 53 0.7576 
 326 370 364 405 53 0.7568 
 97 175 126 203 53 0.7549 
 269 522 300 556 53 0.7549 
 422 636 456 671 53 0.7549 
 501 81 527 112 53 0.7516 
 537 283 574 311 53 0.7441 
 431 378 469 407 53 0.7441 
 361 57 391 84 53 0.7422 
 573 243 609 270 53 0.7417 
 482 400 518 431 53 0.7413 
 359 670 392 702 53 0.7393 
 611 335 644 366 53 0.7378 
 136 326 159 352 53 0.7355 
 560 336 591 371 53 0.7335 
 440 513 474 543 53 0.7295 
 428 117 464 143 53 0.7285 
 155 361 186 389 53 0.7271 
 616 95 645 122 53 0.7267 
 645 327 678 354 53 0.7241 
 219 472 256 507 53 0.7227 
 581 571 618 601 53 0.7223 
 417 102 436 126 53 0.7213 
 397 650 437 690 53 0.7188 
 595 260 623 287 53 0.708 
 195 590 236 625 53 0.7077 
 504 302 527 331 53 0.7072 
 246 588 278 622 53 0.7038 
 505 342 535 368 53 0.7026 
 188 17 217 42 53 0.7017 
 265 602 299 632 53 0.6992 
 478 366 503 395 53 0.6989 
 275 469 310 499 53 0.6968 
 557 430 591 460 53 0.6909 
 4 438 39 468 53 0.6909 
 328 664 360 694 53 0.6895 
 256 359 291 389 53 0.6836 
 631 190 664 214 53 0.6802 
 565 112 593 137 53 0.6758 
 354 651 384 676 53 0.6704 
 607 398 635 426 53 0.6646 
 307 79 340 114 53 0.6633 
 648 613 676 638 53 0.6574 
 580 394 607 423 53 0.6523 
 295 664 325 691 53 0.6523 
 428 565 462 590 53 0.6479 
 19 564 44 589 53 0.645 
 118 1 153 17 53 0.644 
 35 0 68 20 53 0.6396 
 0 546 28 581 53 0.6369 
 599 555 631 581 53 0.6362 
 643 509 674 539 53 0.6235 
 148 315 179 342 53 0.603 
 376 506 401 542 53 0.6021 
 691 416 703 444 53 0.6021 
 646 646 676 672 53 0.5991 
 680 323 703 351 53 0.5969 
 308 398 346 427 53 0.5918 
 661 31 689 61 53 0.582 
 356 627 382 654 53 0.5776 
 154 1 189 23 53 0.5767 
 359 150 383 173 53 0.5737 
 113 117 138 141 53 0.5725 
 657 534 687 563 53 0.5718 
 180 673 212 695 53 0.5718 
 442 545 481 567 53 0.5669 
 342 531 377 556 53 0.564 
 579 130 598 151 53 0.5569 
 310 321 346 351 53 0.5566 
 530 26 550 53 53 0.5557 
 626 1 653 30 53 0.5479 
 530 386 560 417 53 0.5439 
 685 297 704 330 53 0.5408 
 495 300 519 328 53 0.532 
 391 505 424 535 53 0.5283 
 413 543 436 575 53 0.5254 
 675 4 703 29 53 0.5146 
 579 309 614 333 53 0.5127 
 538 326 558 348 53 0.5085 
 137 189 158 207 53 0.4668 
 634 659 657 685 53 0.4619 
 591 75 631 101 53 0.459 
 526 180 542 204 53 0.4473 
 135 206 174 235 53 0.4446 
 426 507 446 536 53 0.4436 
 522 406 547 429 53 0.4185 
 613 514 638 542 53 0.4158 
 318 95 342 116 53 0.4065 
 631 30 657 56 53 0.3904 
 242 493 264 516 53 0.3875 
 437 276 462 305 53 0.3857 
 198 360 213 379 53 0.3838 
 163 3 198 28 53 0.3831 
 390 378 404 402 53 0.3829 
 646 672 670 697 53 0.3657 
 693 360 703 378 53 0.3621 
 409 155 430 173 53 0.3565 
 618 495 636 515 53 0.3496 
 382 44 409 66 53 0.3459 
 589 558 629 595 53 0.3364 
 691 681 703 704 53 0.3345 
 633 167 653 185 53 0.3328 
 470 310 498 335 53 0.332 
 623 635 653 662 53 0.3259 
 579 317 612 351 53 0.3201 
 452 254 480 284 53 0.3184 
 401 640 456 682 53 0.3167 
 476 349 492 369 53 0.3157 
 180 7 205 30 53 0.314 
 218 279 250 309 53 0.3132 
 626 380 656 409 53 0.3081 
 446 400 468 422 53 0.3066 
 550 253 577 280 53 0.3066 
 402 380 425 407 53 0.3015 
 10 330 32 360 53 0.2903 
 685 22 704 46 53 0.2878 
 286 62 318 87 53 0.2854 
 529 310 548 334 53 0.2605 
 233 481 265 516 53 0.2598 
