15 115 39 143 53 0.8463 
 78 106 104 130 53 0.8267 
 50 276 76 303 53 0.8267 
 158 53 184 81 53 0.8248 
 116 244 148 271 53 0.8184 
 385 427 421 459 53 0.814 
 552 206 585 233 53 0.813 
 33 18 65 46 53 0.811 
 0 273 23 303 53 0.8048 
 20 281 49 307 53 0.7921 
 609 238 632 268 53 0.7843 
 557 105 589 132 53 0.7827 
 491 145 523 174 53 0.7827 
 357 55 384 81 53 0.7818 
 36 324 70 349 53 0.7778 
 471 441 498 468 53 0.7773 
 556 179 585 204 53 0.7769 
 359 210 387 242 53 0.7765 
 643 180 674 207 53 0.7695 
 531 409 563 440 53 0.7695 
 373 70 409 98 53 0.7646 
 667 4 694 33 53 0.7583 
 435 130 463 159 53 0.7534 
 577 269 602 297 53 0.7526 
 391 177 426 206 53 0.752 
 147 207 172 234 53 0.7493 
 549 354 581 386 53 0.7485 
 555 69 579 97 53 0.7424 
 92 306 123 332 53 0.7358 
 460 0 497 20 53 0.7358 
 636 57 662 85 53 0.7319 
 562 261 587 290 53 0.7316 
 26 1 48 22 53 0.7249 
 118 451 149 476 53 0.7227 
 413 141 434 167 53 0.7208 
 308 478 346 508 53 0.7192 
 582 346 620 380 53 0.7168 
 684 296 704 321 53 0.7145 
 544 328 576 355 53 0.6953 
 658 144 683 170 53 0.6937 
 561 455 586 482 53 0.6906 
 1 85 19 105 53 0.6872 
 103 125 126 151 53 0.6857 
 449 246 485 277 53 0.6792 
 291 46 318 77 53 0.6748 
 255 659 289 691 53 0.6738 
 326 110 351 134 53 0.6689 
 676 582 704 612 53 0.6665 
 184 2 216 24 53 0.6655 
 588 60 606 80 53 0.6652 
 2 25 24 50 53 0.6579 
 639 283 666 308 53 0.6554 
 23 100 50 118 53 0.644 
 260 529 296 557 53 0.6406 
 693 322 702 348 53 0.6403 
 447 148 471 171 53 0.6289 
 34 173 67 198 53 0.6245 
 211 653 240 675 53 0.6245 
 10 255 32 277 53 0.6037 
 627 233 652 260 53 0.603 
 562 24 589 47 53 0.5981 
 58 3 75 22 53 0.5969 
 229 635 259 661 53 0.5928 
 2 250 13 272 53 0.5889 
 172 191 198 213 53 0.584 
 584 79 607 96 53 0.583 
 118 356 144 377 53 0.583 
 327 171 359 196 53 0.5708 
 251 99 284 127 53 0.563 
 187 51 213 78 53 0.5591 
 250 444 281 472 53 0.5571 
 242 608 270 635 53 0.5547 
 464 147 489 178 53 0.5488 
 659 388 689 415 53 0.543 
 331 437 353 463 53 0.531 
 103 76 126 98 53 0.5273 
 606 458 634 479 53 0.5163 
 291 433 323 466 53 0.5107 
 439 60 463 80 53 0.5078 
 566 558 596 588 53 0.5068 
 612 109 642 134 53 0.5049 
 114 285 132 306 53 0.4763 
 468 58 496 87 53 0.4697 
 121 126 143 150 53 0.4678 
 452 275 471 299 53 0.4666 
 126 354 152 382 53 0.4658 
 338 617 370 648 53 0.4658 
 604 479 636 507 53 0.4648 
 581 95 603 120 53 0.4619 
 358 92 372 115 53 0.4578 
 624 362 648 388 53 0.4512 
 590 74 616 94 53 0.4426 
 93 70 121 96 53 0.4397 
 619 204 652 227 53 0.4351 
 598 132 635 161 53 0.4331 
 564 6 580 25 53 0.4251 
 308 557 336 587 53 0.4233 
 380 280 390 298 53 0.4158 
 208 618 236 645 53 0.4141 
 295 248 327 279 53 0.4131 
 507 549 539 581 53 0.3989 
 20 244 55 270 53 0.384 
 349 536 385 561 53 0.3794 
 606 357 625 382 53 0.3757 
 290 111 312 138 53 0.3748 
 691 11 703 37 53 0.3673 
 556 6 583 30 53 0.3477 
 7 96 46 117 53 0.3425 
 279 610 303 634 53 0.3372 
 330 25 349 46 53 0.337 
 619 54 635 79 53 0.3364 
 497 169 521 190 53 0.3337 
 76 176 101 197 53 0.3328 
 454 144 479 176 53 0.3218 
 143 46 159 69 53 0.3106 
 640 403 662 422 53 0.3025 
 90 94 110 110 53 0.2991 
 215 509 249 536 53 0.2966 
 452 181 462 203 53 0.2847 
 525 406 553 433 53 0.2805 
 554 183 588 223 53 0.2783 
 437 275 459 300 53 0.2727 
 523 314 537 337 53 0.2727 
 191 557 232 584 53 0.2673 
 558 400 573 416 53 0.2672 
 267 110 286 138 53 0.2659 
