153 10 181 38 53 0.8472 
 534 209 564 241 53 0.8413 
 349 268 377 299 53 0.8345 
 593 467 629 498 53 0.8296 
 275 347 312 375 53 0.8267 
 128 25 161 55 53 0.8262 
 48 148 80 175 53 0.8223 
 655 257 689 288 53 0.8193 
 447 430 481 461 53 0.814 
 89 73 126 101 53 0.8105 
 381 460 421 490 53 0.8048 
 530 531 561 562 53 0.8032 
 405 547 444 579 53 0.7944 
 181 71 217 105 53 0.7901 
 660 376 697 405 53 0.7897 
 252 194 285 226 53 0.7891 
 254 109 289 142 53 0.7881 
 605 294 634 320 53 0.7852 
 1 372 30 404 53 0.7852 
 663 406 694 433 53 0.7852 
 468 389 500 419 53 0.7842 
 552 383 582 410 53 0.7827 
 570 457 596 481 53 0.7798 
 164 223 199 252 53 0.7793 
 181 483 218 517 53 0.7793 
 421 47 460 79 53 0.7788 
 228 413 261 448 53 0.7759 
 300 308 333 335 53 0.7734 
 377 498 407 524 53 0.7656 
 546 241 582 269 53 0.7646 
 46 407 78 433 53 0.7646 
 83 453 102 483 53 0.7643 
 135 346 167 372 53 0.7637 
 485 303 507 324 53 0.7622 
 283 532 319 561 53 0.7607 
 114 131 151 161 53 0.7598 
 176 11 205 38 53 0.7568 
 220 53 238 81 53 0.7516 
 600 224 631 252 53 0.7515 
 517 229 544 256 53 0.75 
 198 250 230 276 53 0.7476 
 629 230 655 258 53 0.7467 
 395 269 423 293 53 0.7407 
 474 346 505 372 53 0.7305 
 237 276 267 303 53 0.7266 
 240 528 276 558 53 0.7212 
 70 178 92 205 53 0.7145 
 646 523 681 554 53 0.7104 
 205 327 229 356 53 0.7075 
 334 355 359 379 53 0.7051 
 38 439 73 471 53 0.7026 
 455 297 484 324 53 0.7017 
 184 317 211 350 53 0.7007 
 402 243 431 269 53 0.6968 
 341 472 370 500 53 0.6929 
 336 242 363 265 53 0.6885 
 540 303 571 329 53 0.6851 
 191 428 212 455 53 0.6813 
 648 151 683 171 53 0.6807 
 647 30 680 52 53 0.6772 
 28 127 55 158 53 0.6768 
 323 495 354 519 53 0.6768 
 455 69 487 93 53 0.6738 
 191 271 215 295 53 0.668 
 130 227 160 252 53 0.6655 
 535 90 565 113 53 0.6646 
 476 546 506 572 53 0.6646 
 561 23 585 49 53 0.6564 
 430 345 456 367 53 0.6548 
 134 464 177 495 53 0.6548 
 302 0 325 27 53 0.6523 
 6 294 31 316 53 0.6523 
 118 25 134 49 53 0.6498 
 335 201 367 230 53 0.6489 
 120 115 149 133 53 0.6479 
 419 361 450 383 53 0.6416 
 262 266 286 290 53 0.6309 
 621 148 642 176 53 0.6299 
 53 357 78 375 53 0.6299 
 221 293 249 322 53 0.6289 
 47 224 71 247 53 0.6286 
 1 194 24 214 53 0.6279 
 678 64 703 92 53 0.626 
 513 210 538 237 53 0.626 
 364 331 389 353 53 0.6196 
 373 640 402 671 53 0.6133 
 686 254 704 282 53 0.6078 
 37 77 62 91 53 0.606 
 119 300 150 326 53 0.605 
 1 408 24 431 53 0.5981 
 155 301 178 321 53 0.5969 
 320 373 341 393 53 0.5969 
 560 430 590 456 53 0.5962 
 287 113 322 147 53 0.5928 
 49 658 77 689 53 0.5925 
 421 81 446 107 53 0.5806 
 101 108 124 126 53 0.5796 
 199 526 232 557 53 0.5776 
 483 459 512 488 53 0.5757 
 116 481 145 509 53 0.561 
 210 439 227 457 53 0.5588 
 157 536 196 566 53 0.5488 
 502 478 525 500 53 0.5456 
 595 545 622 567 53 0.5456 
 594 124 634 145 53 0.541 
 247 377 275 402 53 0.5371 
 580 166 608 187 53 0.5352 
 502 143 535 171 53 0.5352 
 204 224 216 241 53 0.5225 
 72 384 87 397 53 0.5176 
 571 77 593 99 53 0.5163 
 517 571 555 598 53 0.5117 
 547 162 576 195 53 0.5107 
 455 357 478 381 53 0.5049 
 302 422 329 449 53 0.5029 
 141 53 160 72 53 0.4998 
 679 285 702 311 53 0.4961 
 651 486 673 513 53 0.4822 
 9 398 44 432 53 0.4805 
 109 49 129 76 53 0.4746 
 369 484 392 505 53 0.4627 
 54 339 77 357 53 0.4609 
 318 7 344 37 53 0.457 
 91 166 111 188 53 0.4502 
 691 393 701 412 53 0.4485 
 265 17 286 39 53 0.4366 
 67 653 92 679 53 0.4331 
 476 441 493 466 53 0.428 
 388 228 408 249 53 0.4241 
 35 300 56 317 53 0.41 
 112 195 129 212 53 0.3999 
 284 243 297 263 53 0.3896 
 692 2 702 22 53 0.3867 
 515 209 552 246 53 0.3831 
 417 640 443 671 53 0.3784 
 71 678 100 701 53 0.3784 
 219 160 247 184 53 0.3738 
 481 269 499 284 53 0.3667 
 641 389 664 409 53 0.3667 
 580 419 604 447 53 0.3638 
 444 492 470 520 53 0.3594 
 379 132 420 163 53 0.3562 
 265 456 300 480 53 0.355 
 47 516 87 545 53 0.3452 
 311 401 335 421 53 0.3425 
 195 224 221 240 53 0.3408 
 694 398 703 422 53 0.337 
 0 565 19 593 53 0.3337 
 674 118 703 140 53 0.3293 
 258 430 286 451 53 0.3242 
 18 564 49 591 53 0.3242 
 396 638 422 666 53 0.3235 
 216 8 231 24 53 0.3208 
 514 622 542 650 53 0.3132 
 673 511 697 529 53 0.3032 
 179 603 212 632 53 0.2998 
 499 86 520 107 53 0.2966 
 409 56 423 77 53 0.2959 
 290 399 309 421 53 0.2959 
 14 391 44 417 53 0.2949 
 65 575 84 595 53 0.2942 
 398 215 411 230 53 0.2893 
 194 433 231 456 53 0.2878 
 53 342 79 368 53 0.2766 
 393 212 414 239 53 0.272 
 245 663 284 684 53 0.272 
 261 689 289 704 53 0.2698 
 108 151 120 169 53 0.269 
 204 681 233 704 53 0.2673 
 134 35 163 70 53 0.2629 
 634 148 652 171 53 0.259 
 518 30 533 48 53 0.2552 
 352 554 388 580 53 0.2546 
