340 146 367 174 53 0.79 
 301 562 325 585 53 0.7701 
 478 380 501 408 53 0.7457 
 210 0 242 27 53 0.7163 
 0 212 19 239 53 0.673 
 365 305 395 332 53 0.6676 
 346 661 377 686 53 0.6592 
 390 292 424 321 53 0.6577 
 475 252 502 279 53 0.6494 
 329 668 347 691 53 0.6491 
 230 672 258 695 53 0.6333 
 31 82 59 107 53 0.6257 
 313 436 335 455 53 0.6021 
 247 18 275 40 53 0.5998 
 228 307 253 332 53 0.5876 
 353 27 390 57 53 0.5859 
 447 1 480 16 53 0.584 
 527 266 556 289 53 0.5608 
 446 263 470 289 53 0.5417 
 12 16 40 41 53 0.5303 
 12 673 43 695 53 0.5166 
 244 544 269 568 53 0.499 
 288 621 314 648 53 0.4949 
 521 500 546 520 53 0.489 
 536 134 562 154 53 0.4766 
 651 136 685 160 53 0.4766 
 0 430 9 458 53 0.4744 
 404 508 434 531 53 0.46 
 332 134 349 159 53 0.4453 
 373 511 393 534 53 0.4187 
 316 546 337 565 53 0.4165 
 552 491 578 513 53 0.41 
 691 408 703 432 53 0.4065 
 653 400 680 423 53 0.4065 
 10 505 42 529 53 0.395 
 627 495 647 515 53 0.3931 
 6 636 35 662 53 0.3821 
 567 371 590 392 53 0.3811 
 685 383 702 402 53 0.3692 
 230 279 258 305 53 0.3577 
 281 389 305 408 53 0.3494 
 66 530 91 554 53 0.3408 
 321 110 349 134 53 0.3015 
 427 205 444 224 53 0.2901 
 604 376 623 395 53 0.2867 
 509 122 541 146 53 0.2744 
 410 100 434 131 53 0.2705 
 430 512 444 534 53 0.2538 
