626 212 659 242 53 0.8481 
 657 500 687 529 53 0.8438 
 507 339 541 369 53 0.8428 
 389 396 426 426 53 0.8424 
 475 144 506 171 53 0.8374 
 451 369 483 402 53 0.8354 
 315 390 349 416 53 0.832 
 547 60 581 86 53 0.8301 
 516 560 553 591 53 0.8232 
 153 149 184 176 53 0.8198 
 0 326 17 348 53 0.8198 
 603 326 631 353 53 0.8154 
 400 500 432 528 53 0.8101 
 613 585 641 616 53 0.8097 
 271 74 305 103 53 0.8066 
 99 251 131 276 53 0.8057 
 0 198 21 223 53 0.8033 
 44 416 76 437 53 0.8032 
 435 143 469 170 53 0.8018 
 272 184 309 218 53 0.8018 
 57 254 84 276 53 0.7993 
 322 447 356 479 53 0.7988 
 12 309 43 340 53 0.7983 
 543 33 570 67 53 0.797 
 297 246 326 273 53 0.7969 
 530 0 562 23 53 0.792 
 172 500 205 532 53 0.7905 
 505 9 537 38 53 0.7891 
 592 211 625 239 53 0.7891 
 186 369 217 405 53 0.7891 
 499 142 516 173 53 0.7882 
 380 588 411 617 53 0.7881 
 263 445 298 480 53 0.7822 
 488 251 509 276 53 0.777 
 631 79 663 108 53 0.777 
 328 376 359 403 53 0.7682 
 378 430 403 457 53 0.7629 
 341 358 365 387 53 0.7623 
 171 369 186 401 53 0.7607 
 212 347 240 373 53 0.7607 
 554 259 584 286 53 0.7593 
 368 641 399 672 53 0.7578 
 226 298 266 328 53 0.7563 
 616 488 645 511 53 0.7549 
 250 63 278 94 53 0.7545 
 75 532 100 563 53 0.7516 
 258 8 290 34 53 0.7485 
 614 98 656 132 53 0.7456 
 151 501 173 531 53 0.7438 
 340 320 370 351 53 0.7432 
 0 433 21 457 53 0.7358 
 395 657 420 683 53 0.7334 
 489 575 515 602 53 0.7295 
 658 115 691 151 53 0.7285 
 25 429 50 451 53 0.728 
 135 499 156 523 53 0.7251 
 555 284 590 314 53 0.7241 
 522 443 556 467 53 0.7241 
 419 640 445 664 53 0.7184 
 27 635 63 665 53 0.7178 
 96 593 133 625 53 0.7178 
 82 466 111 499 53 0.7168 
 438 619 471 651 53 0.7164 
 216 527 254 560 53 0.7139 
 623 342 659 371 53 0.708 
 404 680 428 699 53 0.7031 
 188 576 223 606 53 0.6992 
 221 4 248 29 53 0.6964 
 593 566 623 588 53 0.6934 
 5 581 31 605 53 0.6891 
 365 419 381 445 53 0.6872 
 415 420 439 442 53 0.6867 
 547 208 558 230 53 0.6857 
 163 629 194 658 53 0.6841 
 625 253 653 276 53 0.6836 
 97 429 120 444 53 0.6807 
 45 364 71 381 53 0.6802 
 660 276 684 299 53 0.6758 
 7 409 33 439 53 0.6733 
 500 528 532 557 53 0.673 
 180 156 196 180 53 0.6623 
 670 17 697 49 53 0.6592 
 94 274 118 291 53 0.6574 
 510 585 532 605 53 0.6489 
 22 68 45 86 53 0.6387 
 685 40 704 62 53 0.632 
 692 591 702 619 53 0.6315 
 650 317 685 349 53 0.6279 
 167 314 190 341 53 0.6245 
 11 461 31 484 53 0.6226 
 553 375 579 400 53 0.6167 
 254 530 285 556 53 0.611 
 3 307 19 326 53 0.6027 
 31 406 54 434 53 0.6008 
 317 476 337 499 53 0.5991 
 249 552 269 574 53 0.5954 
 672 307 698 336 53 0.5938 
 267 424 291 444 53 0.5886 
 246 185 269 207 53 0.5866 
 692 159 703 184 53 0.5708 
 667 145 700 165 53 0.561 
 578 194 609 221 53 0.561 
 587 303 616 322 53 0.5527 
 529 388 560 416 53 0.5479 
 220 565 249 587 53 0.5371 
 604 266 630 284 53 0.5312 
 0 225 24 242 53 0.5264 
 162 425 186 445 53 0.5251 
 504 125 518 143 53 0.5127 
 325 629 361 655 53 0.4902 
 107 641 134 666 53 0.4851 
 50 136 74 162 53 0.4812 
 372 263 389 281 53 0.4802 
 688 199 703 229 53 0.4785 
 482 123 503 145 53 0.4627 
 620 83 661 124 53 0.4604 
 292 448 307 473 53 0.4522 
 139 393 166 414 53 0.4456 
 174 680 210 703 53 0.4407 
 621 13 658 39 53 0.4358 
 115 161 140 188 53 0.4292 
 511 659 526 679 53 0.4175 
 32 394 52 415 53 0.4131 
 259 314 282 342 53 0.4121 
 218 383 238 406 53 0.409 
 229 658 251 686 53 0.4082 
 42 463 62 481 53 0.4004 
 110 543 128 572 53 0.3804 
 577 626 606 654 53 0.3774 
 277 0 299 21 53 0.3721 
 685 65 704 98 53 0.3721 
 688 156 704 183 53 0.3604 
 160 154 198 180 53 0.3584 
 392 512 407 532 53 0.353 
 373 402 394 424 53 0.3523 
 231 153 252 169 53 0.3459 
 84 548 101 571 53 0.3225 
 93 258 126 288 53 0.3115 
 690 59 702 89 53 0.3074 
 634 149 652 175 53 0.3025 
 212 444 229 466 53 0.2997 
 167 580 186 602 53 0.2991 
 309 666 334 690 53 0.2959 
 643 487 658 506 53 0.2925 
 256 0 286 15 53 0.2925 
 601 269 628 304 53 0.2903 
 33 400 49 424 53 0.2869 
 3 429 44 454 53 0.2861 
 510 574 546 607 53 0.2776 
 253 0 291 26 53 0.2681 
 226 381 240 400 53 0.2612 
 144 579 169 598 53 0.2554 
 430 490 447 513 53 0.2524 
 53 685 85 703 53 0.2524 
 131 557 153 572 53 0.2523 
