371 266 419 319 53 0.8862 
 111 41 166 86 53 0.8677 
 334 220 385 274 53 0.854 
 0 63 49 115 53 0.8501 
 512 57 566 108 53 0.8467 
 464 289 511 335 53 0.8286 
 513 190 564 232 53 0.8267 
 228 205 282 260 53 0.8267 
 509 288 554 327 53 0.8242 
 223 62 259 109 53 0.8208 
 364 423 415 477 53 0.8174 
 120 542 162 586 53 0.8145 
 161 148 210 191 53 0.8125 
 415 124 473 181 53 0.8115 
 419 459 467 505 53 0.8101 
 471 349 522 402 53 0.8003 
 258 38 309 84 53 0.7964 
 189 4 245 60 53 0.7832 
 492 431 535 479 53 0.7773 
 207 321 251 359 53 0.7769 
 38 74 86 126 53 0.7739 
 449 577 504 626 53 0.7725 
 422 361 464 401 53 0.7646 
 187 255 240 298 53 0.7622 
 218 642 266 693 53 0.7612 
 334 563 385 613 53 0.7593 
 222 541 270 586 53 0.7578 
 584 478 637 525 53 0.7568 
 200 486 230 526 53 0.749 
 250 173 292 212 53 0.7456 
 398 491 439 533 53 0.7456 
 381 0 425 29 53 0.7417 
 548 530 592 574 53 0.7378 
 220 490 252 527 53 0.7373 
 376 652 418 701 53 0.7373 
 284 602 327 646 53 0.7349 
 311 241 338 269 53 0.7324 
 133 469 176 505 53 0.7295 
 469 502 519 546 53 0.7241 
 250 70 282 107 53 0.7217 
 310 318 365 361 53 0.7061 
 283 456 325 500 53 0.6938 
 458 662 510 704 53 0.688 
 471 212 518 260 53 0.6875 
 0 523 37 561 53 0.6875 
 450 10 503 56 53 0.6772 
 322 0 373 22 53 0.6714 
 142 590 188 638 53 0.6694 
 309 501 356 546 53 0.667 
 659 313 704 352 53 0.6187 
 586 355 627 395 53 0.5913 
 666 479 704 524 53 0.5913 
 596 580 648 624 53 0.5596 
 124 412 159 437 53 0.5254 
 185 685 238 704 53 0.5234 
 602 496 644 533 53 0.5117 
 294 678 335 704 53 0.499 
 121 1 168 16 53 0.4648 
 196 325 223 356 53 0.4302 
 353 396 378 426 53 0.4292 
 296 298 330 323 53 0.2893 
 449 579 473 625 53 0.2861 
 409 358 446 400 53 0.2805 
 69 4 98 34 53 0.2783 
 151 475 184 506 53 0.2554 
