520 282 553 307 53 0.8311 
 631 222 659 248 53 0.8038 
 563 396 594 422 53 0.792 
 594 452 625 479 53 0.7891 
 520 182 550 210 53 0.7861 
 308 430 333 455 53 0.7843 
 439 407 466 434 53 0.7827 
 568 209 600 237 53 0.7769 
 575 358 605 385 53 0.771 
 507 163 536 192 53 0.7667 
 492 262 524 289 53 0.7642 
 259 401 288 427 53 0.7568 
 99 79 129 110 53 0.7559 
 603 202 636 230 53 0.7505 
 574 445 600 468 53 0.7467 
 310 340 335 361 53 0.7438 
 524 491 554 521 53 0.7295 
 583 420 613 446 53 0.7217 
 83 193 115 224 53 0.7212 
 354 165 393 194 53 0.7104 
 480 344 508 371 53 0.708 
 293 145 325 176 53 0.7031 
 251 60 282 91 53 0.7017 
 373 430 401 458 53 0.6968 
 466 417 491 442 53 0.695 
 518 380 546 403 53 0.6943 
 611 600 641 630 53 0.6919 
 474 205 507 231 53 0.6899 
 438 381 468 408 53 0.6895 
 634 642 664 669 53 0.6807 
 298 470 324 491 53 0.6782 
 464 68 498 95 53 0.6533 
 222 12 246 35 53 0.653 
 555 0 593 17 53 0.6479 
 622 247 648 271 53 0.6447 
 667 652 696 682 53 0.6437 
 485 397 513 418 53 0.6406 
 407 220 429 240 53 0.6349 
 642 514 664 540 53 0.6315 
 322 234 351 255 53 0.6299 
 78 37 99 64 53 0.6286 
 480 299 510 322 53 0.6216 
 59 95 87 121 53 0.6206 
 685 551 703 580 53 0.6091 
 611 237 634 263 53 0.6081 
 530 101 560 124 53 0.606 
 191 324 224 351 53 0.606 
 542 2 560 19 53 0.6021 
 580 635 613 665 53 0.6021 
 204 91 230 115 53 0.6008 
 468 507 497 531 53 0.6008 
 694 191 701 219 53 0.5969 
 396 171 425 200 53 0.5918 
 667 460 691 491 53 0.583 
 341 224 367 245 53 0.5757 
 637 46 660 72 53 0.563 
 660 574 689 594 53 0.5527 
 589 293 619 315 53 0.5498 
 486 15 521 46 53 0.5449 
 552 261 573 287 53 0.5368 
 284 278 311 302 53 0.5352 
 331 205 348 233 53 0.532 
 504 352 526 382 53 0.53 
 287 17 309 40 53 0.5193 
 400 489 426 509 53 0.5154 
 416 193 442 216 53 0.5144 
 594 134 628 159 53 0.502 
 213 304 236 330 53 0.4978 
 193 436 224 459 53 0.4941 
 535 260 556 284 53 0.4746 
 440 516 470 539 53 0.4495 
 542 604 570 633 53 0.4204 
 459 653 483 678 53 0.4109 
 501 327 529 344 53 0.4072 
 449 174 474 200 53 0.3968 
 248 165 276 187 53 0.3774 
 688 191 704 217 53 0.3647 
 200 547 236 572 53 0.3416 
 555 53 590 75 53 0.3276 
 574 203 634 236 53 0.3237 
 375 31 411 57 53 0.3225 
 221 429 244 452 53 0.3115 
 625 77 646 98 53 0.2805 
 156 249 181 270 53 0.2798 
 356 131 388 154 53 0.2798 
 593 55 626 79 53 0.2791 
 696 220 702 240 53 0.2744 
 491 623 515 649 53 0.2643 
 108 407 140 432 53 0.259 
