468 266 498 293 53 0.8267 
 403 261 429 285 53 0.8121 
 448 353 470 377 53 0.7882 
 410 183 437 211 53 0.7867 
 350 306 374 334 53 0.7789 
 530 228 563 251 53 0.7563 
 287 148 312 173 53 0.7505 
 488 143 512 168 53 0.7384 
 385 332 405 355 53 0.7369 
 406 332 434 354 53 0.7319 
 584 494 613 520 53 0.7256 
 369 224 397 251 53 0.7148 
 608 530 637 557 53 0.7148 
 322 343 345 366 53 0.7077 
 475 12 501 38 53 0.667 
 200 82 229 109 53 0.6533 
 548 209 575 232 53 0.6523 
 372 68 400 96 53 0.5105 
 438 440 459 460 53 0.5078 
 0 112 13 138 53 0.5059 
 209 235 228 254 53 0.4949 
 324 196 352 219 53 0.4932 
 280 252 305 274 53 0.4814 
 272 385 292 407 53 0.4793 
 10 372 34 392 53 0.4678 
 0 201 18 225 53 0.4675 
 665 284 688 308 53 0.4609 
 128 0 157 24 53 0.4148 
 593 259 618 282 53 0.3999 
 614 437 628 453 53 0.3987 
 305 75 327 98 53 0.3477 
 350 57 384 80 53 0.3337 
 94 312 116 333 53 0.3276 
 493 452 511 470 53 0.3233 
 390 2 411 19 53 0.3218 
 218 287 235 307 53 0.304 
 324 70 352 93 53 0.304 
 207 377 227 399 53 0.2847 
 563 583 595 606 53 0.2705 
