590 379 627 415 53 0.8662 
 218 190 248 217 53 0.8579 
 90 281 123 308 53 0.853 
 628 241 664 273 53 0.8486 
 537 245 561 280 53 0.8482 
 125 516 161 546 53 0.8389 
 497 133 531 167 53 0.8354 
 248 336 290 372 53 0.8345 
 612 224 640 256 53 0.8262 
 512 235 545 268 53 0.8257 
 407 357 444 391 53 0.8257 
 131 477 169 504 53 0.8233 
 9 494 43 528 53 0.8223 
 415 249 448 283 53 0.8208 
 257 537 293 569 53 0.8204 
 452 190 478 222 53 0.8199 
 371 138 401 169 53 0.8194 
 619 192 653 223 53 0.8184 
 181 312 205 340 53 0.8141 
 405 172 435 200 53 0.813 
 221 421 252 448 53 0.813 
 65 455 101 499 53 0.8125 
 127 387 161 414 53 0.8066 
 654 212 680 246 53 0.7999 
 171 364 197 391 53 0.7999 
 43 350 75 383 53 0.794 
 61 364 93 393 53 0.793 
 403 499 440 530 53 0.79 
 637 141 672 172 53 0.7866 
 201 515 240 548 53 0.7866 
 625 380 655 413 53 0.7852 
 442 244 466 274 53 0.7842 
 530 127 570 161 53 0.7827 
 527 334 559 367 53 0.7812 
 108 491 149 525 53 0.7809 
 53 392 95 426 53 0.7784 
 599 246 622 270 53 0.777 
 141 309 167 340 53 0.7725 
 471 273 497 301 53 0.7725 
 659 311 691 343 53 0.7716 
 613 449 645 475 53 0.7686 
 541 500 567 529 53 0.7622 
 252 560 279 592 53 0.7604 
 1 318 36 347 53 0.7568 
 389 117 413 142 53 0.7559 
 501 267 534 290 53 0.7559 
 0 457 35 489 53 0.7549 
 569 417 602 444 53 0.754 
 541 462 580 493 53 0.7471 
 559 114 595 143 53 0.7422 
 644 170 679 192 53 0.7422 
 497 289 523 318 53 0.7399 
 504 204 547 238 53 0.7399 
 495 423 535 458 53 0.7378 
 571 486 601 512 53 0.7295 
 200 285 220 310 53 0.7277 
 164 527 200 558 53 0.7256 
 325 350 353 372 53 0.7231 
 338 310 361 336 53 0.7217 
 644 428 669 455 53 0.7163 
 99 417 143 446 53 0.71 
 638 608 674 642 53 0.6929 
 145 380 175 405 53 0.687 
 435 169 455 190 53 0.6857 
 524 176 544 207 53 0.6807 
 222 271 243 287 53 0.6792 
 0 581 25 606 53 0.6748 
 660 266 686 291 53 0.673 
 319 538 355 564 53 0.6714 
 551 420 576 446 53 0.6704 
 554 649 594 681 53 0.6577 
 258 656 291 686 53 0.6533 
 299 180 342 205 53 0.6479 
 35 499 54 525 53 0.6447 
 565 448 584 473 53 0.6423 
 674 354 699 380 53 0.6387 
 437 148 459 170 53 0.6384 
 164 324 184 345 53 0.632 
 492 404 523 424 53 0.627 
 247 240 269 261 53 0.6223 
 414 442 449 471 53 0.6152 
 602 117 630 143 53 0.6094 
 442 550 466 578 53 0.6071 
 647 379 667 400 53 0.604 
 435 337 467 358 53 0.584 
 691 456 703 483 53 0.5695 
 290 330 322 355 53 0.5669 
 569 404 598 425 53 0.5569 
 332 278 360 297 53 0.5488 
 684 377 704 400 53 0.5476 
 208 395 226 416 53 0.5469 
 544 4 567 23 53 0.54 
 351 351 369 369 53 0.5107 
 211 296 249 315 53 0.4971 
 687 561 704 588 53 0.4668 
 549 110 576 137 53 0.4551 
 618 629 649 650 53 0.4514 
 19 478 47 501 53 0.4485 
 204 557 222 576 53 0.4483 
 0 304 7 323 53 0.4417 
 244 628 280 661 53 0.4397 
 78 395 96 427 53 0.4387 
 3 640 44 682 53 0.4226 
 600 317 630 341 53 0.4053 
 577 101 597 121 53 0.3792 
 592 548 629 572 53 0.3701 
 386 484 410 515 53 0.3638 
 664 286 695 305 53 0.3594 
 548 529 566 560 53 0.3416 
 100 643 140 670 53 0.3252 
 52 680 91 704 53 0.3218 
 433 0 448 15 53 0.3201 
 117 486 159 539 53 0.3069 
 92 346 113 368 53 0.3065 
 436 1 446 11 53 0.3015 
 576 686 601 703 53 0.2949 
 557 617 590 645 53 0.291 
 494 129 567 168 53 0.2893 
 621 231 637 255 53 0.2744 
 594 413 610 435 53 0.2576 
 630 161 651 187 53 0.2568 
 559 425 581 454 53 0.2532 
