516 175 558 211 53 0.8555 
 484 177 520 211 53 0.8232 
 239 82 279 119 53 0.8115 
 552 117 592 150 53 0.798 
 441 237 470 267 53 0.7969 
 481 267 515 296 53 0.7925 
 481 314 517 346 53 0.792 
 214 81 242 113 53 0.7305 
 521 386 555 416 53 0.6958 
 539 361 569 390 53 0.695 
 611 286 636 311 53 0.6807 
 349 531 378 566 53 0.6764 
 664 167 686 201 53 0.6704 
 680 180 703 205 53 0.6167 
 665 141 703 163 53 0.582 
 513 216 543 238 53 0.5254 
 190 102 222 131 53 0.5039 
 578 291 605 316 53 0.4785 
 189 670 212 693 53 0.4717 
 297 531 327 556 53 0.4629 
 636 270 669 300 53 0.4292 
 666 6 695 30 53 0.4177 
 472 239 486 257 53 0.4082 
 550 285 576 311 53 0.385 
 262 285 299 308 53 0.3638 
 266 63 287 88 53 0.3611 
 484 264 518 337 53 0.3425 
 604 364 631 391 53 0.3354 
 215 1 226 15 53 0.3267 
 648 549 687 580 53 0.2893 
 399 535 432 564 53 0.2751 
 587 596 620 618 53 0.2751 
 629 202 658 222 53 0.2659 
 512 300 542 325 53 0.2502 
