390 345 419 374 53 0.8154 
 216 163 250 192 53 0.814 
 396 284 429 311 53 0.813 
 74 385 112 418 53 0.8076 
 0 198 32 230 53 0.7993 
 128 223 162 254 53 0.7983 
 431 272 466 303 53 0.7983 
 409 55 443 82 53 0.7959 
 6 173 42 208 53 0.793 
 234 55 268 81 53 0.792 
 71 83 109 113 53 0.792 
 5 417 34 454 53 0.7857 
 219 362 259 394 53 0.7828 
 388 249 416 278 53 0.7827 
 174 14 205 38 53 0.7788 
 387 193 424 222 53 0.7739 
 43 402 79 435 53 0.7734 
 307 390 344 420 53 0.7734 
 465 364 499 389 53 0.772 
 429 382 446 411 53 0.7585 
 375 169 410 197 53 0.7505 
 659 299 694 328 53 0.7461 
 103 343 133 370 53 0.7456 
 539 213 576 245 53 0.7378 
 283 124 319 162 53 0.7285 
 36 205 67 231 53 0.7217 
 642 446 673 478 53 0.7202 
 47 282 72 309 53 0.7184 
 215 0 243 21 53 0.7156 
 259 194 286 224 53 0.7125 
 478 404 512 431 53 0.6992 
 456 169 486 197 53 0.6826 
 22 593 60 623 53 0.6802 
 311 2 345 29 53 0.6768 
 27 279 52 303 53 0.662 
 428 75 464 101 53 0.6592 
 75 217 105 243 53 0.6323 
 72 107 97 134 53 0.614 
 495 28 514 54 53 0.6094 
 289 214 317 241 53 0.6094 
 143 624 180 654 53 0.6094 
 238 400 272 430 53 0.6069 
 442 579 470 610 53 0.604 
 160 528 199 561 53 0.5857 
 321 275 352 300 53 0.563 
 14 405 50 440 53 0.5488 
 650 502 685 536 53 0.5361 
 136 370 161 396 53 0.5339 
 414 563 452 596 53 0.5332 
 86 465 116 490 53 0.5078 
 463 623 498 654 53 0.4873 
 61 65 88 91 53 0.4863 
 435 300 457 324 53 0.459 
 201 573 238 605 53 0.4446 
 495 482 533 510 53 0.4233 
 78 563 121 601 53 0.4102 
 138 427 163 453 53 0.408 
 252 422 278 448 53 0.4036 
 187 409 217 441 53 0.3831 
 694 433 702 464 53 0.3831 
 678 143 703 171 53 0.3477 
 595 378 623 410 53 0.3208 
 200 226 238 247 53 0.3208 
 510 151 537 179 53 0.3191 
 33 183 53 206 53 0.3132 
 192 0 215 16 53 0.2991 
 171 437 186 458 53 0.2974 
