285 228 311 254 53 0.8399 
 481 310 510 337 53 0.8389 
 435 215 466 240 53 0.8267 
 395 259 423 282 53 0.8188 
 412 53 440 83 53 0.8009 
 268 223 288 250 53 0.7995 
 470 216 498 243 53 0.7863 
 568 305 600 328 53 0.7827 
 530 395 561 425 53 0.7739 
 241 234 267 260 53 0.7622 
 209 270 235 289 53 0.762 
 198 288 228 311 53 0.7612 
 650 600 688 642 53 0.7515 
 194 177 219 203 53 0.7507 
 392 197 418 225 53 0.7443 
 175 166 202 196 53 0.7428 
 151 282 176 305 53 0.7404 
 431 303 453 325 53 0.7306 
 240 285 263 303 53 0.7217 
 499 241 524 264 53 0.7212 
 333 184 355 210 53 0.7145 
 478 243 501 265 53 0.7145 
 318 140 339 167 53 0.7052 
 296 140 324 172 53 0.7023 
 592 4 619 26 53 0.6982 
 292 516 320 541 53 0.6841 
 545 249 568 273 53 0.6837 
 576 89 604 114 53 0.6807 
 270 485 294 509 53 0.6769 
 228 408 251 428 53 0.6758 
 410 170 438 199 53 0.6748 
 295 210 318 229 53 0.6735 
 397 364 425 385 53 0.6724 
 274 144 295 167 53 0.672 
 621 436 646 459 53 0.6686 
 607 117 641 141 53 0.6416 
 540 114 565 137 53 0.6406 
 550 197 579 228 53 0.6406 
 144 99 160 120 53 0.6403 
 210 504 230 529 53 0.632 
 519 378 544 400 53 0.627 
 468 53 495 84 53 0.6235 
 450 357 470 374 53 0.6159 
 147 21 172 41 53 0.6127 
 566 244 593 276 53 0.6101 
 447 50 470 77 53 0.6069 
 541 374 569 402 53 0.603 
 177 43 202 61 53 0.6015 
 231 283 256 300 53 0.6011 
 414 101 444 132 53 0.5981 
 671 364 694 384 53 0.5866 
 506 136 528 164 53 0.5813 
 235 261 259 281 53 0.5774 
 382 252 402 272 53 0.5718 
 546 143 571 166 53 0.5688 
 69 589 95 612 53 0.5437 
 344 73 364 93 53 0.5398 
 434 176 455 204 53 0.5398 
 670 341 693 365 53 0.5352 
 290 182 325 208 53 0.5332 
 247 3 272 18 53 0.53 
 604 517 631 543 53 0.5293 
 159 563 189 589 53 0.5273 
 268 63 290 88 53 0.5225 
 167 4 194 27 53 0.4951 
 375 454 393 475 53 0.4932 
 435 559 462 589 53 0.4854 
 328 466 350 487 53 0.4756 
 134 2 156 14 53 0.4717 
 224 69 253 92 53 0.4629 
 336 352 354 371 53 0.4597 
 275 207 296 228 53 0.4568 
 520 132 544 158 53 0.4524 
 588 259 605 277 53 0.4444 
 287 553 315 577 53 0.4405 
 545 55 566 77 53 0.4272 
 483 152 512 178 53 0.4177 
 572 213 590 239 53 0.41 
 184 561 202 581 53 0.4065 
 688 601 703 626 53 0.3857 
 504 483 534 508 53 0.3831 
 528 147 546 167 53 0.3757 
 659 304 686 331 53 0.3748 
 271 136 307 169 53 0.3738 
 318 484 343 508 53 0.3684 
 301 182 324 198 53 0.3667 
 483 74 502 90 53 0.3475 
 615 0 631 19 53 0.3311 
 516 218 533 237 53 0.3285 
 449 107 470 138 53 0.3184 
 317 210 334 228 53 0.3155 
 586 240 611 263 53 0.3149 
 583 247 610 282 53 0.3081 
 143 500 167 519 53 0.2991 
 441 106 459 130 53 0.2991 
 393 338 410 360 53 0.2878 
 456 560 482 586 53 0.2783 
 284 128 306 154 53 0.2737 
 569 91 593 111 53 0.2698 
 199 468 227 487 53 0.269 
 288 187 312 211 53 0.2502 
