460 36 491 67 53 0.8579 
 193 22 223 47 53 0.8418 
 106 208 140 238 53 0.8364 
 273 364 310 395 53 0.8276 
 147 389 179 417 53 0.8276 
 76 151 107 181 53 0.8232 
 348 273 388 305 53 0.8223 
 152 208 188 238 53 0.8115 
 355 154 391 185 53 0.8082 
 28 192 58 221 53 0.8072 
 487 7 521 39 53 0.8072 
 527 384 564 419 53 0.8066 
 151 124 184 155 53 0.8032 
 0 346 32 379 53 0.8004 
 180 527 215 561 53 0.7988 
 323 78 359 106 53 0.796 
 624 74 661 107 53 0.7944 
 405 119 438 151 53 0.793 
 568 261 602 291 53 0.7925 
 326 390 359 423 53 0.7916 
 293 238 328 267 53 0.7794 
 186 490 218 521 53 0.7759 
 252 102 289 135 53 0.7721 
 203 368 227 395 53 0.7646 
 20 221 53 244 53 0.7607 
 341 58 373 85 53 0.7598 
 414 330 449 371 53 0.7583 
 68 439 104 465 53 0.7568 
 125 465 166 498 53 0.7563 
 631 171 666 200 53 0.7555 
 99 314 130 340 53 0.7549 
 638 323 674 355 53 0.7549 
 289 416 330 445 53 0.752 
 573 441 607 476 53 0.75 
 430 66 467 103 53 0.7476 
 5 281 27 307 53 0.7472 
 385 368 417 399 53 0.7471 
 76 461 111 487 53 0.7441 
 357 394 393 422 53 0.7441 
 158 657 197 691 53 0.7373 
 425 84 455 110 53 0.7358 
 545 66 575 95 53 0.7339 
 614 245 652 273 53 0.7319 
 96 507 130 538 53 0.7316 
 500 410 533 439 53 0.728 
 250 393 284 418 53 0.7271 
 303 3 325 28 53 0.7251 
 333 452 369 483 53 0.7241 
 0 449 23 482 53 0.7217 
 388 241 413 268 53 0.7184 
 344 369 378 397 53 0.7178 
 349 213 375 238 53 0.7139 
 288 208 319 237 53 0.7129 
 566 43 594 71 53 0.7124 
 243 64 272 95 53 0.7041 
 597 261 620 293 53 0.6992 
 7 97 40 123 53 0.6699 
 183 126 201 150 53 0.667 
 23 365 53 391 53 0.6652 
 284 24 309 51 53 0.6633 
 131 116 153 144 53 0.6615 
 603 68 627 95 53 0.6592 
 63 576 100 615 53 0.6582 
 265 429 279 449 53 0.6545 
 36 114 61 138 53 0.6479 
 189 198 213 220 53 0.6467 
 82 186 117 218 53 0.6416 
 430 172 459 197 53 0.6403 
 582 54 609 84 53 0.632 
 132 331 157 349 53 0.6309 
 246 263 279 292 53 0.625 
 50 319 77 349 53 0.6216 
 329 522 368 553 53 0.6196 
 529 234 563 265 53 0.6167 
 425 366 449 393 53 0.6081 
 37 156 69 180 53 0.605 
 99 41 135 69 53 0.6011 
 594 165 627 192 53 0.6001 
 177 13 203 34 53 0.5944 
 455 165 484 191 53 0.5938 
 481 257 510 289 53 0.5889 
 76 0 116 30 53 0.584 
 408 670 444 702 53 0.583 
 24 313 52 337 53 0.5786 
 545 592 579 622 53 0.5776 
 0 549 23 581 53 0.5744 
 16 65 54 91 53 0.5728 
 76 183 104 212 53 0.5708 
 603 8 627 27 53 0.5566 
 132 502 165 530 53 0.5557 
 207 571 242 599 53 0.5547 
 369 231 394 260 53 0.5544 
 419 0 453 39 53 0.5527 
 164 605 199 637 53 0.5459 
 426 1 450 21 53 0.542 
 193 285 227 313 53 0.542 
 443 242 477 270 53 0.54 
 233 607 267 638 53 0.53 
 368 189 395 211 53 0.5293 
 126 564 149 589 53 0.5234 
 322 252 352 275 53 0.5166 
 386 499 416 525 53 0.5127 
 575 668 609 700 53 0.5107 
 142 5 164 36 53 0.5098 
 133 299 167 330 53 0.5068 
 518 2 554 17 53 0.5059 
 158 2 184 32 53 0.5 
 402 70 431 95 53 0.4951 
 268 73 288 96 53 0.4929 
 270 84 301 111 53 0.4893 
 408 11 452 50 53 0.4873 
 274 118 303 145 53 0.4756 
 408 83 426 113 53 0.4639 
 150 538 183 567 53 0.4619 
 436 553 471 583 53 0.459 
 224 357 258 386 53 0.4561 
 119 301 153 334 53 0.4456 
 533 0 560 16 53 0.4446 
 154 29 182 65 53 0.4436 
 111 298 138 330 53 0.4417 
 523 0 540 19 53 0.4375 
 295 446 328 475 53 0.4368 
 185 586 216 615 53 0.4358 
 54 580 76 608 53 0.4233 
 0 311 22 336 53 0.4216 
 468 194 493 225 53 0.4167 
 287 296 307 313 53 0.4158 
 85 510 98 532 53 0.4129 
 397 169 419 195 53 0.4111 
 7 228 26 248 53 0.4055 
 127 227 147 246 53 0.4055 
 570 46 607 79 53 0.396 
 482 483 517 511 53 0.3943 
 0 47 11 72 53 0.3921 
 9 125 39 150 53 0.3831 
 521 687 564 704 53 0.3831 
 476 531 509 558 53 0.3647 
 443 21 465 49 53 0.3619 
 683 268 704 303 53 0.3584 
 389 84 412 112 53 0.3469 
 492 407 518 432 53 0.3293 
 517 196 555 232 53 0.3213 
 109 3 145 29 53 0.3123 
 208 608 234 635 53 0.3106 
 586 239 612 263 53 0.2991 
 165 11 191 30 53 0.2966 
 421 557 443 586 53 0.2822 
 172 594 210 638 53 0.2817 
 313 660 349 689 53 0.2791 
 319 46 347 68 53 0.2659 
 8 80 47 116 53 0.2646 
 9 249 24 270 53 0.2576 
 405 23 418 44 53 0.2568 
 450 327 480 351 53 0.2539 
 384 619 421 651 53 0.2512 
