62 211 91 244 53 0.8155 
 162 168 201 198 53 0.8048 
 225 27 247 49 53 0.8009 
 24 547 56 576 53 0.7739 
 390 71 422 97 53 0.7705 
 380 336 406 360 53 0.769 
 221 208 259 240 53 0.7593 
 372 290 401 320 53 0.7549 
 90 10 121 33 53 0.7471 
 180 207 209 234 53 0.7384 
 256 149 281 170 53 0.7301 
 0 158 22 184 53 0.7282 
 110 464 143 499 53 0.7188 
 564 502 601 536 53 0.7129 
 85 216 116 244 53 0.708 
 17 567 33 591 53 0.7047 
 170 41 189 70 53 0.7038 
 331 52 357 77 53 0.7026 
 47 230 71 255 53 0.6916 
 42 430 81 460 53 0.6909 
 9 531 37 560 53 0.6885 
 20 13 51 35 53 0.6841 
 41 125 64 151 53 0.6813 
 381 2 403 26 53 0.6748 
 312 68 338 90 53 0.6665 
 151 38 167 59 53 0.6646 
 383 46 416 80 53 0.6602 
 614 409 639 440 53 0.6333 
 205 17 233 41 53 0.6323 
 172 197 196 227 53 0.6245 
 292 152 317 177 53 0.6216 
 359 85 377 105 53 0.6149 
 24 483 48 503 53 0.6071 
 687 5 703 31 53 0.6068 
 392 26 414 47 53 0.6001 
 128 84 155 111 53 0.6001 
 51 400 83 434 53 0.5981 
 0 0 18 16 53 0.5962 
 102 377 127 404 53 0.5935 
 306 155 328 180 53 0.5847 
 100 192 122 215 53 0.5847 
 336 78 357 101 53 0.5754 
 645 59 662 86 53 0.5647 
 359 342 383 366 53 0.5547 
 143 452 175 482 53 0.542 
 652 366 686 398 53 0.5381 
 617 108 631 132 53 0.5254 
 662 296 684 314 53 0.5156 
 203 193 225 232 53 0.5127 
 543 437 570 465 53 0.5098 
 314 14 335 32 53 0.5095 
 0 546 17 574 53 0.5049 
 85 123 114 151 53 0.4971 
 624 413 646 437 53 0.4893 
 576 109 603 137 53 0.4793 
 591 365 625 397 53 0.457 
 214 2 228 12 53 0.4543 
 370 381 394 410 53 0.4444 
 624 373 647 399 53 0.4436 
 190 0 204 13 53 0.4377 
 60 137 80 160 53 0.4339 
 0 569 24 595 53 0.4321 
 113 179 138 208 53 0.43 
 302 385 344 415 53 0.4197 
 566 275 588 301 53 0.4167 
 368 124 383 159 53 0.4131 
 215 0 230 18 53 0.4088 
 119 76 143 106 53 0.4055 
 245 196 262 218 53 0.3958 
 116 294 133 320 53 0.3914 
 454 243 480 266 53 0.3896 
 663 65 680 92 53 0.3877 
 183 0 207 16 53 0.3757 
 687 233 703 257 53 0.3746 
 525 425 561 451 53 0.3711 
 669 259 702 288 53 0.3711 
 613 149 636 175 53 0.3638 
 304 119 313 133 53 0.3592 
 653 333 673 359 53 0.3557 
 558 163 595 184 53 0.355 
 639 402 662 432 53 0.354 
 219 22 243 43 53 0.3513 
 575 344 608 370 53 0.3398 
 569 75 587 95 53 0.3372 
 632 405 655 434 53 0.3354 
 116 267 142 293 53 0.332 
 152 42 189 64 53 0.3242 
 3 536 27 569 53 0.3225 
 638 205 664 234 53 0.3218 
 655 119 678 141 53 0.3115 
 194 402 224 430 53 0.3091 
 450 1 468 14 53 0.3032 
 557 128 582 153 53 0.2949 
 37 383 69 416 53 0.291 
 601 426 624 450 53 0.2893 
 675 205 692 230 53 0.2854 
 386 390 410 418 53 0.2744 
 581 117 604 147 53 0.2576 
 135 33 154 50 53 0.2568 
 0 128 9 149 53 0.2532 
