528 20 562 47 53 0.8296 
 250 83 278 109 53 0.7467 
 501 29 528 53 53 0.7441 
 54 33 80 63 53 0.7418 
 317 12 348 38 53 0.7251 
 241 12 257 37 53 0.7199 
 286 70 318 98 53 0.7075 
 23 191 52 217 53 0.7075 
 189 372 218 399 53 0.6934 
 306 53 333 78 53 0.6899 
 183 393 204 419 53 0.6857 
 18 238 39 261 53 0.6779 
 599 6 624 30 53 0.673 
 54 499 75 527 53 0.6605 
 1 220 29 250 53 0.6504 
 40 115 63 139 53 0.6467 
 519 48 539 75 53 0.6413 
 653 22 685 48 53 0.6318 
 200 409 219 433 53 0.6286 
 120 283 145 312 53 0.6276 
 277 357 308 383 53 0.6187 
 198 442 222 464 53 0.6152 
 550 477 577 508 53 0.6149 
 549 1 582 23 53 0.5991 
 142 40 166 63 53 0.5947 
 64 326 90 350 53 0.5935 
 71 500 102 523 53 0.5918 
 171 433 200 459 53 0.5889 
 91 43 124 69 53 0.583 
 433 422 466 446 53 0.582 
 29 171 52 192 53 0.5725 
 617 48 641 73 53 0.5686 
 521 481 549 508 53 0.5679 
 550 61 578 86 53 0.562 
 515 2 538 32 53 0.5601 
 625 252 654 278 53 0.5578 
 590 29 620 50 53 0.5547 
 206 23 221 45 53 0.5544 
 533 74 557 106 53 0.5537 
 158 59 191 88 53 0.5498 
 567 90 598 121 53 0.5449 
 360 0 372 20 53 0.5388 
 654 158 678 182 53 0.5371 
 37 47 51 70 53 0.5203 
 97 257 119 280 53 0.5193 
 122 243 146 267 53 0.5137 
 489 0 521 21 53 0.5059 
 628 80 655 107 53 0.5029 
 373 14 391 32 53 0.4998 
 16 493 35 517 53 0.4854 
 177 282 200 305 53 0.4822 
 115 4 145 27 53 0.4795 
 97 286 119 312 53 0.4775 
 627 403 655 427 53 0.4707 
 35 492 57 517 53 0.4705 
 596 407 628 426 53 0.4629 
 43 192 65 215 53 0.4607 
 123 264 142 289 53 0.4549 
 101 419 125 447 53 0.4514 
 626 15 645 38 53 0.4463 
 528 453 551 481 53 0.4426 
 121 54 138 77 53 0.4417 
 243 46 269 71 53 0.4417 
 342 165 369 185 53 0.4407 
 216 435 234 457 53 0.4351 
 585 500 619 526 53 0.4351 
 42 630 78 657 53 0.4321 
 119 181 145 205 53 0.4302 
 123 87 137 106 53 0.4243 
 89 314 115 336 53 0.4243 
 250 377 283 404 53 0.4243 
 80 426 99 453 53 0.4197 
 94 373 120 395 53 0.4082 
 337 440 356 466 53 0.4072 
 65 59 84 80 53 0.4065 
 276 116 296 138 53 0.4043 
 403 429 434 454 53 0.4026 
 554 452 574 479 53 0.3999 
 28 99 53 120 53 0.3999 
 3 94 26 116 53 0.3989 
 505 429 531 455 53 0.3978 
 331 85 353 105 53 0.3931 
 317 447 340 473 53 0.3914 
 661 1 691 24 53 0.3904 
 0 286 17 306 53 0.3867 
 595 438 622 465 53 0.3804 
 535 102 563 128 53 0.3757 
 249 0 273 16 53 0.3748 
 606 283 634 311 53 0.3611 
 425 445 450 469 53 0.3486 
 468 392 486 415 53 0.3468 
 78 299 96 327 53 0.3433 
 0 526 18 560 53 0.3408 
 268 555 283 581 53 0.332 
 271 0 293 16 53 0.3293 
 580 383 612 406 53 0.3235 
 113 271 135 295 53 0.3174 
 588 479 605 503 53 0.3132 
 232 315 257 343 53 0.3132 
 518 539 544 566 53 0.3108 
 60 299 78 327 53 0.3098 
 288 139 307 156 53 0.3025 
 395 494 420 519 53 0.3008 
 428 469 452 492 53 0.2983 
 691 79 703 100 53 0.2966 
 670 300 697 317 53 0.2935 
 336 141 371 165 53 0.2935 
 343 498 363 526 53 0.291 
 48 95 68 115 53 0.2854 
 160 362 174 382 53 0.2845 
 213 425 235 447 53 0.283 
 138 416 154 436 53 0.2815 
 403 342 416 367 53 0.2798 
 190 52 212 81 53 0.2798 
 326 151 339 175 53 0.2751 
 0 337 9 371 53 0.2751 
 302 234 330 262 53 0.2737 
 237 58 254 80 53 0.2659 
 551 181 576 207 53 0.2644 
 248 347 265 367 53 0.2612 
 9 39 30 65 53 0.2568 
 15 39 25 63 53 0.2554 
 274 197 299 221 53 0.251 
 207 61 225 85 53 0.2502 
 58 257 79 278 53 0.2502 
