86 3 110 29 53 0.7867 
 126 0 151 14 53 0.6792 
 253 403 275 425 53 0.6592 
 195 337 222 359 53 0.6206 
 294 353 308 377 53 0.614 
 94 467 125 494 53 0.606 
 286 400 311 429 53 0.5905 
 123 462 147 486 53 0.5815 
 102 81 127 104 53 0.5728 
 302 366 326 388 53 0.5322 
 309 341 338 369 53 0.5234 
 70 1 91 26 53 0.5029 
 264 1 296 22 53 0.4495 
 200 1 218 13 53 0.4465 
 184 337 199 358 53 0.4014 
 115 60 140 83 53 0.3887 
 279 222 297 247 53 0.3577 
 70 396 87 423 53 0.3538 
 326 366 339 387 53 0.3259 
 247 0 268 18 53 0.314 
 274 408 287 430 53 0.3015 
 256 149 278 174 53 0.2744 
