511 326 549 360 53 0.8404 
 622 16 656 52 53 0.8301 
 2 464 41 504 53 0.8296 
 124 390 166 424 53 0.8248 
 59 427 95 470 53 0.8242 
 12 340 50 378 53 0.8237 
 475 150 517 185 53 0.8204 
 87 400 129 434 53 0.8203 
 121 164 158 206 53 0.8188 
 472 358 512 401 53 0.8174 
 250 406 289 436 53 0.8164 
 596 175 633 208 53 0.8159 
 669 114 704 152 53 0.8145 
 505 12 554 52 53 0.811 
 569 351 614 388 53 0.8052 
 28 282 70 315 53 0.8014 
 444 297 489 335 53 0.8013 
 373 30 418 65 53 0.8008 
 160 153 198 189 53 0.7983 
 422 411 462 447 53 0.7944 
 14 584 51 622 53 0.7866 
 680 358 704 397 53 0.7852 
 77 651 117 685 53 0.7842 
 537 247 567 282 53 0.7832 
 290 554 332 584 53 0.7818 
 289 652 318 682 53 0.7798 
 420 484 464 520 53 0.7793 
 588 19 619 56 53 0.7773 
 84 349 123 384 53 0.7744 
 406 320 448 357 53 0.7725 
 548 425 590 462 53 0.7682 
 411 10 450 52 53 0.7671 
 383 556 422 594 53 0.7671 
 639 388 680 423 53 0.7598 
 174 79 207 115 53 0.7598 
 599 393 642 425 53 0.7594 
 206 609 244 641 53 0.7544 
 476 214 518 251 53 0.7515 
 446 250 481 281 53 0.7487 
 616 314 654 344 53 0.7476 
 355 50 387 80 53 0.7417 
 270 521 308 554 53 0.7413 
 255 556 296 605 53 0.7402 
 325 651 366 686 53 0.7339 
 356 0 396 25 53 0.7335 
 157 268 198 299 53 0.7335 
 439 74 474 102 53 0.7334 
 479 328 511 359 53 0.7306 
 532 41 573 76 53 0.7305 
 151 0 183 24 53 0.728 
 176 50 208 79 53 0.728 
 93 73 124 107 53 0.7271 
 59 666 96 704 53 0.7241 
 23 10 66 44 53 0.7238 
 504 266 548 306 53 0.7236 
 197 73 228 104 53 0.709 
 308 0 352 24 53 0.708 
 453 54 489 82 53 0.7051 
 278 81 313 111 53 0.7017 
 181 629 223 662 53 0.6978 
 121 633 168 675 53 0.6973 
 266 359 300 390 53 0.6958 
 64 336 87 368 53 0.6953 
 247 672 289 702 53 0.6943 
 251 639 294 674 53 0.6899 
 449 163 478 205 53 0.6875 
 365 523 405 555 53 0.6802 
 159 313 200 350 53 0.6802 
 242 72 282 104 53 0.6772 
 660 636 702 674 53 0.6699 
 419 49 445 76 53 0.6626 
 676 156 704 185 53 0.6577 
 55 518 96 550 53 0.6523 
 379 609 414 645 53 0.6514 
 517 549 560 585 53 0.6479 
 20 170 36 203 53 0.6447 
 568 0 608 20 53 0.6416 
 0 332 17 365 53 0.6396 
 441 588 484 628 53 0.6294 
 61 204 86 234 53 0.6235 
 609 655 652 695 53 0.6201 
 320 45 346 71 53 0.6187 
 194 220 214 253 53 0.6184 
 596 142 626 175 53 0.6074 
 0 559 18 598 53 0.5972 
 147 572 190 606 53 0.5776 
 550 566 595 606 53 0.5566 
 162 428 188 457 53 0.5537 
 89 52 117 76 53 0.5527 
 322 68 354 94 53 0.541 
 526 301 550 326 53 0.5273 
 101 463 119 484 53 0.5215 
 23 58 48 82 53 0.5195 
 377 682 415 703 53 0.5146 
 660 564 692 591 53 0.5107 
 418 686 457 703 53 0.5107 
 0 359 15 386 53 0.4961 
 396 269 429 302 53 0.4302 
 610 596 650 625 53 0.4272 
 63 417 117 467 53 0.4258 
 117 39 144 57 53 0.4065 
 242 290 270 319 53 0.3943 
 187 76 218 114 53 0.3923 
 324 300 352 322 53 0.3611 
 85 310 107 334 53 0.3199 
 687 180 704 202 53 0.2925 
 252 380 293 442 53 0.291 
 303 411 333 438 53 0.2886 
 297 0 314 19 53 0.2751 
 445 56 480 97 53 0.2524 
