81 50 115 85 53 0.8579 
 121 102 153 130 53 0.855 
 543 252 573 284 53 0.854 
 641 311 673 351 53 0.8506 
 523 265 554 303 53 0.8486 
 412 82 439 117 53 0.8442 
 163 311 198 345 53 0.8355 
 208 231 244 261 53 0.8311 
 587 195 625 230 53 0.8287 
 482 373 512 403 53 0.8276 
 312 78 337 104 53 0.8232 
 110 57 136 91 53 0.8214 
 214 396 241 418 53 0.8208 
 135 445 169 475 53 0.8188 
 68 359 100 391 53 0.8184 
 301 266 341 296 53 0.8141 
 418 295 445 320 53 0.814 
 302 4 346 37 53 0.8125 
 278 27 312 56 53 0.8106 
 133 42 161 71 53 0.8072 
 216 0 251 32 53 0.8032 
 663 448 689 475 53 0.8032 
 256 60 289 93 53 0.7969 
 2 69 27 94 53 0.7905 
 327 67 356 90 53 0.7866 
 96 347 117 375 53 0.7857 
 560 410 596 443 53 0.7857 
 594 229 622 257 53 0.7843 
 54 386 80 415 53 0.7843 
 394 100 428 130 53 0.7798 
 289 126 315 148 53 0.7759 
 579 104 607 128 53 0.7734 
 218 107 252 136 53 0.7734 
 420 560 452 586 53 0.7725 
 629 444 668 476 53 0.772 
 34 407 61 432 53 0.7708 
 22 390 42 417 53 0.7701 
 130 308 151 334 53 0.7672 
 669 286 701 316 53 0.7656 
 480 610 512 639 53 0.7598 
 118 603 146 631 53 0.7594 
 102 274 134 303 53 0.7583 
 0 182 15 206 53 0.7574 
 169 478 201 510 53 0.7559 
 452 11 479 34 53 0.7555 
 117 188 147 213 53 0.75 
 479 147 506 173 53 0.7467 
 189 91 216 119 53 0.7422 
 514 438 535 470 53 0.7418 
 323 198 350 223 53 0.736 
 522 589 550 618 53 0.7324 
 450 651 478 682 53 0.7301 
 193 12 229 55 53 0.7266 
 601 305 630 335 53 0.7266 
 443 481 471 504 53 0.7256 
 69 638 99 670 53 0.7223 
 502 630 535 664 53 0.7139 
 422 385 454 418 53 0.7114 
 491 453 519 483 53 0.709 
 373 328 397 355 53 0.7007 
 212 343 229 363 53 0.6989 
 469 456 498 488 53 0.6934 
 366 480 405 515 53 0.6807 
 635 169 666 199 53 0.6792 
 489 323 522 351 53 0.6782 
 431 358 449 382 53 0.6779 
 258 373 279 395 53 0.6769 
 66 155 91 176 53 0.6693 
 83 599 117 635 53 0.6611 
 0 417 14 437 53 0.6592 
 217 490 254 519 53 0.6558 
 308 370 334 401 53 0.6545 
 500 265 527 299 53 0.645 
 560 453 580 480 53 0.6423 
 371 290 394 313 53 0.6356 
 377 389 405 417 53 0.6289 
 416 168 441 189 53 0.6276 
 367 586 396 612 53 0.627 
 531 461 559 482 53 0.6235 
 25 77 49 106 53 0.6196 
 12 178 30 201 53 0.6184 
 421 676 449 700 53 0.606 
 594 628 626 661 53 0.5991 
 528 258 566 295 53 0.5981 
 51 118 85 139 53 0.5806 
 475 264 506 292 53 0.563 
 18 277 43 307 53 0.5608 
 0 93 10 123 53 0.5578 
 115 151 133 168 53 0.5544 
 311 466 331 491 53 0.5544 
 356 1 393 15 53 0.5518 
 310 129 333 153 53 0.5439 
 146 314 171 346 53 0.5339 
 198 627 216 649 53 0.5303 
 657 169 676 197 53 0.529 
 20 87 49 116 53 0.5156 
 553 644 579 676 53 0.5085 
 13 198 39 217 53 0.5017 
 388 96 408 124 53 0.501 
 407 0 432 17 53 0.5 
 254 90 286 114 53 0.4951 
 174 215 199 237 53 0.4793 
 309 438 330 456 53 0.4609 
 441 159 466 181 53 0.4512 
 127 556 154 579 53 0.4492 
 561 593 605 623 53 0.4485 
 631 192 655 215 53 0.4444 
 38 45 75 69 53 0.4312 
 162 214 179 236 53 0.4302 
 164 508 183 524 53 0.427 
 59 47 80 71 53 0.4224 
 450 333 473 353 53 0.4175 
 296 176 317 198 53 0.4158 
 609 653 633 675 53 0.4131 
 402 549 425 569 53 0.4102 
 58 678 78 704 53 0.4082 
 526 639 559 672 53 0.4055 
 468 466 486 491 53 0.4034 
 448 683 469 704 53 0.384 
 475 477 495 504 53 0.3757 
 357 569 393 593 53 0.3711 
 468 88 486 104 53 0.3682 
 72 530 91 552 53 0.354 
 267 38 304 89 53 0.3491 
 356 291 380 317 53 0.3486 
 105 595 121 619 53 0.3337 
 0 25 8 41 53 0.3286 
 97 459 116 476 53 0.3199 
 289 480 312 497 53 0.3174 
 359 439 386 462 53 0.3149 
 124 34 134 51 53 0.304 
 634 258 651 272 53 0.2982 
 582 594 611 625 53 0.2949 
 88 343 99 357 53 0.2948 
 38 381 61 410 53 0.2925 
 473 592 490 615 53 0.291 
 78 559 109 585 53 0.272 
 604 297 643 331 53 0.2561 
