256 316 288 351 53 0.8643 
 180 215 210 244 53 0.8614 
 379 261 417 292 53 0.8575 
 201 228 222 261 53 0.8311 
 357 231 388 260 53 0.8257 
 335 244 366 271 53 0.8223 
 536 342 572 377 53 0.8214 
 469 168 512 202 53 0.816 
 155 228 187 256 53 0.8154 
 196 298 232 328 53 0.8009 
 569 346 603 380 53 0.8008 
 545 177 581 208 53 0.7983 
 283 222 312 247 53 0.7969 
 347 373 376 403 53 0.7788 
 391 3 422 31 53 0.7778 
 475 0 512 33 53 0.7754 
 326 442 363 474 53 0.774 
 259 359 296 387 53 0.7559 
 389 149 413 176 53 0.7402 
 600 0 633 18 53 0.7324 
 431 256 453 285 53 0.7319 
 33 97 59 123 53 0.6798 
 371 378 392 402 53 0.672 
 516 379 560 408 53 0.6567 
 406 140 430 168 53 0.6538 
 563 277 595 308 53 0.6333 
 446 147 483 173 53 0.6216 
 101 531 138 562 53 0.6162 
 517 208 543 229 53 0.614 
 157 386 180 414 53 0.584 
 430 411 459 437 53 0.5747 
 348 475 382 506 53 0.5708 
 80 121 106 145 53 0.562 
 310 472 338 494 53 0.5352 
 516 301 544 328 53 0.5234 
 72 123 95 145 53 0.501 
 222 243 240 263 53 0.5 
 305 399 332 430 53 0.457 
 180 497 211 520 53 0.4456 
 80 255 109 278 53 0.4063 
 513 372 543 403 53 0.3647 
 392 143 427 181 53 0.3354 
 494 0 515 15 53 0.3259 
