103 181 138 208 53 0.8018 
 218 291 252 318 53 0.7959 
 106 330 139 358 53 0.7944 
 97 399 126 423 53 0.7773 
 93 329 111 354 53 0.7712 
 377 319 411 346 53 0.7657 
 407 317 439 344 53 0.7609 
 196 2 228 28 53 0.7529 
 50 276 84 304 53 0.7241 
 336 209 358 235 53 0.7199 
 183 279 215 305 53 0.7178 
 555 387 582 409 53 0.709 
 280 274 310 300 53 0.7017 
 663 336 689 361 53 0.7007 
 142 374 174 399 53 0.7002 
 535 39 569 65 53 0.6953 
 434 331 465 360 53 0.6953 
 265 228 285 252 53 0.695 
 213 403 248 428 53 0.6768 
 581 50 616 77 53 0.6665 
 190 143 220 169 53 0.6582 
 250 207 278 238 53 0.6494 
 292 234 327 260 53 0.6489 
 1 226 13 244 53 0.6479 
 158 0 196 20 53 0.6436 
 351 338 384 364 53 0.6162 
 494 0 528 30 53 0.606 
 13 316 39 337 53 0.603 
 365 76 389 105 53 0.5991 
 632 335 663 361 53 0.5972 
 397 97 425 133 53 0.5889 
 673 279 704 303 53 0.5889 
 20 441 53 475 53 0.5859 
 644 70 679 106 53 0.5581 
 440 250 477 275 53 0.5439 
 248 64 269 89 53 0.5283 
 329 155 363 179 53 0.5254 
 398 61 431 91 53 0.5117 
 0 142 13 166 53 0.5107 
 394 432 426 455 53 0.501 
 27 263 49 287 53 0.4939 
 563 107 578 136 53 0.4893 
 410 127 430 154 53 0.4754 
 516 465 547 492 53 0.4697 
 499 358 533 387 53 0.4678 
 367 494 396 516 53 0.4639 
 380 155 409 181 53 0.4514 
 570 451 587 475 53 0.4436 
 461 95 485 122 53 0.4387 
 419 108 451 142 53 0.4302 
 682 389 703 412 53 0.4292 
 198 406 213 427 53 0.429 
 601 447 618 474 53 0.4233 
 626 190 647 211 53 0.4185 
 286 87 323 113 53 0.4148 
 534 108 564 138 53 0.4141 
 476 262 498 285 53 0.409 
 518 19 539 45 53 0.4026 
 15 93 42 118 53 0.3921 
 568 329 589 349 53 0.3914 
 164 388 180 407 53 0.3867 
 494 136 523 161 53 0.3857 
 398 412 430 441 53 0.3831 
 378 295 405 317 53 0.3811 
 309 1 339 24 53 0.3784 
 175 99 211 125 53 0.3694 
 124 409 138 433 53 0.3682 
 184 125 206 144 53 0.353 
 236 261 257 284 53 0.3503 
 472 436 494 458 53 0.3469 
 622 64 655 89 53 0.3442 
 659 453 679 473 53 0.3343 
 582 259 617 280 53 0.3293 
 541 300 571 325 53 0.3286 
 588 451 604 473 53 0.3276 
 181 620 217 654 53 0.3276 
 641 165 660 186 53 0.3225 
 379 79 410 107 53 0.3184 
 596 23 616 40 53 0.2884 
 76 218 93 235 53 0.2853 
 585 294 608 313 53 0.272 
 590 445 615 475 53 0.2583 
