368 527 404 560 53 0.8706 
 220 292 254 325 53 0.8569 
 575 349 607 379 53 0.855 
 480 626 515 666 53 0.8521 
 416 253 450 283 53 0.8511 
 218 324 248 355 53 0.8501 
 211 262 245 297 53 0.8481 
 363 233 407 268 53 0.8409 
 183 330 219 365 53 0.8408 
 210 0 246 33 53 0.8398 
 0 14 37 44 53 0.8389 
 481 526 521 560 53 0.8384 
 257 305 298 338 53 0.8369 
 593 465 627 501 53 0.8359 
 450 207 486 244 53 0.8345 
 434 378 467 411 53 0.8335 
 17 330 40 356 53 0.8311 
 482 137 523 174 53 0.8272 
 96 450 131 479 53 0.8257 
 54 56 91 92 53 0.8242 
 339 309 376 337 53 0.8242 
 657 388 693 426 53 0.8237 
 486 371 522 405 53 0.8232 
 519 453 558 488 53 0.8223 
 507 225 543 257 53 0.8218 
 461 261 497 290 53 0.8208 
 537 319 576 354 53 0.8203 
 166 281 205 315 53 0.8174 
 166 175 202 209 53 0.8174 
 611 369 647 400 53 0.8174 
 462 312 497 348 53 0.814 
 304 360 337 389 53 0.813 
 395 512 434 546 53 0.8125 
 342 661 368 688 53 0.8106 
 642 307 673 338 53 0.8091 
 74 36 114 71 53 0.8072 
 477 474 516 505 53 0.8062 
 259 104 295 138 53 0.8048 
 454 639 490 671 53 0.8042 
 92 513 126 550 53 0.7944 
 341 547 375 575 53 0.7905 
 308 541 344 576 53 0.79 
 518 668 552 699 53 0.7852 
 389 663 423 690 53 0.7822 
 129 538 172 582 53 0.7822 
 585 652 615 684 53 0.7759 
 13 598 51 636 53 0.7759 
 255 664 294 697 53 0.7716 
 334 594 374 620 53 0.771 
 56 100 92 128 53 0.7695 
 113 8 147 37 53 0.769 
 487 49 525 82 53 0.7686 
 489 20 528 50 53 0.7627 
 385 18 417 46 53 0.7559 
 552 81 597 111 53 0.7559 
 304 312 339 344 53 0.752 
 80 235 107 262 53 0.7515 
 438 67 477 98 53 0.749 
 601 16 641 52 53 0.7485 
 40 610 66 646 53 0.7472 
 658 324 696 356 53 0.7456 
 404 299 438 329 53 0.7446 
 123 249 159 280 53 0.7417 
 564 31 596 65 53 0.7402 
 333 332 356 367 53 0.7374 
 614 594 652 626 53 0.7349 
 637 524 667 554 53 0.7319 
 77 591 117 623 53 0.731 
 557 517 595 540 53 0.7271 
 382 163 418 198 53 0.7266 
 546 486 576 511 53 0.7251 
 590 216 630 250 53 0.7227 
 365 669 392 699 53 0.7223 
 639 604 679 641 53 0.7217 
 392 494 410 522 53 0.715 
 445 516 466 543 53 0.71 
 347 362 375 394 53 0.7062 
 499 274 526 299 53 0.6919 
 1 492 24 521 53 0.6867 
 276 245 302 273 53 0.6851 
 605 127 634 156 53 0.6841 
 36 529 60 555 53 0.6807 
 149 174 176 208 53 0.6792 
 212 472 255 509 53 0.6758 
 604 99 638 129 53 0.668 
 449 585 479 610 53 0.6636 
 516 645 544 678 53 0.6636 
 313 68 338 94 53 0.6611 
 44 322 69 348 53 0.6602 
 367 293 396 319 53 0.6602 
 53 519 85 554 53 0.6582 
 109 557 140 591 53 0.6577 
 650 62 680 90 53 0.652 
 407 410 439 436 53 0.6504 
 220 170 248 199 53 0.6494 
 71 564 107 591 53 0.6479 
 0 667 16 699 53 0.645 
 314 31 347 60 53 0.6323 
 526 432 557 456 53 0.6318 
 311 409 342 433 53 0.6279 
 290 0 317 19 53 0.6247 
 0 465 14 499 53 0.6226 
 416 288 452 327 53 0.6206 
 475 678 496 703 53 0.6133 
 127 34 153 64 53 0.6074 
 519 372 553 393 53 0.606 
 123 226 137 250 53 0.6037 
 250 221 284 258 53 0.5947 
 532 298 563 328 53 0.5869 
 243 82 274 106 53 0.5815 
 636 492 662 524 53 0.5806 
 0 74 25 95 53 0.5764 
 158 77 184 103 53 0.5666 
 151 426 181 449 53 0.563 
 346 293 363 311 53 0.5534 
 624 474 647 509 53 0.5439 
 693 667 702 700 53 0.5342 
 390 496 418 535 53 0.5137 
 331 470 371 504 53 0.5127 
 327 59 361 87 53 0.5088 
 345 16 370 34 53 0.5085 
 287 659 308 687 53 0.5 
 689 389 704 422 53 0.4902 
 659 99 686 124 53 0.4863 
 437 630 457 654 53 0.4854 
 170 647 205 678 53 0.4736 
 0 518 10 539 53 0.4707 
 221 669 259 699 53 0.4668 
 96 334 134 359 53 0.4648 
 524 439 555 471 53 0.4648 
 58 41 109 90 53 0.458 
 685 27 704 52 53 0.4551 
 405 57 421 76 53 0.4224 
 580 487 603 520 53 0.4072 
 691 324 704 355 53 0.4065 
 682 326 702 355 53 0.4055 
 215 266 252 320 53 0.4045 
 414 236 432 257 53 0.4024 
 302 388 323 412 53 0.4006 
 380 295 402 316 53 0.3999 
 511 46 544 80 53 0.397 
 392 278 416 307 53 0.3896 
 110 334 132 354 53 0.3711 
 417 479 459 503 53 0.3674 
 462 165 482 192 53 0.353 
 0 496 18 541 53 0.3354 
 130 131 151 154 53 0.3275 
 450 664 465 689 53 0.3184 
 309 309 370 347 53 0.3174 
 686 666 704 699 53 0.3081 
 527 482 553 507 53 0.2861 
 395 296 410 314 53 0.2837 
 390 578 409 591 53 0.2815 
 162 558 189 583 53 0.2783 
 486 460 550 503 53 0.2764 
 175 41 203 62 53 0.2712 
 0 0 12 21 53 0.2681 
 561 27 620 67 53 0.2678 
 302 296 322 317 53 0.2666 
 377 162 409 187 53 0.2605 
