272 463 302 491 53 0.8501 
 590 224 629 264 53 0.8481 
 12 329 54 367 53 0.8481 
 107 384 146 421 53 0.8452 
 532 431 562 458 53 0.8447 
 571 87 599 114 53 0.8335 
 152 226 193 264 53 0.8306 
 95 307 129 338 53 0.8301 
 89 405 120 432 53 0.8267 
 523 374 556 404 53 0.8258 
 597 147 626 179 53 0.8233 
 414 168 450 202 53 0.8224 
 518 180 552 211 53 0.8223 
 301 421 330 448 53 0.8208 
 249 32 287 66 53 0.8198 
 257 410 288 442 53 0.8164 
 148 68 193 103 53 0.813 
 647 256 681 280 53 0.8105 
 120 220 154 259 53 0.8101 
 432 80 463 112 53 0.8091 
 298 311 321 345 53 0.8058 
 439 41 478 71 53 0.8058 
 322 320 351 347 53 0.8057 
 610 36 644 62 53 0.8042 
 100 349 138 383 53 0.8042 
 190 546 221 575 53 0.8018 
 468 72 505 108 53 0.8004 
 665 235 701 265 53 0.7999 
 565 178 596 206 53 0.7993 
 493 517 529 546 53 0.7969 
 307 20 345 54 53 0.7949 
 342 159 383 193 53 0.7949 
 376 80 417 114 53 0.793 
 232 537 273 570 53 0.7916 
 361 226 398 255 53 0.791 
 70 313 98 340 53 0.7897 
 144 522 185 567 53 0.7886 
 682 390 704 424 53 0.7882 
 367 649 404 679 53 0.7881 
 315 61 358 109 53 0.7866 
 535 84 574 116 53 0.7861 
 547 273 575 303 53 0.7828 
 23 36 61 68 53 0.7812 
 509 32 544 65 53 0.7812 
 418 19 455 49 53 0.7798 
 92 58 128 97 53 0.7793 
 545 411 581 447 53 0.7793 
 414 60 447 89 53 0.7788 
 9 163 42 192 53 0.7788 
 340 97 382 135 53 0.7778 
 221 283 244 312 53 0.7775 
 593 454 621 482 53 0.7759 
 615 10 641 39 53 0.775 
 186 310 223 347 53 0.772 
 501 287 526 318 53 0.7716 
 409 106 441 138 53 0.7686 
 342 251 381 286 53 0.7642 
 438 476 475 511 53 0.7612 
 425 1 459 21 53 0.7598 
 161 0 196 31 53 0.7579 
 294 573 330 606 53 0.7565 
 123 559 156 590 53 0.7549 
 546 26 577 54 53 0.752 
 367 300 402 339 53 0.752 
 449 113 487 139 53 0.7443 
 292 31 320 59 53 0.7432 
 571 385 607 415 53 0.7363 
 183 520 216 550 53 0.7339 
 597 378 623 405 53 0.7334 
 513 651 546 681 53 0.7334 
 680 166 704 192 53 0.7324 
 0 322 14 356 53 0.7231 
 503 206 539 239 53 0.7208 
 373 17 405 45 53 0.7189 
 258 616 293 648 53 0.7163 
 612 317 649 352 53 0.7153 
 573 45 606 72 53 0.709 
 550 528 579 559 53 0.7077 
 381 255 401 279 53 0.7041 
 184 282 211 309 53 0.7007 
 266 122 298 164 53 0.7002 
 183 347 201 377 53 0.6958 
 389 614 438 656 53 0.6943 
 577 18 608 44 53 0.6929 
 44 98 78 127 53 0.6782 
 188 2 217 31 53 0.6772 
 349 309 369 338 53 0.6724 
 237 203 278 240 53 0.6689 
 223 160 251 191 53 0.6567 
 542 166 566 196 53 0.6504 
 625 359 657 391 53 0.647 
 544 653 579 684 53 0.6437 
 35 6 72 37 53 0.6406 
 200 26 219 57 53 0.6372 
 555 568 587 596 53 0.6362 
 418 656 450 687 53 0.6323 
 488 30 517 66 53 0.627 
 593 400 623 434 53 0.6245 
 289 667 327 701 53 0.6242 
 239 607 272 641 53 0.6216 
 447 656 492 692 53 0.6206 
 525 530 549 556 53 0.6162 
 481 145 528 183 53 0.6152 
 11 29 40 60 53 0.6143 
 63 16 100 54 53 0.6084 
 581 414 614 441 53 0.606 
 309 153 344 181 53 0.606 
 629 230 647 257 53 0.6057 
 215 519 234 548 53 0.6057 
 275 194 304 225 53 0.5962 
 120 542 148 567 53 0.5962 
 23 119 55 139 53 0.5962 
 136 332 175 378 53 0.5918 
 693 253 702 289 53 0.5847 
 349 14 364 45 53 0.5715 
 429 143 457 174 53 0.5708 
 561 247 601 274 53 0.5688 
 567 326 600 365 53 0.5508 
 60 122 77 143 53 0.5388 
 403 653 425 675 53 0.5359 
 543 62 568 92 53 0.5342 
 162 122 184 148 53 0.5339 
 142 495 173 525 53 0.5322 
 265 527 296 560 53 0.5215 
 359 64 383 92 53 0.5186 
 185 499 214 529 53 0.5166 
 270 517 298 545 53 0.502 
 222 502 244 523 53 0.5 
 483 25 508 50 53 0.4883 
 423 7 459 36 53 0.4883 
 580 514 610 538 53 0.4736 
 687 560 704 589 53 0.4678 
 0 4 21 38 53 0.4629 
 412 307 439 341 53 0.4426 
 483 667 513 700 53 0.4368 
 368 610 395 644 53 0.4331 
 578 331 612 363 53 0.4292 
 1 161 29 190 53 0.4282 
 183 28 220 63 53 0.4092 
 437 687 469 704 53 0.385 
 628 318 651 344 53 0.3757 
 362 597 392 621 53 0.3748 
 115 219 187 263 53 0.3735 
 113 481 141 510 53 0.3711 
 465 655 504 696 53 0.3701 
 481 154 509 184 53 0.3647 
 647 365 669 392 53 0.3611 
 293 60 327 103 53 0.3577 
 496 594 536 626 53 0.3438 
 266 538 287 564 53 0.3328 
 64 86 88 110 53 0.332 
 338 144 362 168 53 0.3309 
 53 12 73 40 53 0.3191 
 259 202 281 233 53 0.3184 
 89 395 137 433 53 0.3103 
 259 166 289 189 53 0.3091 
 386 608 420 648 53 0.2966 
 548 179 572 209 53 0.2861 
 419 327 447 346 53 0.2783 
 589 323 634 360 53 0.2681 
 193 521 234 552 53 0.259 
 350 577 372 600 53 0.2554 
