275 122 313 153 53 0.8097 
 589 177 620 206 53 0.7944 
 465 406 494 432 53 0.7827 
 536 548 564 569 53 0.778 
 649 564 673 590 53 0.7607 
 683 338 703 372 53 0.7574 
 542 522 571 547 53 0.7501 
 455 206 475 232 53 0.7208 
 4 404 36 433 53 0.7202 
 589 428 629 462 53 0.7124 
 494 284 522 310 53 0.7002 
 653 212 683 236 53 0.6895 
 539 311 576 341 53 0.6826 
 545 164 568 190 53 0.6789 
 511 262 535 289 53 0.6745 
 559 115 588 142 53 0.6689 
 329 364 362 391 53 0.6353 
 243 107 270 136 53 0.6279 
 536 189 556 207 53 0.613 
 635 552 657 579 53 0.6081 
 54 0 78 15 53 0.5718 
 56 28 81 49 53 0.5679 
 76 363 110 388 53 0.5659 
 580 418 596 438 53 0.5617 
 103 28 129 55 53 0.5391 
 613 477 650 500 53 0.5361 
 114 51 141 72 53 0.5215 
 557 427 580 453 53 0.5049 
 615 448 648 472 53 0.5 
 2 20 21 46 53 0.4932 
 48 424 84 447 53 0.4883 
 86 60 115 81 53 0.4775 
 268 224 298 253 53 0.4688 
 631 623 650 644 53 0.4485 
 109 0 143 16 53 0.4177 
 485 308 501 331 53 0.4092 
 536 290 553 308 53 0.396 
 213 291 238 318 53 0.3887 
 563 420 596 443 53 0.3748 
 62 30 94 52 53 0.3674 
 602 82 624 102 53 0.3565 
 680 2 704 30 53 0.3557 
 694 45 703 68 53 0.3459 
 626 166 644 187 53 0.3372 
 282 676 299 701 53 0.3364 
 248 223 266 250 53 0.3311 
 570 17 593 40 53 0.3216 
 30 406 52 425 53 0.3201 
 322 172 341 195 53 0.3155 
 300 264 325 288 53 0.3108 
 73 36 93 57 53 0.3049 
 692 268 701 295 53 0.2983 
 183 303 211 326 53 0.2949 
 599 0 636 25 53 0.2917 
 470 303 495 327 53 0.2791 
 2 312 15 332 53 0.2751 
 588 139 615 161 53 0.2744 
 687 46 704 69 53 0.2576 
 100 38 138 62 53 0.2554 
 534 531 544 549 53 0.251 
