187 257 223 291 53 0.8652 
 520 667 555 701 53 0.856 
 188 369 222 407 53 0.8521 
 304 271 338 308 53 0.8506 
 221 375 259 416 53 0.8472 
 405 2 445 45 53 0.8447 
 644 52 687 91 53 0.8442 
 327 413 366 449 53 0.8423 
 41 371 68 406 53 0.8399 
 0 57 29 93 53 0.8389 
 514 149 541 180 53 0.8354 
 644 266 681 299 53 0.8336 
 99 587 142 638 53 0.8335 
 274 267 309 302 53 0.8315 
 152 324 192 363 53 0.8311 
 531 507 568 544 53 0.8306 
 257 553 295 589 53 0.8267 
 657 571 686 604 53 0.8238 
 48 58 86 94 53 0.8232 
 379 373 408 405 53 0.8208 
 357 368 385 399 53 0.8198 
 196 488 236 519 53 0.8188 
 95 310 133 348 53 0.8184 
 303 374 343 415 53 0.8174 
 540 89 582 122 53 0.817 
 512 305 552 335 53 0.8125 
 143 472 181 502 53 0.8105 
 214 69 256 108 53 0.8105 
 481 135 520 170 53 0.8101 
 563 502 597 531 53 0.8076 
 520 448 549 479 53 0.8058 
 249 280 287 319 53 0.8057 
 541 635 578 672 53 0.7993 
 585 487 625 518 53 0.796 
 680 17 704 50 53 0.7944 
 348 94 380 128 53 0.7905 
 272 145 310 176 53 0.7905 
 591 318 625 353 53 0.7891 
 124 51 164 86 53 0.7887 
 320 614 364 650 53 0.7871 
 364 422 392 455 53 0.7857 
 47 115 80 149 53 0.7842 
 125 409 166 446 53 0.7842 
 261 180 307 224 53 0.7827 
 496 334 540 383 53 0.7769 
 438 13 487 52 53 0.771 
 21 371 48 403 53 0.7687 
 339 179 381 219 53 0.7661 
 167 33 206 66 53 0.7642 
 174 1 215 41 53 0.7607 
 301 171 332 207 53 0.7594 
 96 423 132 457 53 0.7534 
 464 508 496 543 53 0.7529 
 586 61 617 90 53 0.7476 
 125 444 171 478 53 0.7476 
 477 171 523 219 53 0.7471 
 633 554 672 591 53 0.7461 
 618 486 640 518 53 0.736 
 84 405 117 436 53 0.7295 
 332 199 367 238 53 0.7256 
 548 390 579 415 53 0.7188 
 228 204 267 232 53 0.7153 
 488 506 513 538 53 0.7101 
 655 173 694 206 53 0.7041 
 38 505 86 549 53 0.7031 
 81 637 129 671 53 0.7007 
 279 123 327 163 53 0.6992 
 628 234 669 268 53 0.6968 
 658 150 700 184 53 0.6875 
 62 314 102 346 53 0.686 
 77 607 115 645 53 0.6807 
 404 591 428 624 53 0.6724 
 345 672 386 703 53 0.6724 
 544 326 578 362 53 0.6689 
 97 182 128 215 53 0.6577 
 474 240 531 292 53 0.6538 
 640 663 679 698 53 0.6426 
 348 262 379 290 53 0.625 
 567 479 596 504 53 0.6226 
 334 265 355 293 53 0.6133 
 285 343 314 376 53 0.6123 
 379 353 395 379 53 0.604 
 293 0 330 24 53 0.5991 
 693 275 702 306 53 0.5959 
 219 675 251 703 53 0.5391 
 245 321 288 355 53 0.4785 
 675 323 704 359 53 0.4697 
 334 288 360 316 53 0.4514 
 540 1 579 14 53 0.4377 
 95 669 117 703 53 0.4368 
 355 288 385 312 53 0.4312 
 385 445 412 478 53 0.3987 
 374 356 405 393 53 0.3896 
 332 175 368 207 53 0.3557 
 338 279 384 319 53 0.354 
 562 301 596 339 53 0.3416 
 188 35 211 65 53 0.3167 
 686 275 704 306 53 0.2869 
 208 365 238 390 53 0.283 
 119 322 207 364 53 0.2708 
