552 12 588 45 53 0.8579 
 226 161 261 200 53 0.8428 
 440 436 475 469 53 0.8408 
 358 324 380 352 53 0.838 
 237 379 269 408 53 0.8291 
 337 387 370 415 53 0.8228 
 261 369 285 396 53 0.8199 
 404 306 432 327 53 0.8188 
 204 436 236 466 53 0.8174 
 419 644 446 672 53 0.8131 
 597 381 628 405 53 0.813 
 322 290 349 322 53 0.8091 
 180 413 220 447 53 0.8062 
 359 363 384 388 53 0.7984 
 136 433 166 465 53 0.7983 
 526 477 554 509 53 0.7959 
 636 22 673 51 53 0.79 
 517 367 542 397 53 0.7897 
 662 375 704 406 53 0.7882 
 217 464 244 486 53 0.7827 
 404 182 434 211 53 0.7812 
 618 68 648 93 53 0.7804 
 87 20 115 45 53 0.7788 
 186 454 218 483 53 0.7642 
 58 5 88 30 53 0.7637 
 418 227 446 252 53 0.7622 
 554 343 592 370 53 0.7568 
 183 52 210 75 53 0.7529 
 404 538 434 562 53 0.752 
 277 139 309 166 53 0.7505 
 417 408 438 436 53 0.7482 
 372 186 396 216 53 0.7443 
 20 459 60 497 53 0.7443 
 267 256 292 278 53 0.7388 
 205 36 234 71 53 0.7335 
 158 332 190 363 53 0.7305 
 356 257 388 281 53 0.7241 
 203 370 233 395 53 0.7231 
 399 459 421 482 53 0.7228 
 295 71 323 97 53 0.7212 
 101 444 131 471 53 0.7212 
 420 449 444 473 53 0.7188 
 6 308 50 338 53 0.7178 
 466 575 492 600 53 0.716 
 303 367 330 397 53 0.7148 
 375 212 396 236 53 0.7145 
 169 39 191 64 53 0.7135 
 435 312 468 333 53 0.7104 
 300 250 324 278 53 0.708 
 670 19 692 49 53 0.7017 
 392 659 424 681 53 0.7007 
 298 278 323 301 53 0.7002 
 533 43 568 65 53 0.6968 
 356 14 381 39 53 0.6958 
 586 338 614 368 53 0.6958 
 322 258 340 286 53 0.695 
 322 319 344 343 53 0.695 
 410 573 444 600 53 0.6899 
 340 36 375 61 53 0.6895 
 521 6 552 29 53 0.6851 
 428 586 456 612 53 0.6837 
 386 515 407 543 53 0.6833 
 152 460 172 488 53 0.6807 
 216 394 245 423 53 0.6764 
 392 558 418 584 53 0.6748 
 356 84 391 114 53 0.667 
 433 532 457 555 53 0.6655 
 247 345 280 372 53 0.6655 
 373 275 395 301 53 0.6621 
 443 381 470 404 53 0.6582 
 394 286 418 305 53 0.6538 
 500 572 527 598 53 0.6533 
 545 657 575 688 53 0.6514 
 205 233 240 265 53 0.6504 
 325 162 356 189 53 0.6479 
 538 361 569 389 53 0.6406 
 235 590 268 618 53 0.6372 
 203 182 230 212 53 0.6323 
 70 267 101 294 53 0.6299 
 132 465 160 493 53 0.6299 
 300 644 330 672 53 0.6279 
 448 0 475 22 53 0.626 
 631 275 651 296 53 0.6257 
 0 133 23 155 53 0.6245 
 494 171 523 203 53 0.6226 
 90 648 121 677 53 0.6196 
 147 54 177 88 53 0.6177 
 109 498 136 522 53 0.6143 
 444 515 476 539 53 0.6113 
 167 521 192 560 53 0.6113 
 80 415 123 450 53 0.6074 
 182 354 203 378 53 0.5998 
 376 541 403 560 53 0.5972 
 122 374 140 406 53 0.5905 
 240 237 267 263 53 0.5886 
 228 30 251 58 53 0.5859 
 458 659 487 683 53 0.5859 
 117 538 140 567 53 0.5806 
 18 0 45 20 53 0.5747 
 66 568 94 589 53 0.5737 
 133 492 177 534 53 0.5669 
 9 493 26 526 53 0.5659 
 610 0 645 14 53 0.564 
 143 291 175 320 53 0.5581 
 489 678 520 703 53 0.5581 
 452 595 476 619 53 0.5547 
 691 444 702 462 53 0.5518 
 341 665 376 692 53 0.5498 
 145 36 177 65 53 0.5488 
 223 13 244 36 53 0.543 
 211 156 243 184 53 0.5381 
 109 185 138 217 53 0.5371 
 517 340 541 363 53 0.5273 
 27 24 48 44 53 0.5271 
 480 171 509 203 53 0.5232 
 658 1 694 20 53 0.5156 
 263 33 294 56 53 0.5137 
 298 0 325 15 53 0.5117 
 480 446 501 470 53 0.5115 
 163 435 183 462 53 0.5068 
 243 69 269 90 53 0.5049 
 148 416 180 439 53 0.5039 
 416 211 435 235 53 0.502 
 533 569 565 591 53 0.5 
 461 473 481 493 53 0.4959 
 364 39 384 66 53 0.4941 
 210 330 228 352 53 0.49 
 560 184 595 214 53 0.4893 
 376 56 395 75 53 0.4844 
 0 0 9 21 53 0.4727 
 183 332 203 360 53 0.4648 
 2 348 30 371 53 0.4619 
 39 433 63 449 53 0.457 
 435 37 462 61 53 0.4534 
 286 676 310 700 53 0.4524 
 324 397 338 417 53 0.4426 
 587 182 618 207 53 0.4426 
 391 160 412 179 53 0.4417 
 327 189 346 207 53 0.4341 
 188 516 216 550 53 0.4331 
 168 448 195 478 53 0.4263 
 234 534 258 558 53 0.4253 
 620 578 637 598 53 0.4241 
 171 125 187 145 53 0.4204 
 47 193 70 217 53 0.4082 
 366 249 393 269 53 0.4072 
 24 388 55 421 53 0.4045 
 97 559 114 588 53 0.4036 
 34 114 59 137 53 0.4034 
 17 187 46 211 53 0.3943 
 244 224 270 246 53 0.3904 
 90 548 110 572 53 0.3811 
 295 180 313 204 53 0.3804 
 660 0 696 43 53 0.3738 
 411 685 426 703 53 0.3721 
 93 201 118 224 53 0.3721 
 402 383 424 405 53 0.3719 
 622 644 646 665 53 0.363 
 325 679 355 702 53 0.363 
 10 110 35 148 53 0.353 
 53 645 84 670 53 0.3513 
 0 623 33 653 53 0.3496 
 152 99 172 128 53 0.3433 
 248 36 271 64 53 0.3311 
 171 655 189 677 53 0.3167 
 427 684 467 702 53 0.3167 
 322 335 339 354 53 0.2998 
 96 9 116 22 53 0.2949 
 381 575 399 594 53 0.2917 
 316 136 335 155 53 0.2629 
 399 424 420 445 53 0.2554 
