314 326 340 352 53 0.6937 
 485 323 514 348 53 0.6636 
 583 373 610 397 53 0.6636 
 192 268 220 293 53 0.6514 
 219 404 247 430 53 0.6476 
 138 447 164 476 53 0.647 
 170 363 203 387 53 0.6113 
 668 14 694 41 53 0.6071 
 311 349 330 370 53 0.6071 
 326 352 351 374 53 0.6069 
 540 433 564 458 53 0.5991 
 412 123 444 146 53 0.5728 
 285 301 311 328 53 0.5705 
 166 259 192 283 53 0.5659 
 282 0 316 32 53 0.562 
 242 372 265 393 53 0.5588 
 222 21 246 55 53 0.5518 
 79 276 104 295 53 0.5505 
 579 311 603 334 53 0.5459 
 385 392 410 415 53 0.542 
 411 247 439 268 53 0.5332 
 236 52 262 80 53 0.5264 
 287 393 315 414 53 0.5176 
 49 340 79 363 53 0.4941 
 254 409 270 429 53 0.4939 
 668 187 694 214 53 0.4883 
 304 451 322 480 53 0.4834 
 237 531 266 558 53 0.4766 
 461 141 484 163 53 0.4727 
 456 460 479 481 53 0.4549 
 9 178 25 199 53 0.4309 
 37 383 65 406 53 0.4226 
 306 225 335 250 53 0.4158 
 288 453 309 478 53 0.3767 
 606 460 626 490 53 0.353 
 44 282 72 306 53 0.3513 
 283 397 304 422 53 0.3201 
 659 213 683 235 53 0.3149 
 301 117 328 140 53 0.3108 
 241 213 266 232 53 0.3023 
 607 262 627 284 53 0.2966 
 299 390 315 410 53 0.2791 
 614 170 644 197 53 0.2659 
 182 117 211 138 53 0.2637 
 252 551 282 574 53 0.2622 
 0 29 26 52 53 0.2539 
 142 323 164 346 53 0.2502 
