8 81 49 118 53 0.8433 
 496 207 530 241 53 0.8326 
 589 303 613 332 53 0.8224 
 372 210 406 241 53 0.8208 
 40 114 77 144 53 0.8159 
 55 72 93 104 53 0.8126 
 212 342 240 371 53 0.8082 
 292 210 327 243 53 0.8081 
 532 240 568 272 53 0.8066 
 536 0 572 33 53 0.8032 
 338 326 371 358 53 0.8027 
 373 539 407 573 53 0.7993 
 372 285 398 316 53 0.7984 
 323 180 359 204 53 0.7983 
 309 247 345 278 53 0.7974 
 528 270 561 296 53 0.7944 
 178 0 212 21 53 0.792 
 668 406 704 437 53 0.7897 
 415 265 448 299 53 0.7887 
 323 304 353 331 53 0.7881 
 277 238 314 266 53 0.7867 
 218 293 253 321 53 0.7852 
 16 422 55 457 53 0.7838 
 376 76 407 108 53 0.7812 
 290 157 324 185 53 0.7773 
 396 481 436 513 53 0.7759 
 242 323 282 355 53 0.7725 
 359 226 386 251 53 0.7706 
 650 209 675 237 53 0.769 
 466 18 502 49 53 0.7671 
 629 502 658 530 53 0.7646 
 92 331 120 356 53 0.7633 
 281 92 312 119 53 0.7627 
 89 218 118 245 53 0.7622 
 229 500 261 535 53 0.7607 
 382 180 418 210 53 0.7607 
 511 53 547 84 53 0.7593 
 179 483 213 510 53 0.7583 
 178 253 212 282 53 0.7555 
 187 453 224 482 53 0.7549 
 119 308 141 336 53 0.7545 
 462 270 494 298 53 0.7461 
 471 150 505 183 53 0.7461 
 166 330 205 365 53 0.7452 
 97 3 129 28 53 0.7324 
 616 233 647 260 53 0.7324 
 288 469 320 497 53 0.731 
 319 3 353 27 53 0.7227 
 230 239 262 269 53 0.7208 
 49 667 88 702 53 0.7184 
 324 447 358 478 53 0.7178 
 325 133 359 160 53 0.7163 
 59 239 97 267 53 0.715 
 643 240 671 262 53 0.7129 
 198 55 231 82 53 0.7114 
 387 1 418 19 53 0.7065 
 114 207 145 239 53 0.7065 
 308 30 337 58 53 0.7056 
 342 160 367 187 53 0.7047 
 0 250 17 283 53 0.7031 
 0 9 27 37 53 0.7007 
 385 326 418 353 53 0.7007 
 430 163 456 189 53 0.7007 
 83 305 117 332 53 0.6974 
 74 544 116 576 53 0.6934 
 469 219 499 243 53 0.6919 
 605 195 643 224 53 0.6899 
 423 22 452 49 53 0.6895 
 573 520 616 554 53 0.689 
 51 316 82 343 53 0.6807 
 112 400 145 431 53 0.6792 
 530 196 550 224 53 0.672 
 99 488 132 519 53 0.668 
 595 74 632 102 53 0.667 
 359 153 394 180 53 0.6636 
 293 397 328 425 53 0.6538 
 418 1 460 23 53 0.6494 
 146 396 167 421 53 0.6393 
 244 417 269 440 53 0.6353 
 131 258 156 285 53 0.6318 
 395 155 422 181 53 0.6299 
 282 365 300 382 53 0.6296 
 19 646 64 676 53 0.6279 
 629 85 663 107 53 0.626 
 307 286 340 313 53 0.6216 
 419 193 445 216 53 0.6167 
 551 204 570 227 53 0.6081 
 0 415 16 452 53 0.606 
 381 495 402 523 53 0.6001 
 400 260 428 286 53 0.5991 
 157 0 183 25 53 0.5954 
 658 39 701 68 53 0.5938 
 156 262 187 294 53 0.5908 
 627 604 666 636 53 0.5879 
 85 415 119 439 53 0.582 
 466 184 491 200 53 0.5796 
 483 45 520 81 53 0.5679 
 225 451 259 478 53 0.564 
 450 45 479 65 53 0.561 
 67 42 104 77 53 0.5601 
 180 302 204 328 53 0.5537 
 55 38 84 64 53 0.5515 
 522 422 559 450 53 0.5498 
 583 148 616 183 53 0.542 
 159 23 190 43 53 0.5322 
 397 230 422 251 53 0.5303 
 202 160 224 190 53 0.5234 
 40 503 64 530 53 0.5117 
 377 453 403 478 53 0.5107 
 441 83 454 108 53 0.4971 
 246 219 278 245 53 0.4951 
 13 193 30 214 53 0.4949 
 505 1 531 27 53 0.4893 
 437 20 470 52 53 0.4814 
 529 255 569 292 53 0.4751 
 546 62 575 86 53 0.4619 
 328 497 346 529 53 0.4609 
 659 38 681 64 53 0.4453 
 448 373 488 400 53 0.4177 
 91 0 105 15 53 0.4146 
 212 120 241 142 53 0.4141 
 119 77 135 94 53 0.4092 
 166 680 210 704 53 0.4092 
 101 38 113 55 53 0.4024 
 214 257 243 284 53 0.4016 
 231 534 253 558 53 0.3877 
 557 150 585 178 53 0.3794 
 451 292 475 314 53 0.3748 
 232 197 261 215 53 0.3647 
 196 219 221 235 53 0.363 
 196 290 221 321 53 0.3621 
 398 357 409 384 53 0.3425 
 216 182 240 203 53 0.3416 
 619 352 635 367 53 0.3408 
 479 591 509 621 53 0.3372 
 95 211 136 244 53 0.3354 
 360 382 378 403 53 0.3303 
 578 49 603 73 53 0.3258 
 7 320 27 342 53 0.3123 
 468 52 495 82 53 0.3091 
 267 440 281 457 53 0.3015 
 419 1 439 25 53 0.2959 
 329 309 368 348 53 0.281 
 244 574 266 599 53 0.2782 
 87 37 113 61 53 0.2561 
