149 497 190 532 53 0.8608 
 0 106 35 143 53 0.8525 
 261 159 299 194 53 0.8521 
 208 80 250 117 53 0.8521 
 416 108 456 142 53 0.8516 
 156 370 199 405 53 0.8463 
 426 460 462 498 53 0.8452 
 142 251 173 284 53 0.8447 
 473 341 520 378 53 0.8443 
 281 210 317 242 53 0.8438 
 114 381 153 419 53 0.8409 
 102 249 142 286 53 0.8408 
 459 170 499 207 53 0.8398 
 388 415 427 452 53 0.8394 
 459 91 505 130 53 0.8345 
 415 350 459 385 53 0.834 
 97 607 131 642 53 0.8335 
 517 93 558 127 53 0.8326 
 228 605 269 643 53 0.8311 
 172 25 213 60 53 0.8287 
 313 214 351 246 53 0.8272 
 350 76 386 114 53 0.8271 
 270 293 311 336 53 0.8242 
 352 289 397 332 53 0.8242 
 553 134 604 177 53 0.8237 
 92 333 130 369 53 0.8232 
 189 347 223 384 53 0.8232 
 110 502 150 534 53 0.8232 
 320 244 359 281 53 0.8224 
 183 111 220 143 53 0.8203 
 57 207 94 241 53 0.8203 
 309 650 353 687 53 0.8193 
 101 12 136 55 53 0.8174 
 291 593 331 629 53 0.8174 
 133 22 174 60 53 0.817 
 388 46 424 83 53 0.816 
 209 446 248 480 53 0.8159 
 238 416 284 454 53 0.8145 
 159 232 203 267 53 0.8115 
 564 27 607 63 53 0.8111 
 285 242 320 275 53 0.8091 
 225 106 262 145 53 0.8086 
 190 570 229 609 53 0.8086 
 359 375 395 418 53 0.8076 
 442 283 487 320 53 0.8032 
 209 279 246 313 53 0.8028 
 422 497 454 529 53 0.8003 
 44 336 72 374 53 0.7945 
 0 260 23 305 53 0.793 
 116 619 158 657 53 0.793 
 116 445 152 479 53 0.793 
 287 380 327 418 53 0.7925 
 144 87 185 119 53 0.792 
 620 112 662 153 53 0.792 
 348 0 393 30 53 0.79 
 371 549 413 581 53 0.7891 
 0 635 42 675 53 0.7871 
 350 489 389 527 53 0.7861 
 236 202 272 230 53 0.7812 
 155 400 199 433 53 0.772 
 551 413 592 448 53 0.7583 
 355 652 390 687 53 0.7583 
 391 580 423 614 53 0.7568 
 386 370 416 401 53 0.7559 
 21 59 60 97 53 0.7534 
 458 583 505 621 53 0.7515 
 535 565 573 603 53 0.749 
 20 339 48 371 53 0.7485 
 435 200 472 232 53 0.7319 
 491 417 527 448 53 0.7168 
 513 118 555 143 53 0.7163 
 162 437 206 482 53 0.7036 
 30 574 69 604 53 0.6992 
 76 493 115 527 53 0.6925 
 31 623 57 653 53 0.6872 
 591 369 616 404 53 0.6733 
 242 0 288 31 53 0.6689 
 65 642 99 673 53 0.6626 
 471 620 511 650 53 0.6621 
 252 376 276 404 53 0.6618 
 517 66 542 93 53 0.6489 
 490 455 529 485 53 0.6387 
 382 674 415 704 53 0.6299 
 127 173 162 208 53 0.6094 
 516 1 561 17 53 0.5581 
 435 66 465 96 53 0.5066 
 367 372 411 410 53 0.4756 
 264 1 287 29 53 0.4627 
 316 216 357 274 53 0.4585 
 219 115 234 143 53 0.4351 
 67 609 92 639 53 0.4341 
 319 99 342 123 53 0.3557 
 332 407 359 428 53 0.3486 
 117 497 201 538 53 0.3442 
 282 208 340 252 53 0.3398 
 138 1 155 15 53 0.3354 
 411 99 478 149 53 0.3289 
 73 491 153 532 53 0.3049 
 432 196 459 222 53 0.2539 
