0 158 36 195 53 0.8232 
 31 561 71 600 53 0.7646 
 83 305 125 338 53 0.7622 
 5 0 46 32 53 0.7544 
 160 462 203 498 53 0.7544 
 1 194 28 222 53 0.7256 
 277 145 300 181 53 0.6851 
 657 0 702 22 53 0.6602 
 60 546 100 582 53 0.6489 
 50 242 82 272 53 0.6216 
 10 477 53 514 53 0.6172 
 120 245 160 287 53 0.6045 
 462 8 499 47 53 0.5469 
 94 130 132 162 53 0.5078 
 56 141 100 177 53 0.5005 
 271 230 312 257 53 0.4902 
 614 241 655 279 53 0.4722 
 693 404 703 430 53 0.4226 
 360 343 397 376 53 0.4216 
 49 405 93 442 53 0.4141 
 272 229 291 259 53 0.4111 
 563 303 596 333 53 0.4055 
 286 507 325 542 53 0.3372 
 114 51 156 88 53 0.3203 
 519 151 556 183 53 0.3184 
 651 246 687 276 53 0.3115 
 51 51 88 76 53 0.2935 
 353 142 398 179 53 0.2705 
