248 264 279 292 53 0.8154 
 630 77 651 104 53 0.7706 
 599 58 622 82 53 0.7511 
 426 462 460 495 53 0.7358 
 441 290 479 317 53 0.7334 
 419 311 442 333 53 0.7139 
 488 131 522 155 53 0.7031 
 560 98 585 123 53 0.6823 
 662 64 688 89 53 0.6802 
 529 0 563 19 53 0.6299 
 537 224 560 249 53 0.6232 
 609 44 640 69 53 0.6104 
 618 152 645 175 53 0.6084 
 235 244 256 270 53 0.6018 
 1 402 23 430 53 0.5972 
 188 405 219 427 53 0.5879 
 20 398 45 421 53 0.582 
 200 149 223 173 53 0.5754 
 479 431 513 467 53 0.5508 
 601 29 620 49 53 0.5388 
 400 301 421 320 53 0.5134 
 325 199 349 221 53 0.5127 
 654 22 677 45 53 0.5007 
 500 337 533 358 53 0.4844 
 305 421 325 445 53 0.4795 
 470 274 494 298 53 0.4766 
 275 449 302 473 53 0.4697 
 543 99 561 125 53 0.459 
 172 251 191 271 53 0.4522 
 454 263 477 290 53 0.4495 
 418 114 452 136 53 0.4387 
 333 439 361 463 53 0.4341 
 180 432 197 455 53 0.41 
 87 352 113 375 53 0.4082 
 202 429 221 451 53 0.408 
 79 306 111 337 53 0.4065 
 479 255 501 278 53 0.3999 
 396 238 421 263 53 0.3989 
 593 0 608 18 53 0.3933 
 454 460 475 484 53 0.3933 
 448 530 475 555 53 0.3912 
 325 172 353 197 53 0.3767 
 629 21 652 43 53 0.3684 
 0 421 11 451 53 0.3673 
 589 456 612 477 53 0.3594 
 50 437 69 457 53 0.3575 
 78 436 106 457 53 0.3494 
 489 433 509 459 53 0.3269 
 555 0 575 15 53 0.3242 
 174 0 199 19 53 0.3174 
 581 93 598 111 53 0.3121 
 184 207 202 230 53 0.3108 
 126 194 140 212 53 0.3072 
 236 303 255 319 53 0.2901 
 200 3 234 34 53 0.2854 
 590 421 620 444 53 0.283 
 407 0 435 23 53 0.2783 
 566 308 590 328 53 0.272 
 118 0 155 25 53 0.2612 
 479 498 498 518 53 0.2532 
