544 401 579 432 53 0.7905 
 487 309 525 343 53 0.7862 
 221 0 259 30 53 0.7793 
 202 32 236 63 53 0.7734 
 289 0 326 21 53 0.7661 
 674 161 704 195 53 0.7661 
 452 392 482 418 53 0.7656 
 116 19 142 48 53 0.7623 
 420 120 449 149 53 0.7598 
 595 127 626 156 53 0.7555 
 604 245 640 287 53 0.7393 
 223 40 253 71 53 0.7339 
 574 329 601 356 53 0.7262 
 375 224 413 255 53 0.7163 
 451 361 487 392 53 0.7148 
 624 46 660 76 53 0.709 
 213 338 239 369 53 0.6992 
 398 376 431 408 53 0.6899 
 174 77 203 110 53 0.6851 
 479 416 510 447 53 0.6816 
 256 448 289 481 53 0.6738 
 187 1 222 19 53 0.6504 
 575 393 597 423 53 0.6494 
 366 136 403 167 53 0.6245 
 643 459 678 492 53 0.6206 
 494 74 533 108 53 0.6162 
 553 335 577 361 53 0.6133 
 230 340 256 367 53 0.6113 
 224 273 260 304 53 0.5962 
 249 26 274 46 53 0.5767 
 620 95 641 119 53 0.5735 
 372 438 408 472 53 0.5723 
 497 8 535 38 53 0.563 
 370 368 399 399 53 0.5537 
 630 233 662 262 53 0.5215 
 277 121 311 152 53 0.5039 
 96 435 138 478 53 0.4854 
 377 592 416 622 53 0.459 
 474 417 494 441 53 0.4483 
 396 475 428 506 53 0.4358 
 585 53 605 78 53 0.4292 
 439 193 479 223 53 0.4187 
 641 521 678 546 53 0.4036 
 681 382 704 411 53 0.4016 
 605 93 622 123 53 0.4004 
 480 590 522 631 53 0.3923 
 656 174 697 209 53 0.3896 
 221 251 245 280 53 0.384 
 479 218 499 245 53 0.354 
 656 185 678 212 53 0.3123 
 656 234 674 262 53 0.3066 
 533 592 570 616 53 0.3049 
 546 566 578 593 53 0.3015 
 681 543 703 571 53 0.2966 
 466 668 497 700 53 0.2966 
 301 138 329 170 53 0.2583 
