598 155 628 189 53 0.8271 
 643 209 678 238 53 0.8237 
 477 167 515 198 53 0.8224 
 382 171 419 203 53 0.8223 
 162 214 198 246 53 0.8135 
 14 18 50 49 53 0.8091 
 107 202 147 235 53 0.8087 
 541 58 581 91 53 0.8077 
 268 86 301 115 53 0.8057 
 499 140 533 171 53 0.8018 
 336 300 373 332 53 0.7988 
 611 126 647 157 53 0.7925 
 188 135 222 167 53 0.7916 
 110 77 140 108 53 0.7881 
 610 443 643 477 53 0.7847 
 624 18 657 46 53 0.7827 
 483 227 513 256 53 0.7788 
 326 71 367 104 53 0.7755 
 228 300 260 328 53 0.7563 
 398 427 438 457 53 0.7531 
 377 138 408 171 53 0.7515 
 85 59 119 94 53 0.7452 
 38 295 72 326 53 0.7407 
 456 402 495 430 53 0.7393 
 498 637 534 668 53 0.7373 
 502 247 540 273 53 0.7358 
 271 498 308 527 53 0.731 
 246 449 275 477 53 0.7148 
 260 379 302 411 53 0.7139 
 682 251 703 283 53 0.7135 
 96 239 138 275 53 0.7101 
 403 141 429 168 53 0.7041 
 452 204 488 236 53 0.7031 
 659 393 687 421 53 0.7007 
 44 0 85 18 53 0.6992 
 628 468 663 497 53 0.6934 
 78 331 108 359 53 0.6899 
 417 352 454 382 53 0.6875 
 406 598 442 628 53 0.686 
 341 195 374 225 53 0.6841 
 488 270 523 301 53 0.6802 
 65 595 99 625 53 0.6733 
 169 529 208 563 53 0.6655 
 436 117 475 145 53 0.6646 
 675 665 704 696 53 0.6636 
 77 48 87 70 53 0.6623 
 684 477 704 507 53 0.6343 
 464 635 500 666 53 0.6299 
 142 645 183 675 53 0.6289 
 583 228 612 254 53 0.6216 
 306 594 339 624 53 0.6187 
 514 397 552 432 53 0.6133 
 73 303 97 334 53 0.6094 
 601 630 639 662 53 0.6069 
 668 301 699 329 53 0.5938 
 16 342 53 373 53 0.5918 
 448 156 477 189 53 0.5889 
 654 139 681 162 53 0.5725 
 118 1 150 18 53 0.5527 
 418 629 447 651 53 0.5479 
 561 337 606 372 53 0.5186 
 126 439 166 473 53 0.4951 
 372 667 407 700 53 0.4795 
 367 378 398 409 53 0.4727 
 183 197 204 221 53 0.4368 
 102 252 132 278 53 0.4263 
 420 89 434 113 53 0.3912 
 225 524 243 549 53 0.3867 
 505 226 527 250 53 0.385 
 447 506 479 535 53 0.3821 
 315 486 345 505 53 0.3804 
 614 644 645 670 53 0.3794 
 486 539 526 566 53 0.3657 
 7 247 40 266 53 0.3557 
 183 77 208 101 53 0.3276 
 576 76 595 97 53 0.2925 
 23 663 52 687 53 0.2759 
 660 640 690 667 53 0.272 
 380 141 417 197 53 0.2717 
 343 39 368 60 53 0.2712 
 661 323 694 344 53 0.2605 
 379 613 412 642 53 0.2561 
