313 324 347 353 53 0.8501 
 276 58 306 88 53 0.8253 
 559 303 593 334 53 0.8032 
 254 50 279 77 53 0.8027 
 497 251 527 280 53 0.7984 
 464 331 491 365 53 0.7945 
 648 59 680 91 53 0.792 
 444 341 466 368 53 0.7881 
 108 385 134 415 53 0.7867 
 340 384 365 408 53 0.7843 
 661 108 690 132 53 0.7773 
 421 554 454 585 53 0.7667 
 673 537 703 570 53 0.7653 
 436 4 463 29 53 0.7531 
 629 121 660 150 53 0.7402 
 127 58 153 86 53 0.7384 
 25 220 57 244 53 0.7339 
 320 655 351 680 53 0.7319 
 181 162 212 186 53 0.7319 
 213 244 242 266 53 0.7285 
 455 261 483 290 53 0.7217 
 546 165 572 193 53 0.7188 
 3 240 38 260 53 0.7168 
 403 211 424 238 53 0.7125 
 300 462 325 488 53 0.7121 
 657 476 690 506 53 0.71 
 362 543 389 568 53 0.6968 
 182 477 208 501 53 0.6934 
 487 437 514 460 53 0.686 
 294 169 329 203 53 0.6857 
 36 453 69 478 53 0.6514 
 195 181 223 208 53 0.647 
 329 425 354 455 53 0.6309 
 201 459 216 486 53 0.6123 
 401 530 432 557 53 0.6094 
 288 420 311 447 53 0.6091 
 421 205 449 227 53 0.604 
 125 1 147 20 53 0.6037 
 544 140 570 161 53 0.5915 
 291 278 314 305 53 0.585 
 549 265 574 284 53 0.5744 
 692 211 701 234 53 0.5588 
 649 546 674 571 53 0.5466 
 153 349 176 368 53 0.5456 
 407 365 432 386 53 0.5203 
 650 623 677 651 53 0.5039 
 133 23 160 42 53 0.4775 
 473 21 486 39 53 0.4727 
 8 175 35 195 53 0.4597 
 258 30 279 52 53 0.4175 
 260 450 282 470 53 0.3885 
 13 38 42 64 53 0.3767 
 0 531 24 557 53 0.3748 
 2 208 21 235 53 0.3692 
 218 278 232 294 53 0.3311 
 12 558 39 587 53 0.314 
 286 444 309 464 53 0.2959 
 89 0 111 14 53 0.291 
 379 603 401 624 53 0.2884 
 672 360 696 380 53 0.2776 
 629 602 654 631 53 0.2666 
 687 209 703 236 53 0.2576 
