579 140 629 194 53 0.876 
 530 217 583 272 53 0.8594 
 469 146 518 193 53 0.854 
 149 643 193 687 53 0.853 
 465 255 514 297 53 0.8516 
 554 400 598 446 53 0.8506 
 455 1 504 37 53 0.8423 
 428 189 475 236 53 0.8423 
 264 417 315 460 53 0.8364 
 262 642 313 684 53 0.8354 
 644 282 687 324 53 0.8345 
 602 543 654 591 53 0.8311 
 113 65 162 105 53 0.8301 
 321 43 369 84 53 0.8271 
 525 71 579 117 53 0.8267 
 502 364 548 408 53 0.8267 
 405 38 443 82 53 0.8223 
 98 313 147 358 53 0.8223 
 586 4 630 47 53 0.8125 
 371 247 410 284 53 0.8097 
 153 139 202 187 53 0.8076 
 69 277 119 315 53 0.8057 
 555 273 595 310 53 0.8042 
 156 246 212 295 53 0.8037 
 559 530 605 573 53 0.8008 
 501 0 545 23 53 0.7983 
 75 577 121 623 53 0.7939 
 32 21 78 66 53 0.7925 
 408 318 447 359 53 0.7905 
 331 463 376 509 53 0.7886 
 250 50 278 87 53 0.7867 
 0 205 51 247 53 0.7842 
 667 534 704 583 53 0.7842 
 419 585 466 626 53 0.7788 
 349 604 394 646 53 0.7754 
 53 493 91 532 53 0.769 
 237 247 276 288 53 0.7686 
 365 666 413 704 53 0.7676 
 183 486 205 513 53 0.7544 
 163 564 214 617 53 0.7539 
 672 639 703 686 53 0.7529 
 436 413 481 450 53 0.75 
 136 136 168 180 53 0.75 
 211 39 249 82 53 0.7266 
 280 265 319 305 53 0.7231 
 648 403 687 448 53 0.7168 
 180 199 218 235 53 0.7168 
 669 361 704 404 53 0.7139 
 265 557 304 593 53 0.7124 
 51 269 77 298 53 0.6689 
 113 669 162 703 53 0.6655 
 492 533 519 567 53 0.6589 
 391 322 417 351 53 0.6577 
 626 294 654 330 53 0.6479 
 628 325 669 351 53 0.6377 
 46 597 71 634 53 0.6353 
 69 492 108 535 53 0.6133 
 220 101 241 129 53 0.5944 
 294 168 313 188 53 0.5498 
 207 114 229 137 53 0.5283 
 312 290 344 312 53 0.4727 
 382 202 412 233 53 0.4543 
 641 404 666 435 53 0.4426 
 557 108 574 137 53 0.4261 
 228 246 251 282 53 0.3694 
 208 102 246 137 53 0.3218 
 681 403 701 435 53 0.3049 
 324 461 349 501 53 0.2854 
