564 196 598 229 53 0.8652 
 215 419 250 448 53 0.8438 
 636 2 674 34 53 0.8428 
 336 0 367 21 53 0.8389 
 474 265 506 294 53 0.8354 
 592 577 627 605 53 0.8354 
 667 84 699 116 53 0.8345 
 375 81 412 111 53 0.834 
 53 124 86 156 53 0.8291 
 471 34 508 63 53 0.8252 
 337 103 371 132 53 0.8214 
 528 63 561 96 53 0.8188 
 190 310 222 338 53 0.8169 
 539 42 569 66 53 0.8141 
 677 225 703 253 53 0.811 
 640 96 669 123 53 0.8105 
 5 47 39 75 53 0.8105 
 648 241 687 274 53 0.8101 
 16 388 46 416 53 0.8091 
 565 583 586 611 53 0.8082 
 608 251 636 283 53 0.8066 
 507 73 538 110 53 0.8057 
 170 299 199 326 53 0.8057 
 673 0 702 25 53 0.8032 
 474 289 493 315 53 0.8023 
 194 508 227 533 53 0.8008 
 252 26 287 59 53 0.7983 
 230 231 261 260 53 0.7949 
 313 188 344 217 53 0.794 
 515 666 550 699 53 0.7891 
 542 289 571 319 53 0.7882 
 106 214 134 241 53 0.7812 
 354 631 387 658 53 0.7812 
 243 492 275 518 53 0.7769 
 84 325 113 359 53 0.775 
 544 651 575 676 53 0.771 
 480 493 519 523 53 0.7642 
 429 169 455 202 53 0.7637 
 341 203 374 225 53 0.7637 
 144 433 162 459 53 0.7531 
 290 97 317 117 53 0.752 
 443 235 469 259 53 0.752 
 47 48 71 78 53 0.7291 
 134 24 169 52 53 0.7256 
 219 159 254 188 53 0.7241 
 663 164 687 187 53 0.7217 
 471 597 498 625 53 0.7124 
 120 505 150 533 53 0.709 
 305 438 345 469 53 0.7075 
 595 43 624 80 53 0.7065 
 518 296 543 323 53 0.7052 
 408 610 434 639 53 0.7031 
 485 673 511 700 53 0.693 
 180 244 199 267 53 0.6925 
 148 77 179 112 53 0.6895 
 493 287 512 313 53 0.6867 
 136 474 168 502 53 0.6807 
 683 373 700 403 53 0.6769 
 595 466 617 495 53 0.6686 
 620 28 654 58 53 0.6558 
 404 667 430 688 53 0.6523 
 578 52 609 86 53 0.6514 
 209 0 235 21 53 0.6479 
 3 14 25 39 53 0.646 
 420 460 451 488 53 0.645 
 462 679 496 704 53 0.645 
 255 624 285 654 53 0.6343 
 340 358 378 383 53 0.6318 
 246 473 271 490 53 0.6245 
 2 250 33 280 53 0.6235 
 688 346 703 374 53 0.6162 
 238 670 262 694 53 0.614 
 462 240 481 261 53 0.6094 
 609 447 624 465 53 0.6057 
 644 543 671 571 53 0.605 
 576 381 602 409 53 0.5991 
 50 212 69 231 53 0.5725 
 259 207 286 233 53 0.5688 
 352 554 383 582 53 0.5571 
 267 590 301 616 53 0.5518 
 384 635 405 657 53 0.5254 
 451 676 468 704 53 0.5098 
 160 219 196 236 53 0.5039 
 43 163 56 183 53 0.5037 
 506 31 539 61 53 0.4785 
 567 0 588 19 53 0.4675 
 600 277 617 296 53 0.4158 
 516 67 554 104 53 0.4131 
 324 688 358 704 53 0.3831 
 694 550 702 575 53 0.373 
 198 663 224 689 53 0.3667 
 355 313 385 345 53 0.3657 
 191 38 228 66 53 0.3657 
 74 220 88 238 53 0.363 
 48 294 64 315 53 0.3557 
 150 78 176 97 53 0.3523 
 254 596 273 616 53 0.3459 
 627 296 648 315 53 0.3387 
 199 208 221 233 53 0.3235 
 89 1 110 16 53 0.3201 
 73 220 97 246 53 0.3191 
 656 215 682 239 53 0.3167 
 629 82 654 102 53 0.3123 
 628 14 674 55 53 0.3032 
 513 281 536 305 53 0.2877 
 287 437 312 468 53 0.2783 
 304 444 328 469 53 0.2727 
 689 266 701 290 53 0.2665 
 596 451 623 485 53 0.2651 
