441 428 474 459 53 0.8428 
 480 444 507 467 53 0.8405 
 465 417 497 451 53 0.8345 
 620 432 654 463 53 0.8335 
 69 234 104 264 53 0.8087 
 212 38 238 66 53 0.7959 
 134 340 170 367 53 0.79 
 538 391 577 422 53 0.7887 
 94 214 133 246 53 0.7867 
 465 201 499 229 53 0.7866 
 602 246 631 277 53 0.7857 
 284 83 317 111 53 0.7852 
 136 650 169 682 53 0.7842 
 40 235 69 262 53 0.7798 
 457 306 491 334 53 0.7686 
 256 403 289 428 53 0.7607 
 566 90 598 119 53 0.7607 
 500 287 525 310 53 0.7515 
 391 82 426 105 53 0.7505 
 531 292 553 317 53 0.7443 
 648 450 664 471 53 0.7418 
 372 180 396 207 53 0.7404 
 29 97 58 124 53 0.7402 
 609 188 638 214 53 0.7363 
 367 152 399 182 53 0.7339 
 103 332 132 362 53 0.7306 
 603 121 634 150 53 0.7227 
 274 226 300 248 53 0.7212 
 309 237 342 266 53 0.7212 
 504 28 536 57 53 0.7178 
 169 34 196 59 53 0.7163 
 558 414 586 441 53 0.7072 
 518 80 546 106 53 0.6964 
 157 660 186 689 53 0.6955 
 617 666 655 694 53 0.6929 
 557 245 588 276 53 0.6885 
 347 175 374 203 53 0.6841 
 506 415 536 441 53 0.6758 
 283 59 316 83 53 0.6758 
 201 50 226 77 53 0.6704 
 539 88 570 119 53 0.668 
 51 610 86 640 53 0.668 
 337 135 376 165 53 0.6636 
 249 163 278 193 53 0.6577 
 665 640 696 667 53 0.6574 
 600 26 622 56 53 0.6523 
 8 85 33 111 53 0.645 
 12 126 46 156 53 0.6436 
 637 11 656 39 53 0.6393 
 149 465 175 489 53 0.6387 
 583 245 608 268 53 0.6377 
 223 346 258 371 53 0.6162 
 591 174 614 197 53 0.6149 
 295 0 316 20 53 0.6104 
 563 644 591 675 53 0.6027 
 667 81 702 113 53 0.5728 
 119 348 140 373 53 0.561 
 102 628 120 645 53 0.5601 
 204 21 221 45 53 0.5222 
 142 53 156 73 53 0.5222 
 142 134 168 163 53 0.5193 
 98 87 122 107 53 0.5056 
 393 230 410 252 53 0.5007 
 205 157 241 189 53 0.499 
 148 69 166 87 53 0.4939 
 503 253 531 282 53 0.4883 
 58 222 81 247 53 0.488 
 289 507 325 538 53 0.4736 
 142 207 166 234 53 0.4561 
 571 433 592 452 53 0.4549 
 631 130 654 154 53 0.4495 
 540 610 573 638 53 0.4417 
 123 435 151 465 53 0.4377 
 594 272 617 294 53 0.3921 
 597 179 619 200 53 0.3647 
 691 634 704 655 53 0.3621 
 36 154 56 177 53 0.3485 
 669 683 686 701 53 0.3241 
 496 596 523 621 53 0.283 
 650 0 680 14 53 0.2644 
 84 671 116 698 53 0.259 
 685 327 703 353 53 0.2589 
 211 60 231 81 53 0.2576 
 530 607 554 632 53 0.2552 
