562 57 593 91 53 0.8751 
 90 326 123 356 53 0.8481 
 431 161 451 187 53 0.8419 
 405 153 434 182 53 0.8376 
 107 406 138 433 53 0.8345 
 457 372 484 401 53 0.8328 
 444 397 473 427 53 0.8302 
 544 293 572 317 53 0.8276 
 602 313 636 341 53 0.8263 
 619 75 651 101 53 0.8232 
 517 211 542 237 53 0.8214 
 122 91 154 122 53 0.814 
 555 220 589 246 53 0.8105 
 506 343 535 369 53 0.8091 
 358 155 387 183 53 0.8057 
 585 343 615 370 53 0.8042 
 454 0 485 25 53 0.7969 
 391 18 425 44 53 0.7949 
 563 386 594 415 53 0.793 
 293 0 324 26 53 0.7925 
 421 402 448 430 53 0.7906 
 254 163 283 188 53 0.7881 
 630 355 652 381 53 0.7857 
 7 402 38 425 53 0.7832 
 492 212 517 236 53 0.7827 
 396 331 430 359 53 0.7823 
 648 276 674 300 53 0.7744 
 136 142 158 169 53 0.7735 
 605 141 629 168 53 0.7731 
 291 118 323 146 53 0.7725 
 129 255 160 283 53 0.771 
 600 99 634 126 53 0.7656 
 211 523 239 553 53 0.7633 
 127 126 149 151 53 0.7594 
 482 79 507 106 53 0.7552 
 294 163 322 185 53 0.75 
 265 27 298 53 53 0.7441 
 63 302 78 327 53 0.7441 
 688 334 702 364 53 0.741 
 249 407 275 433 53 0.7341 
 119 450 148 474 53 0.7266 
 261 518 291 544 53 0.7266 
 194 86 233 116 53 0.7202 
 22 492 55 520 53 0.7202 
 255 112 292 145 53 0.7148 
 216 277 234 298 53 0.7145 
 182 356 216 382 53 0.7139 
 584 433 613 458 53 0.709 
 310 328 341 353 53 0.6992 
 269 437 294 462 53 0.6857 
 521 404 555 429 53 0.6836 
 347 288 382 318 53 0.6826 
 0 542 31 573 53 0.6792 
 542 2 564 26 53 0.6758 
 290 462 327 489 53 0.6748 
 530 353 553 385 53 0.6745 
 292 369 314 388 53 0.6732 
 262 250 293 275 53 0.6646 
 418 467 450 493 53 0.6548 
 577 128 606 150 53 0.6504 
 197 246 223 269 53 0.6489 
 501 142 517 162 53 0.6457 
 145 483 178 512 53 0.645 
 511 293 538 311 53 0.6406 
 334 67 363 90 53 0.6384 
 331 161 360 186 53 0.6362 
 349 176 368 202 53 0.6343 
 379 132 412 161 53 0.627 
 658 323 673 343 53 0.6247 
 70 672 94 694 53 0.6232 
 609 189 626 214 53 0.6149 
 74 254 86 271 53 0.6101 
 474 212 492 234 53 0.6071 
 152 165 168 185 53 0.6008 
 399 227 433 252 53 0.5957 
 405 193 424 214 53 0.5908 
 394 626 425 660 53 0.5859 
 364 0 398 16 53 0.584 
 259 359 292 389 53 0.584 
 111 372 138 392 53 0.583 
 423 117 442 137 53 0.5827 
 189 303 210 325 53 0.5813 
 158 81 185 109 53 0.5571 
 277 231 301 252 53 0.5566 
 448 332 479 357 53 0.5508 
 614 445 640 468 53 0.5488 
 614 247 630 265 53 0.5486 
 184 493 211 522 53 0.5322 
 685 46 703 69 53 0.5242 
 654 387 676 408 53 0.5205 
 670 338 681 361 53 0.5203 
 423 295 446 316 53 0.5117 
 337 145 365 166 53 0.5107 
 682 363 698 386 53 0.5105 
 225 361 260 388 53 0.5039 
 347 214 365 234 53 0.5007 
 85 520 112 543 53 0.4932 
 79 645 117 670 53 0.4922 
 422 622 445 648 53 0.4873 
 556 378 566 398 53 0.4841 
 485 1 513 21 53 0.4834 
 175 631 207 659 53 0.4824 
 0 376 12 397 53 0.4805 
 364 126 391 156 53 0.4775 
 207 508 232 527 53 0.4717 
 146 491 166 512 53 0.4629 
 613 353 629 374 53 0.4502 
 422 267 445 293 53 0.4475 
 550 3 586 28 53 0.4207 
 52 329 69 342 53 0.4121 
 209 153 221 176 53 0.4026 
 638 174 663 197 53 0.3877 
 339 329 357 352 53 0.3767 
 551 418 582 444 53 0.3721 
 159 625 180 656 53 0.3647 
 211 355 222 380 53 0.3496 
 377 255 400 275 53 0.3345 
 457 221 472 241 53 0.3269 
 197 96 218 116 53 0.3189 
 627 389 640 406 53 0.3167 
 473 82 498 105 53 0.3081 
 131 628 160 653 53 0.3074 
 191 284 210 302 53 0.3015 
 160 166 183 186 53 0.291 
 639 433 659 454 53 0.2878 
 152 589 189 613 53 0.2546 
 549 379 573 396 53 0.2517 
