641 535 671 560 53 0.8058 
 577 273 599 297 53 0.8023 
 580 162 610 184 53 0.7936 
 227 386 262 414 53 0.793 
 646 453 676 475 53 0.7808 
 124 94 147 118 53 0.7638 
 347 439 376 466 53 0.7612 
 578 46 603 73 53 0.7545 
 599 99 629 123 53 0.7534 
 257 168 286 199 53 0.7363 
 53 183 78 209 53 0.7349 
 647 662 683 687 53 0.7339 
 576 456 603 483 53 0.7227 
 295 225 319 246 53 0.7145 
 14 151 41 177 53 0.7065 
 608 378 626 399 53 0.7062 
 593 11 616 29 53 0.6964 
 99 103 130 126 53 0.6836 
 87 68 117 89 53 0.6748 
 606 138 635 164 53 0.672 
 503 363 533 388 53 0.6689 
 38 269 71 296 53 0.6611 
 558 0 581 20 53 0.6535 
 234 183 255 207 53 0.6413 
 456 332 487 361 53 0.6143 
 97 330 131 358 53 0.6094 
 43 151 62 174 53 0.6047 
 477 84 511 110 53 0.5757 
 231 33 261 58 53 0.5728 
 660 228 683 248 53 0.5718 
 219 307 248 329 53 0.5649 
 284 303 311 326 53 0.5447 
 686 343 704 364 53 0.543 
 679 557 702 581 53 0.541 
 325 268 358 294 53 0.541 
 564 262 580 280 53 0.5212 
 99 237 126 266 53 0.5166 
 199 185 225 206 53 0.5163 
 510 2 539 21 53 0.5107 
 233 157 257 177 53 0.4873 
 514 466 539 495 53 0.4724 
 599 271 622 295 53 0.4543 
 0 467 30 495 53 0.4426 
 393 21 432 47 53 0.4407 
 575 572 599 597 53 0.4377 
 375 374 396 396 53 0.4368 
 204 339 223 357 53 0.4366 
 315 432 336 455 53 0.4043 
 467 36 484 55 53 0.3989 
 587 150 622 185 53 0.3882 
 550 508 580 530 53 0.3567 
 387 475 417 497 53 0.3311 
 583 369 599 384 53 0.3286 
 359 294 374 310 53 0.325 
 480 0 500 14 53 0.3057 
 635 604 649 629 53 0.3015 
 51 273 82 309 53 0.2869 
