436 94 466 122 53 0.7378 
 661 2 697 30 53 0.6333 
 663 437 690 458 53 0.5947 
 289 277 312 305 53 0.5525 
 456 85 482 111 53 0.5322 
 683 420 704 445 53 0.4949 
 434 288 447 311 53 0.4932 
 83 27 107 48 53 0.4724 
 448 291 467 313 53 0.4609 
 473 480 507 517 53 0.4387 
 66 206 94 231 53 0.4148 
 435 272 452 292 53 0.407 
 471 499 497 517 53 0.332 
 405 308 424 328 53 0.3267 
 99 175 118 198 53 0.3225 
 387 325 417 349 53 0.3123 
 439 355 459 379 53 0.3098 
 346 635 375 656 53 0.3091 
 86 198 107 216 53 0.2886 
 347 276 361 301 53 0.2759 
 46 230 66 256 53 0.2539 
