612 286 640 314 53 0.7921 
 645 0 671 23 53 0.6857 
 220 0 261 18 53 0.6738 
 515 132 541 156 53 0.6514 
 344 57 376 83 53 0.6416 
 381 373 410 400 53 0.6393 
 590 8 625 33 53 0.6333 
 469 204 492 226 53 0.625 
 669 225 698 251 53 0.5979 
 449 317 487 349 53 0.5918 
 549 60 575 88 53 0.5728 
 359 384 387 408 53 0.5698 
 234 67 259 92 53 0.5669 
 503 245 533 273 53 0.562 
 269 378 301 403 53 0.5601 
 284 16 310 40 53 0.5569 
 440 165 468 187 53 0.5518 
 620 137 653 163 53 0.5342 
 171 14 195 39 53 0.5154 
 3 13 42 46 53 0.5068 
 590 273 612 296 53 0.498 
 63 335 88 361 53 0.4736 
 528 345 555 369 53 0.4717 
 517 77 542 100 53 0.4524 
 83 301 115 328 53 0.4456 
 14 74 40 103 53 0.4436 
 465 269 492 297 53 0.4405 
 172 186 209 217 53 0.4253 
 512 351 532 374 53 0.4102 
 324 463 348 491 53 0.3811 
 193 26 225 54 53 0.3804 
 373 260 397 289 53 0.3433 
 628 56 659 76 53 0.3269 
 38 8 59 42 53 0.3174 
 400 440 425 461 53 0.3149 
 147 194 174 222 53 0.3091 
 34 85 65 110 53 0.3081 
 58 337 79 368 53 0.2991 
 149 73 177 98 53 0.2983 
 361 650 386 679 53 0.2974 
 520 37 544 62 53 0.2959 
 678 88 704 108 53 0.2854 
 478 305 498 330 53 0.2791 
 163 222 187 243 53 0.2598 
 433 393 450 416 53 0.2576 
