248 254 284 285 53 0.856 
 443 211 478 249 53 0.8521 
 313 63 356 101 53 0.8413 
 102 256 143 291 53 0.8403 
 562 182 599 219 53 0.8389 
 316 4 356 44 53 0.8369 
 141 263 184 300 53 0.8365 
 358 14 400 53 53 0.8364 
 93 352 132 389 53 0.8354 
 199 408 225 443 53 0.8346 
 182 0 224 35 53 0.8345 
 0 402 37 438 53 0.8345 
 350 48 387 83 53 0.8301 
 661 66 704 105 53 0.8301 
 137 111 175 146 53 0.8291 
 665 403 704 447 53 0.8286 
 257 401 292 436 53 0.8257 
 594 458 634 494 53 0.8248 
 395 452 438 489 53 0.8242 
 525 151 565 190 53 0.8237 
 628 558 668 592 53 0.8228 
 659 641 696 673 53 0.8218 
 599 593 639 636 53 0.8218 
 539 40 579 77 53 0.8193 
 233 631 267 666 53 0.8155 
 483 192 521 229 53 0.8154 
 327 644 362 686 53 0.8154 
 477 250 513 288 53 0.813 
 659 336 698 378 53 0.8125 
 608 523 644 559 53 0.811 
 81 461 124 500 53 0.8091 
 588 229 627 267 53 0.8076 
 683 260 704 290 53 0.8042 
 474 4 516 41 53 0.8038 
 164 70 200 103 53 0.8037 
 0 195 25 232 53 0.8033 
 41 42 80 75 53 0.8023 
 592 358 635 402 53 0.8018 
 604 263 646 296 53 0.8014 
 366 470 406 503 53 0.7984 
 213 562 243 598 53 0.7969 
 458 65 501 101 53 0.7969 
 560 120 595 161 53 0.7959 
 176 183 214 219 53 0.7926 
 518 501 558 536 53 0.7906 
 526 388 564 426 53 0.7886 
 133 227 174 260 53 0.7886 
 295 622 334 657 53 0.7847 
 175 553 215 585 53 0.7838 
 148 414 183 444 53 0.7823 
 215 213 243 246 53 0.7798 
 275 116 311 147 53 0.7798 
 0 625 25 664 53 0.7775 
 631 157 668 183 53 0.7773 
 576 417 616 452 53 0.7759 
 128 452 167 488 53 0.7759 
 101 178 139 213 53 0.7759 
 672 495 704 529 53 0.7744 
 645 191 687 234 53 0.77 
 629 85 665 120 53 0.7695 
 519 319 560 355 53 0.7695 
 292 410 330 442 53 0.7657 
 303 191 328 225 53 0.7563 
 233 218 268 251 53 0.7559 
 625 121 662 156 53 0.7526 
 207 474 248 509 53 0.7516 
 177 42 214 70 53 0.7505 
 277 593 311 628 53 0.7485 
 287 0 319 33 53 0.7446 
 189 355 218 384 53 0.7446 
 375 413 412 443 53 0.7389 
 439 316 479 348 53 0.7378 
 197 504 219 538 53 0.7349 
 74 504 110 543 53 0.7339 
 26 536 66 572 53 0.7324 
 183 600 220 634 53 0.7319 
 657 445 689 480 53 0.731 
 561 593 598 628 53 0.7271 
 446 482 481 517 53 0.7266 
 667 123 693 154 53 0.71 
 685 372 704 406 53 0.71 
 510 539 537 573 53 0.7086 
 493 467 523 496 53 0.7075 
 485 437 511 470 53 0.7065 
 223 505 251 537 53 0.7065 
 410 418 436 451 53 0.6964 
 235 450 271 479 53 0.6909 
 78 136 118 166 53 0.6895 
 533 483 567 512 53 0.6885 
 241 108 284 145 53 0.6826 
 52 320 93 355 53 0.6826 
 0 545 23 575 53 0.6758 
 378 0 402 22 53 0.6659 
 0 567 35 599 53 0.6655 
 618 52 650 85 53 0.6655 
 0 504 17 530 53 0.6652 
 326 256 354 285 53 0.6582 
 360 666 404 704 53 0.6582 
 72 49 95 80 53 0.6514 
 426 84 462 115 53 0.6436 
 152 376 194 404 53 0.6436 
 358 637 382 668 53 0.6333 
 336 608 369 640 53 0.6323 
 687 325 703 357 53 0.6296 
 529 662 568 698 53 0.6084 
 407 603 430 624 53 0.5957 
 150 317 184 347 53 0.5947 
 606 103 632 137 53 0.583 
 520 394 545 429 53 0.5728 
 16 590 43 618 53 0.5637 
 432 18 455 49 53 0.5566 
 347 444 377 475 53 0.5371 
 206 456 226 478 53 0.5186 
 86 436 109 456 53 0.5166 
 245 596 273 629 53 0.5049 
 168 298 204 326 53 0.5049 
 564 673 609 701 53 0.4941 
 525 490 564 523 53 0.4746 
 416 533 451 564 53 0.4551 
 504 284 548 323 53 0.4539 
 227 687 269 704 53 0.4417 
 371 450 443 501 53 0.4358 
 251 449 281 480 53 0.4243 
 491 508 520 536 53 0.4197 
 306 156 331 183 53 0.3989 
 629 89 668 153 53 0.3965 
 585 92 618 124 53 0.396 
 629 675 646 698 53 0.3921 
 586 109 610 136 53 0.3746 
 413 245 448 276 53 0.363 
 153 375 192 436 53 0.3486 
 592 233 641 292 53 0.3381 
 432 405 463 435 53 0.3328 
 595 92 628 135 53 0.3311 
 86 1 129 17 53 0.3235 
 210 286 230 310 53 0.3191 
 0 94 19 127 53 0.3123 
 3 580 41 615 53 0.3115 
 159 568 187 603 53 0.3049 
 567 590 650 634 53 0.3008 
 457 293 478 318 53 0.2949 
 473 498 509 531 53 0.2917 
 641 12 663 42 53 0.2893 
 574 334 603 358 53 0.283 
 156 40 182 60 53 0.2783 
 258 405 333 444 53 0.2717 
 156 301 202 339 53 0.2666 
 193 287 232 319 53 0.2659 
