392 154 427 189 53 0.8579 
 235 276 267 311 53 0.8521 
 116 388 147 421 53 0.8438 
 610 113 644 145 53 0.834 
 531 13 566 44 53 0.8267 
 124 81 157 110 53 0.8232 
 468 125 492 154 53 0.8224 
 525 47 553 76 53 0.8198 
 75 338 109 373 53 0.8164 
 599 78 629 106 53 0.814 
 636 68 675 100 53 0.814 
 115 23 149 58 53 0.813 
 419 224 456 255 53 0.8115 
 559 425 596 462 53 0.8081 
 496 125 530 160 53 0.8081 
 349 242 382 274 53 0.8066 
 55 201 92 234 53 0.8008 
 11 135 47 166 53 0.8003 
 639 192 673 225 53 0.8003 
 316 282 354 313 53 0.7989 
 226 179 259 210 53 0.7988 
 223 214 263 246 53 0.793 
 530 216 566 249 53 0.793 
 675 77 704 106 53 0.7866 
 181 322 213 355 53 0.7759 
 368 412 400 446 53 0.7739 
 359 272 386 302 53 0.7701 
 297 343 323 369 53 0.7559 
 271 310 305 342 53 0.7559 
 456 169 486 192 53 0.7505 
 315 474 344 504 53 0.7501 
 323 497 356 525 53 0.731 
 92 132 118 158 53 0.7262 
 51 35 89 66 53 0.7251 
 584 469 604 491 53 0.7189 
 520 313 557 341 53 0.7129 
 120 276 148 300 53 0.7114 
 300 434 335 464 53 0.7002 
 412 0 449 28 53 0.6979 
 335 209 365 240 53 0.6807 
 455 77 484 110 53 0.6689 
 429 267 458 292 53 0.6665 
 508 182 543 213 53 0.6665 
 139 149 168 171 53 0.6567 
 679 31 704 59 53 0.6489 
 98 70 127 98 53 0.6436 
 366 501 400 533 53 0.6416 
 690 99 703 122 53 0.6164 
 281 31 316 61 53 0.606 
 3 85 32 111 53 0.5962 
 687 0 704 20 53 0.5757 
 67 121 100 157 53 0.5747 
 315 650 357 684 53 0.5688 
 678 335 700 350 53 0.5449 
 191 480 226 510 53 0.5381 
 218 388 262 424 53 0.5283 
 668 589 701 617 53 0.5166 
 566 503 589 522 53 0.5007 
 610 4 633 25 53 0.5 
 294 491 320 518 53 0.4883 
 111 482 145 510 53 0.4863 
 118 66 145 86 53 0.4744 
 589 442 612 473 53 0.458 
 271 264 308 281 53 0.4551 
 436 339 454 366 53 0.4543 
 241 643 285 684 53 0.446 
 169 74 186 93 53 0.4241 
 3 598 25 622 53 0.3979 
 468 411 498 444 53 0.3896 
 396 63 413 82 53 0.3767 
 163 148 178 168 53 0.3594 
 580 604 616 634 53 0.3503 
 78 115 100 147 53 0.3425 
 690 34 703 57 53 0.3286 
 201 597 235 622 53 0.3269 
 409 70 436 95 53 0.3218 
 412 93 441 112 53 0.3167 
 107 579 141 607 53 0.2783 
 315 669 342 696 53 0.2605 
 284 317 312 343 53 0.2539 
