597 7 627 34 53 0.7355 
 635 47 663 75 53 0.6899 
 566 3 598 32 53 0.686 
 260 247 291 272 53 0.6538 
 301 182 332 213 53 0.6167 
 121 11 153 43 53 0.6021 
 90 3 123 32 53 0.5708 
 202 62 234 91 53 0.5469 
 171 293 206 322 53 0.5283 
 116 496 136 522 53 0.4978 
 221 303 247 330 53 0.4949 
 0 17 16 46 53 0.4727 
 447 45 480 72 53 0.459 
 481 156 507 188 53 0.4502 
 203 90 233 122 53 0.4465 
 283 118 311 145 53 0.4446 
 111 542 136 565 53 0.4358 
 111 347 141 368 53 0.4341 
 308 383 336 408 53 0.4177 
 263 196 296 227 53 0.4036 
 633 684 674 704 53 0.4036 
 177 206 209 234 53 0.4016 
 276 642 300 675 53 0.395 
 148 650 185 680 53 0.3774 
 370 72 403 98 53 0.3647 
 501 317 532 342 53 0.3567 
 0 438 19 467 53 0.3486 
 241 636 279 668 53 0.3486 
 208 522 245 555 53 0.3425 
 231 65 256 91 53 0.3408 
 2 55 40 84 53 0.2979 
 326 302 357 329 53 0.2893 
 293 345 322 371 53 0.2878 
 175 510 205 542 53 0.283 
 216 67 238 93 53 0.2783 
 100 321 128 351 53 0.2673 
 390 317 419 342 53 0.2651 
