43 415 76 443 53 0.8398 
 39 224 74 248 53 0.8115 
 515 385 544 419 53 0.8106 
 75 468 96 498 53 0.7936 
 7 314 34 343 53 0.7828 
 27 413 49 444 53 0.7828 
 68 375 99 398 53 0.7798 
 12 432 39 461 53 0.7798 
 101 117 128 147 53 0.7716 
 74 205 107 236 53 0.7656 
 313 370 340 398 53 0.7627 
 90 465 122 500 53 0.7574 
 48 261 79 287 53 0.7544 
 87 230 119 258 53 0.752 
 40 282 64 308 53 0.7438 
 337 364 368 395 53 0.7422 
 63 285 96 315 53 0.7358 
 66 175 97 201 53 0.7271 
 129 121 162 146 53 0.7192 
 58 3 85 31 53 0.7026 
 145 318 180 345 53 0.6826 
 687 389 702 415 53 0.6574 
 528 298 557 323 53 0.6558 
 130 334 161 362 53 0.6548 
 162 191 192 219 53 0.6387 
 433 471 471 507 53 0.6377 
 54 202 75 231 53 0.6362 
 197 535 225 574 53 0.6226 
 645 197 673 221 53 0.6187 
 107 17 126 44 53 0.6149 
 328 643 350 671 53 0.6047 
 179 204 205 224 53 0.5737 
 112 315 135 337 53 0.5656 
 535 339 553 363 53 0.561 
 371 333 398 361 53 0.5571 
 51 391 74 415 53 0.5486 
 461 435 490 455 53 0.5447 
 396 17 420 46 53 0.542 
 57 308 94 335 53 0.5322 
 136 203 166 231 53 0.5225 
 82 7 106 30 53 0.5115 
 453 1 469 16 53 0.5027 
 456 107 479 133 53 0.501 
 115 2 135 12 53 0.4971 
 0 365 11 388 53 0.4912 
 447 2 479 19 53 0.4785 
 290 453 326 483 53 0.4717 
 10 537 42 565 53 0.459 
 497 108 534 136 53 0.4446 
 584 282 607 307 53 0.4436 
 616 285 640 305 53 0.4321 
 134 32 171 58 53 0.4302 
 632 217 649 237 53 0.4292 
 579 426 613 447 53 0.4207 
 41 244 62 268 53 0.4177 
 647 49 676 69 53 0.4167 
 559 390 586 414 53 0.4148 
 676 126 704 151 53 0.4102 
 453 422 476 447 53 0.4082 
 41 340 70 360 53 0.4065 
 1 296 17 314 53 0.3767 
 299 244 337 270 53 0.3647 
 82 174 99 200 53 0.363 
 161 477 186 505 53 0.3584 
 479 2 504 25 53 0.3523 
 6 396 31 426 53 0.3513 
 396 95 426 124 53 0.3469 
 319 262 343 287 53 0.3389 
 117 172 140 192 53 0.3269 
 52 448 91 479 53 0.3225 
 381 369 415 395 53 0.3098 
 640 6 655 28 53 0.3032 
 401 303 426 330 53 0.3023 
 489 3 500 25 53 0.2998 
 581 405 605 429 53 0.2925 
 129 548 167 574 53 0.2886 
 176 0 199 18 53 0.2673 
 67 72 97 92 53 0.259 
 68 447 96 473 53 0.2546 
