294 21 326 53 53 0.8276 
 392 417 419 444 53 0.8121 
 245 447 277 477 53 0.8091 
 488 253 519 281 53 0.8066 
 67 580 95 609 53 0.8058 
 499 412 536 447 53 0.8018 
 228 239 258 270 53 0.7944 
 14 311 41 335 53 0.7944 
 229 331 263 359 53 0.7822 
 184 212 210 240 53 0.7759 
 88 203 119 233 53 0.7744 
 572 385 600 413 53 0.774 
 212 85 242 112 53 0.772 
 141 578 172 602 53 0.7686 
 136 41 165 70 53 0.7676 
 422 318 450 346 53 0.7657 
 172 182 199 206 53 0.7642 
 470 342 501 371 53 0.7612 
 358 421 381 441 53 0.7579 
 266 156 299 183 53 0.754 
 21 508 45 534 53 0.7531 
 72 297 103 327 53 0.7529 
 101 530 128 557 53 0.7496 
 650 274 682 310 53 0.7389 
 349 400 379 423 53 0.7324 
 0 545 18 568 53 0.7319 
 549 257 571 284 53 0.7291 
 101 81 137 109 53 0.7251 
 224 410 249 436 53 0.7238 
 603 566 630 593 53 0.7223 
 399 468 424 490 53 0.715 
 376 283 413 310 53 0.7075 
 520 541 540 562 53 0.7062 
 264 50 294 74 53 0.7056 
 617 352 645 373 53 0.7051 
 105 0 130 24 53 0.702 
 121 442 150 472 53 0.7 
 349 294 382 324 53 0.6992 
 450 577 481 604 53 0.6953 
 405 532 434 557 53 0.6943 
 449 366 482 388 53 0.6943 
 500 623 524 650 53 0.6769 
 481 482 501 507 53 0.673 
 88 140 115 168 53 0.668 
 76 485 98 508 53 0.6667 
 113 446 130 474 53 0.6611 
 289 239 321 265 53 0.6582 
 310 638 343 668 53 0.651 
 80 4 112 34 53 0.6504 
 570 260 591 284 53 0.6501 
 140 533 173 560 53 0.6494 
 0 640 27 662 53 0.647 
 199 652 231 682 53 0.6372 
 58 518 79 540 53 0.6242 
 119 508 144 535 53 0.6206 
 2 667 20 694 53 0.6187 
 57 194 81 218 53 0.6187 
 456 55 490 84 53 0.6104 
 148 193 168 220 53 0.6066 
 51 669 82 698 53 0.605 
 511 35 543 65 53 0.603 
 372 190 406 214 53 0.603 
 147 441 160 461 53 0.5979 
 130 381 163 407 53 0.5928 
 406 230 434 252 53 0.5918 
 261 366 291 386 53 0.5776 
 241 622 273 652 53 0.5767 
 205 152 227 178 53 0.5725 
 309 295 344 332 53 0.5518 
 144 481 166 498 53 0.5508 
 278 294 298 312 53 0.542 
 682 542 702 565 53 0.531 
 260 550 282 574 53 0.5254 
 311 426 338 460 53 0.5254 
 358 371 380 389 53 0.5212 
 359 494 382 513 53 0.5124 
 528 172 560 197 53 0.5068 
 477 0 509 26 53 0.5 
 373 551 404 578 53 0.4854 
 121 331 152 357 53 0.4746 
 290 361 316 382 53 0.4746 
 98 301 113 323 53 0.4685 
 158 462 172 481 53 0.4522 
 657 46 686 77 53 0.4356 
 518 306 535 326 53 0.4261 
 527 251 550 275 53 0.4253 
 38 364 59 387 53 0.4253 
 689 183 704 210 53 0.4102 
 130 335 164 353 53 0.4072 
 422 243 444 265 53 0.4055 
 555 312 573 328 53 0.4034 
 551 570 582 597 53 0.3933 
 80 664 103 694 53 0.3914 
 539 645 553 667 53 0.3896 
 295 266 311 289 53 0.3755 
 636 633 666 649 53 0.3721 
 142 536 159 558 53 0.3584 
 238 357 260 374 53 0.3557 
 87 298 114 326 53 0.3414 
 44 69 74 101 53 0.3372 
 304 342 320 362 53 0.3184 
 236 649 265 681 53 0.3167 
 32 622 52 648 53 0.3108 
 89 522 102 540 53 0.3066 
 367 616 394 640 53 0.3015 
 331 298 347 330 53 0.2837 
 686 511 700 527 53 0.2828 
 387 445 409 465 53 0.2666 
 394 128 417 154 53 0.2628 
 573 682 607 704 53 0.251 
 136 94 169 114 53 0.2502 
