463 252 493 281 53 0.8613 
 211 15 244 48 53 0.8599 
 95 387 128 420 53 0.854 
 339 370 371 398 53 0.8438 
 421 316 454 354 53 0.8438 
 144 239 177 267 53 0.8374 
 496 192 528 220 53 0.835 
 449 199 479 228 53 0.8335 
 322 0 351 27 53 0.832 
 236 221 264 252 53 0.832 
 200 317 232 342 53 0.8311 
 487 460 519 486 53 0.8306 
 52 334 76 361 53 0.8267 
 497 485 528 513 53 0.8218 
 260 45 283 73 53 0.8189 
 250 122 285 148 53 0.8188 
 264 70 296 99 53 0.8164 
 481 101 510 127 53 0.814 
 437 50 469 76 53 0.8105 
 342 117 373 141 53 0.8086 
 193 238 220 265 53 0.8081 
 404 158 433 184 53 0.8052 
 521 51 551 83 53 0.8008 
 43 174 74 199 53 0.8008 
 532 261 562 289 53 0.8008 
 505 359 537 387 53 0.8008 
 313 437 350 465 53 0.7993 
 260 177 297 210 53 0.7993 
 325 74 357 105 53 0.7989 
 268 1 301 30 53 0.7983 
 225 529 255 556 53 0.7944 
 517 167 546 194 53 0.7944 
 229 444 262 469 53 0.791 
 136 285 166 313 53 0.7891 
 39 18 69 48 53 0.7881 
 499 34 529 65 53 0.7866 
 412 391 441 421 53 0.7798 
 146 93 170 121 53 0.7788 
 95 309 123 336 53 0.7734 
 560 416 587 447 53 0.7731 
 247 313 274 338 53 0.771 
 56 54 84 82 53 0.7695 
 618 158 648 185 53 0.769 
 473 65 504 91 53 0.7637 
 128 206 157 235 53 0.7607 
 540 115 573 143 53 0.7607 
 533 349 556 374 53 0.7598 
 455 282 485 306 53 0.7583 
 513 391 538 415 53 0.7527 
 199 532 231 561 53 0.7505 
 514 78 546 104 53 0.75 
 72 123 102 152 53 0.7446 
 261 491 296 520 53 0.7428 
 459 470 485 492 53 0.7373 
 349 308 370 334 53 0.7306 
 37 318 66 344 53 0.7262 
 471 493 497 519 53 0.7241 
 131 35 161 59 53 0.7241 
 148 354 176 376 53 0.7231 
 18 236 44 258 53 0.7227 
 233 294 256 316 53 0.7227 
 181 163 211 201 53 0.7168 
 583 237 612 259 53 0.7163 
 531 417 558 445 53 0.7145 
 104 107 138 129 53 0.709 
 571 104 603 131 53 0.709 
 349 490 379 514 53 0.6943 
 308 161 334 195 53 0.6919 
 437 181 463 202 53 0.6802 
 362 585 396 614 53 0.6802 
 603 427 631 454 53 0.6798 
 392 573 425 607 53 0.6602 
 402 105 424 126 53 0.6574 
 602 385 631 412 53 0.6494 
 345 209 357 231 53 0.6372 
 280 513 306 536 53 0.6247 
 442 1 478 17 53 0.6196 
 481 525 512 548 53 0.6162 
 72 471 101 498 53 0.6001 
 375 469 399 488 53 0.5918 
 193 1 213 21 53 0.5896 
 15 637 49 664 53 0.5728 
 230 605 260 637 53 0.5659 
 279 563 312 591 53 0.5518 
 445 605 476 637 53 0.5488 
 0 642 16 675 53 0.5303 
 486 579 513 603 53 0.5186 
 312 174 331 195 53 0.5 
 550 347 576 371 53 0.4932 
 622 132 652 158 53 0.4861 
 532 502 561 524 53 0.4775 
 539 89 567 112 53 0.4736 
 90 623 121 652 53 0.4551 
 552 517 575 542 53 0.4524 
 261 52 291 91 53 0.4312 
 29 585 61 616 53 0.4292 
 343 597 369 625 53 0.4148 
 25 44 46 64 53 0.4109 
 262 586 288 620 53 0.4092 
 549 564 576 586 53 0.4026 
 55 553 82 575 53 0.3794 
 644 342 673 367 53 0.3767 
 195 508 216 530 53 0.3609 
 53 576 78 600 53 0.3389 
 455 194 487 268 53 0.3115 
 592 612 618 642 53 0.3098 
 661 366 689 389 53 0.304 
 255 86 290 156 53 0.3025 
 418 385 448 416 53 0.2983 
 580 505 610 525 53 0.2949 
 139 571 171 594 53 0.2949 
 44 21 77 73 53 0.2783 
 538 346 572 380 53 0.2776 
