482 314 509 344 53 0.8409 
 506 219 538 252 53 0.8398 
 209 341 241 371 53 0.8389 
 127 78 159 104 53 0.8154 
 420 390 463 424 53 0.815 
 46 12 85 48 53 0.8057 
 47 110 86 144 53 0.8032 
 566 401 607 432 53 0.8032 
 69 47 105 77 53 0.8003 
 125 169 157 200 53 0.7905 
 99 158 129 186 53 0.7881 
 345 243 382 271 53 0.7847 
 181 350 211 378 53 0.7847 
 84 363 114 394 53 0.7798 
 522 402 556 429 53 0.7793 
 186 60 219 86 53 0.7759 
 358 213 388 242 53 0.7705 
 532 161 564 193 53 0.7676 
 274 396 309 426 53 0.7671 
 321 336 359 367 53 0.7642 
 71 201 111 229 53 0.7637 
 617 283 655 310 53 0.7627 
 199 187 234 214 53 0.7622 
 548 300 582 333 53 0.7612 
 127 264 164 296 53 0.7563 
 436 290 478 322 53 0.749 
 203 47 236 73 53 0.7471 
 4 252 45 284 53 0.7471 
 260 175 286 207 53 0.7399 
 142 0 178 23 53 0.7393 
 346 404 382 434 53 0.7378 
 579 303 611 329 53 0.7212 
 3 119 42 149 53 0.7148 
 623 73 659 106 53 0.7096 
 44 45 77 67 53 0.708 
 464 434 489 457 53 0.7072 
 309 30 338 62 53 0.6958 
 155 159 189 192 53 0.6955 
 528 112 557 142 53 0.6929 
 70 175 108 203 53 0.6899 
 662 137 700 168 53 0.6895 
 594 249 637 281 53 0.6885 
 200 304 238 337 53 0.6851 
 111 379 147 409 53 0.6816 
 655 332 685 363 53 0.6813 
 124 315 150 347 53 0.673 
 281 194 315 224 53 0.6646 
 478 168 517 200 53 0.6577 
 427 29 459 54 53 0.6523 
 572 40 607 74 53 0.6523 
 487 481 524 511 53 0.647 
 392 251 431 284 53 0.6362 
 151 303 168 326 53 0.6349 
 78 481 116 514 53 0.6323 
 267 40 303 65 53 0.6143 
 91 312 119 340 53 0.6021 
 146 547 173 577 53 0.5972 
 490 84 516 109 53 0.583 
 233 301 259 323 53 0.582 
 114 0 146 17 53 0.5728 
 585 129 611 156 53 0.5728 
 67 531 106 564 53 0.5723 
 560 111 590 132 53 0.5698 
 584 21 612 46 53 0.5669 
 247 458 292 497 53 0.5562 
 371 528 400 555 53 0.5537 
 257 75 284 103 53 0.5515 
 636 200 661 228 53 0.5449 
 687 2 700 20 53 0.5405 
 598 131 630 158 53 0.5332 
 549 40 573 68 53 0.5254 
 292 451 322 476 53 0.5088 
 48 276 78 302 53 0.5049 
 691 89 703 118 53 0.5 
 693 278 701 306 53 0.4998 
 462 18 479 34 53 0.488 
 327 211 355 235 53 0.4844 
 512 326 544 349 53 0.4707 
 224 536 261 567 53 0.4465 
 320 510 350 535 53 0.4321 
 108 111 123 130 53 0.4139 
 344 68 376 90 53 0.4016 
 299 340 317 363 53 0.395 
 2 453 14 484 53 0.3933 
 169 2 187 20 53 0.3904 
 454 3 464 12 53 0.3794 
 451 0 468 15 53 0.3757 
 555 501 591 524 53 0.3757 
 466 150 482 173 53 0.332 
 520 269 537 286 53 0.3311 
 234 218 250 241 53 0.3252 
 0 295 14 321 53 0.3252 
 326 181 353 208 53 0.3242 
 655 80 673 103 53 0.3184 
 151 2 190 20 53 0.3123 
 198 560 237 587 53 0.3123 
 388 133 432 161 53 0.3115 
 269 576 307 606 53 0.3066 
 176 88 200 111 53 0.3015 
 691 346 703 368 53 0.2974 
 522 506 555 534 53 0.2727 
 386 125 420 153 53 0.2705 
 215 104 236 124 53 0.2666 
 590 586 629 620 53 0.2581 
