482 136 516 173 53 0.8931 
 188 244 230 277 53 0.857 
 60 221 93 256 53 0.8555 
 171 95 209 133 53 0.855 
 108 500 148 544 53 0.8491 
 540 489 577 525 53 0.8418 
 55 430 93 464 53 0.8413 
 515 221 556 253 53 0.8394 
 549 396 587 429 53 0.8394 
 75 507 112 544 53 0.8389 
 92 54 128 91 53 0.8369 
 230 177 272 211 53 0.835 
 7 600 43 635 53 0.8345 
 419 554 462 597 53 0.833 
 588 81 630 117 53 0.8326 
 286 295 326 330 53 0.8316 
 399 297 434 325 53 0.8282 
 467 518 503 551 53 0.8263 
 369 430 409 460 53 0.8262 
 671 383 703 422 53 0.8257 
 245 403 285 440 53 0.8253 
 10 535 44 561 53 0.8232 
 176 336 218 371 53 0.8232 
 539 17 582 50 53 0.8228 
 620 418 649 449 53 0.8184 
 645 412 676 449 53 0.8169 
 400 226 433 258 53 0.8169 
 403 421 441 455 53 0.8169 
 150 332 185 371 53 0.8154 
 112 194 146 233 53 0.8135 
 215 452 258 483 53 0.8115 
 473 201 512 234 53 0.8111 
 115 564 156 599 53 0.8066 
 184 665 217 697 53 0.8058 
 149 393 193 435 53 0.8057 
 623 105 664 142 53 0.8013 
 31 508 75 547 53 0.7964 
 338 533 383 576 53 0.7964 
 127 387 161 428 53 0.7891 
 111 107 151 145 53 0.7871 
 34 198 72 237 53 0.7852 
 135 450 175 486 53 0.7842 
 64 256 94 285 53 0.7759 
 309 147 348 185 53 0.7725 
 321 352 344 378 53 0.7695 
 231 266 264 294 53 0.7695 
 354 584 396 622 53 0.7687 
 280 652 320 690 53 0.7676 
 514 485 552 515 53 0.7661 
 198 364 237 397 53 0.7456 
 533 584 560 615 53 0.7358 
 159 289 200 322 53 0.7306 
 267 565 308 600 53 0.7266 
 371 512 402 546 53 0.7238 
 294 250 318 277 53 0.7188 
 305 272 343 301 53 0.7168 
 290 379 322 402 53 0.7139 
 100 671 143 702 53 0.6974 
 51 161 83 189 53 0.6792 
 74 542 113 574 53 0.6782 
 593 0 632 22 53 0.6748 
 230 312 264 342 53 0.6704 
 316 624 355 655 53 0.6655 
 194 440 214 473 53 0.6592 
 499 545 530 577 53 0.6548 
 203 433 235 459 53 0.6074 
 376 626 415 660 53 0.605 
 302 588 330 610 53 0.604 
 180 172 213 203 53 0.5898 
 258 658 282 685 53 0.5786 
 132 420 156 444 53 0.5708 
 194 422 221 447 53 0.5495 
 105 109 129 144 53 0.5264 
 275 593 307 617 53 0.5156 
 0 603 13 628 53 0.4863 
 393 510 430 547 53 0.4834 
 192 432 228 471 53 0.4756 
 29 667 58 691 53 0.4619 
 381 189 414 215 53 0.4465 
 168 671 192 702 53 0.3943 
 366 423 441 463 53 0.3928 
 502 465 532 496 53 0.3711 
 123 451 141 472 53 0.3328 
 619 389 651 414 53 0.3218 
 127 404 158 443 53 0.3025 
 641 386 693 446 53 0.2891 
 346 358 363 377 53 0.2805 
 228 548 262 583 53 0.2783 
 234 265 267 327 53 0.2654 
 0 485 23 516 53 0.2561 
