473 398 506 428 53 0.8662 
 273 319 311 354 53 0.856 
 491 212 525 243 53 0.8521 
 149 302 184 334 53 0.8516 
 440 403 473 434 53 0.8398 
 487 0 522 30 53 0.8369 
 322 463 356 495 53 0.8354 
 674 302 704 333 53 0.8346 
 173 98 211 128 53 0.834 
 276 477 309 509 53 0.8311 
 553 153 589 186 53 0.8301 
 386 179 418 209 53 0.8291 
 437 235 469 264 53 0.8267 
 435 101 468 132 53 0.8242 
 224 357 260 385 53 0.8237 
 379 436 416 468 53 0.8219 
 144 395 179 426 53 0.8214 
 102 11 137 38 53 0.8208 
 531 373 554 401 53 0.8208 
 449 664 483 695 53 0.8188 
 151 512 188 543 53 0.8188 
 430 162 464 192 53 0.8154 
 484 602 517 631 53 0.8125 
 341 294 374 321 53 0.8115 
 581 466 618 499 53 0.8115 
 467 137 500 170 53 0.8102 
 123 97 155 129 53 0.8066 
 335 573 364 605 53 0.8048 
 600 393 636 422 53 0.8048 
 176 533 212 568 53 0.8042 
 230 515 263 544 53 0.8018 
 331 132 364 161 53 0.8008 
 588 238 621 273 53 0.8008 
 579 279 610 307 53 0.7983 
 460 332 496 366 53 0.7969 
 359 157 397 182 53 0.7949 
 280 243 314 269 53 0.792 
 533 511 570 542 53 0.79 
 532 590 568 622 53 0.79 
 189 59 220 93 53 0.7881 
 312 161 344 190 53 0.7847 
 246 647 280 675 53 0.7842 
 440 19 478 56 53 0.7827 
 24 670 56 697 53 0.7827 
 402 567 440 597 53 0.7822 
 341 658 382 690 53 0.7822 
 315 191 344 221 53 0.7798 
 461 4 488 30 53 0.7798 
 148 89 180 119 53 0.7794 
 292 384 322 406 53 0.7788 
 326 611 359 647 53 0.7744 
 351 395 390 425 53 0.7687 
 283 35 317 64 53 0.7686 
 111 298 151 324 53 0.7637 
 342 231 369 254 53 0.7622 
 133 621 165 650 53 0.7598 
 459 474 498 512 53 0.7598 
 350 522 387 554 53 0.754 
 261 460 284 487 53 0.7534 
 555 318 586 360 53 0.7505 
 251 311 284 342 53 0.7456 
 444 331 466 360 53 0.7441 
 79 153 108 183 53 0.7428 
 117 370 137 399 53 0.7424 
 509 254 547 288 53 0.7393 
 532 290 568 319 53 0.7389 
 344 266 378 293 53 0.7373 
 175 480 217 514 53 0.7349 
 267 126 309 162 53 0.7285 
 138 126 163 150 53 0.7278 
 618 525 648 553 53 0.7251 
 513 339 545 362 53 0.7217 
 162 1 191 27 53 0.7192 
 636 482 673 512 53 0.7188 
 271 165 299 194 53 0.7139 
 352 206 371 233 53 0.7135 
 328 207 361 236 53 0.709 
 551 251 580 282 53 0.7041 
 470 575 490 603 53 0.7007 
 457 220 488 242 53 0.6943 
 265 0 298 23 53 0.6934 
 604 496 639 523 53 0.6919 
 487 534 517 553 53 0.6899 
 445 188 465 209 53 0.6823 
 253 185 282 211 53 0.6792 
 603 304 634 332 53 0.6745 
 306 662 329 686 53 0.6701 
 388 681 435 703 53 0.6582 
 648 504 687 528 53 0.6548 
 302 545 337 577 53 0.6538 
 540 2 582 21 53 0.6533 
 276 622 313 651 53 0.6479 
 404 533 430 560 53 0.6436 
 318 489 337 506 53 0.6406 
 358 488 384 504 53 0.6245 
 629 591 660 620 53 0.6066 
 240 583 267 609 53 0.606 
 689 536 703 563 53 0.6008 
 579 220 605 237 53 0.5898 
 479 626 497 648 53 0.5747 
 377 540 401 573 53 0.5747 
 239 173 265 196 53 0.5695 
 499 275 518 299 53 0.5578 
 504 670 539 700 53 0.5417 
 567 447 601 464 53 0.5293 
 125 674 153 700 53 0.5205 
 265 208 290 230 53 0.5029 
 608 218 632 240 53 0.5007 
 357 685 396 702 53 0.4893 
 444 398 498 436 53 0.4844 
 276 556 306 578 53 0.459 
 493 118 511 139 53 0.4561 
 693 567 702 589 53 0.427 
 562 640 600 671 53 0.4111 
 428 0 449 14 53 0.4055 
 133 374 156 404 53 0.3914 
 179 510 217 578 53 0.353 
 258 208 278 230 53 0.3502 
 597 598 629 623 53 0.3485 
 451 635 470 653 53 0.3397 
 571 276 590 301 53 0.3372 
 312 97 345 133 53 0.332 
 574 690 602 704 53 0.3208 
 334 137 384 176 53 0.3174 
 539 1 558 18 53 0.3074 
 235 176 277 203 53 0.2869 
 344 520 368 552 53 0.2791 
 633 431 660 457 53 0.2751 
 231 620 268 640 53 0.2727 
 370 472 389 490 53 0.2629 
 207 190 231 217 53 0.2612 
 671 503 688 526 53 0.2524 
