503 341 539 372 53 0.8457 
 80 292 114 321 53 0.8164 
 529 381 562 411 53 0.8091 
 680 237 704 265 53 0.8082 
 218 389 249 414 53 0.8081 
 282 65 321 97 53 0.7993 
 91 339 118 367 53 0.7936 
 346 342 379 379 53 0.793 
 237 276 267 300 53 0.7891 
 47 352 83 384 53 0.7886 
 617 51 648 77 53 0.7866 
 258 263 287 292 53 0.7857 
 268 423 306 453 53 0.7848 
 595 399 624 423 53 0.7812 
 67 424 88 446 53 0.7761 
 111 351 138 380 53 0.775 
 324 43 355 76 53 0.7721 
 330 480 362 508 53 0.772 
 592 189 627 217 53 0.7686 
 17 352 49 383 53 0.7607 
 153 473 186 508 53 0.7598 
 406 296 440 322 53 0.7583 
 641 154 672 185 53 0.7544 
 456 418 483 444 53 0.7534 
 620 215 648 241 53 0.75 
 417 0 455 22 53 0.749 
 302 430 331 462 53 0.7472 
 669 449 703 481 53 0.7471 
 130 402 157 421 53 0.7461 
 532 84 569 114 53 0.7461 
 203 547 237 578 53 0.7378 
 382 367 413 401 53 0.7363 
 554 333 575 355 53 0.7335 
 623 237 657 269 53 0.7271 
 26 301 41 326 53 0.7271 
 122 496 156 527 53 0.7188 
 134 439 166 463 53 0.7153 
 682 314 703 337 53 0.7145 
 663 395 694 417 53 0.7124 
 283 257 304 283 53 0.7121 
 543 282 573 309 53 0.7104 
 652 228 686 257 53 0.7031 
 181 378 212 403 53 0.7026 
 137 122 168 150 53 0.7007 
 627 101 657 127 53 0.6992 
 298 465 328 484 53 0.6953 
 245 0 265 24 53 0.693 
 587 338 615 361 53 0.6899 
 259 1 295 22 53 0.6895 
 343 192 373 215 53 0.686 
 307 0 337 28 53 0.6841 
 0 103 20 125 53 0.6841 
 578 167 608 195 53 0.6826 
 201 96 224 118 53 0.6813 
 660 280 689 303 53 0.6772 
 620 382 639 406 53 0.6772 
 105 434 132 458 53 0.6772 
 22 423 52 446 53 0.6768 
 148 266 172 289 53 0.6724 
 577 132 613 156 53 0.6724 
 0 318 16 351 53 0.6689 
 624 362 652 387 53 0.667 
 16 443 43 467 53 0.6667 
 440 412 458 440 53 0.644 
 566 411 595 432 53 0.6436 
 83 443 106 464 53 0.6432 
 326 227 348 250 53 0.6372 
 245 376 261 398 53 0.6276 
 542 357 561 383 53 0.6206 
 242 52 273 76 53 0.6187 
 2 344 28 374 53 0.6113 
 131 377 144 397 53 0.6101 
 610 92 645 121 53 0.603 
 166 112 192 135 53 0.5972 
 271 148 300 175 53 0.5938 
 4 68 36 93 53 0.5918 
 675 49 701 71 53 0.5898 
 632 484 671 514 53 0.584 
 602 291 621 316 53 0.5837 
 312 30 343 56 53 0.5757 
 332 298 345 320 53 0.5754 
 581 34 603 54 53 0.5659 
 367 168 391 199 53 0.5557 
 343 22 363 47 53 0.5534 
 74 92 108 128 53 0.5527 
 554 113 584 139 53 0.5508 
 418 387 435 410 53 0.5466 
 294 508 324 534 53 0.54 
 288 636 322 667 53 0.5371 
 629 342 655 364 53 0.5361 
 1 2 22 22 53 0.5322 
 566 345 591 368 53 0.529 
 362 307 379 324 53 0.5166 
 304 210 329 244 53 0.5107 
 67 171 103 198 53 0.5078 
 420 497 451 524 53 0.5029 
 406 58 431 83 53 0.4951 
 0 372 14 397 53 0.4893 
 168 354 193 377 53 0.4814 
 433 545 460 577 53 0.4795 
 624 26 646 53 53 0.4756 
 110 20 135 36 53 0.4756 
 2 72 22 93 53 0.4727 
 162 273 182 290 53 0.4705 
 204 344 218 356 53 0.4697 
 395 9 416 32 53 0.4578 
 405 439 424 463 53 0.4578 
 343 501 372 527 53 0.4543 
 125 338 146 356 53 0.4504 
 144 44 165 67 53 0.4446 
 519 381 536 407 53 0.4426 
 641 249 663 272 53 0.4312 
 452 479 482 504 53 0.4302 
 68 305 91 329 53 0.4158 
 50 455 69 479 53 0.4158 
 373 569 408 596 53 0.4158 
 389 302 400 323 53 0.4131 
 2 160 8 185 53 0.4119 
 440 440 464 468 53 0.4072 
 571 190 594 213 53 0.407 
 675 126 694 147 53 0.4053 
 655 370 677 396 53 0.4045 
 150 359 178 392 53 0.4026 
 513 304 536 328 53 0.4004 
 98 370 118 389 53 0.4004 
 555 288 580 314 53 0.3867 
 668 504 702 530 53 0.3857 
 219 481 245 503 53 0.385 
 370 263 402 290 53 0.3711 
 695 156 702 176 53 0.3701 
 544 41 571 69 53 0.3584 
 510 306 524 329 53 0.3582 
 472 0 499 26 53 0.3469 
 399 252 422 277 53 0.3459 
 258 625 293 661 53 0.3452 
 464 496 494 527 53 0.3328 
 358 667 392 694 53 0.3328 
 337 439 353 466 53 0.3269 
 235 504 252 522 53 0.3258 
 344 164 369 192 53 0.3252 
 441 469 457 496 53 0.3242 
 381 302 405 324 53 0.3184 
 195 81 209 97 53 0.3174 
 266 183 281 206 53 0.3149 
 229 523 248 535 53 0.3108 
 385 184 406 207 53 0.3049 
 354 174 385 207 53 0.3049 
 283 550 312 581 53 0.2991 
 334 177 361 199 53 0.2935 
 26 335 46 356 53 0.2869 
 432 115 461 143 53 0.2828 
 629 349 653 374 53 0.2822 
 397 321 409 336 53 0.2727 
 381 53 409 78 53 0.2712 
 606 20 627 52 53 0.2554 
 256 550 283 577 53 0.2524 
