75 401 104 433 53 0.8502 
 471 396 506 429 53 0.8491 
 169 440 201 481 53 0.8428 
 126 58 163 88 53 0.8354 
 658 425 692 456 53 0.8311 
 314 33 351 65 53 0.8306 
 101 358 138 392 53 0.8287 
 574 82 608 116 53 0.8286 
 618 312 657 342 53 0.8267 
 645 394 678 424 53 0.8263 
 493 329 526 363 53 0.8257 
 73 340 108 369 53 0.8257 
 379 292 421 327 53 0.8253 
 203 49 237 80 53 0.8252 
 106 327 143 357 53 0.8233 
 159 48 191 81 53 0.8232 
 87 150 125 183 53 0.8232 
 173 267 206 300 53 0.8223 
 634 454 665 482 53 0.8223 
 626 114 661 148 53 0.8218 
 682 402 704 434 53 0.8214 
 552 208 591 241 53 0.8198 
 433 196 471 227 53 0.8193 
 567 34 599 64 53 0.8188 
 662 129 701 163 53 0.8188 
 64 444 99 474 53 0.8174 
 84 510 117 541 53 0.8154 
 532 103 569 140 53 0.8131 
 197 214 236 246 53 0.8111 
 199 78 238 106 53 0.8097 
 448 413 480 440 53 0.8091 
 258 255 295 285 53 0.8066 
 448 382 483 413 53 0.8018 
 272 26 307 56 53 0.8009 
 144 4 180 39 53 0.8008 
 521 282 557 317 53 0.8008 
 512 373 541 403 53 0.8008 
 484 369 515 400 53 0.7993 
 617 242 651 270 53 0.7983 
 474 219 503 250 53 0.7921 
 473 138 503 168 53 0.7921 
 502 0 537 21 53 0.792 
 114 558 148 592 53 0.792 
 475 88 504 121 53 0.7882 
 646 198 682 233 53 0.7882 
 44 393 82 423 53 0.7862 
 509 423 547 455 53 0.7822 
 587 27 615 54 53 0.7812 
 321 387 355 415 53 0.7808 
 443 15 460 43 53 0.7789 
 397 340 422 368 53 0.777 
 390 180 427 208 53 0.7754 
 567 360 606 393 53 0.7739 
 331 289 365 319 53 0.7656 
 347 344 381 372 53 0.7642 
 616 341 641 373 53 0.756 
 559 101 584 134 53 0.7555 
 141 475 178 506 53 0.7545 
 371 30 406 62 53 0.7544 
 650 344 679 370 53 0.7487 
 557 159 593 193 53 0.7485 
 365 443 403 478 53 0.7476 
 259 531 294 566 53 0.7446 
 581 450 612 486 53 0.7446 
 77 473 112 506 53 0.7432 
 677 541 704 574 53 0.7428 
 79 241 123 278 53 0.7422 
 351 393 374 422 53 0.7389 
 455 100 481 126 53 0.731 
 487 425 511 454 53 0.7305 
 45 0 88 25 53 0.728 
 159 282 185 307 53 0.7231 
 63 250 86 280 53 0.7217 
 315 468 354 501 53 0.7212 
 601 129 622 159 53 0.7208 
 287 459 313 482 53 0.7174 
 556 444 586 476 53 0.7168 
 305 403 325 427 53 0.7125 
 433 509 470 542 53 0.7056 
 283 386 317 419 53 0.7026 
 599 173 632 206 53 0.6934 
 690 268 703 297 53 0.6925 
 205 12 246 50 53 0.6885 
 144 557 172 589 53 0.6813 
 233 53 247 81 53 0.6769 
 322 281 347 307 53 0.6667 
 587 165 625 198 53 0.6646 
 568 138 595 161 53 0.6611 
 353 33 381 63 53 0.6582 
 166 569 205 601 53 0.6582 
 85 644 124 678 53 0.6504 
 562 338 595 365 53 0.6489 
 320 658 357 694 53 0.6406 
 234 490 277 528 53 0.6392 
 674 0 704 20 53 0.6377 
 676 189 697 219 53 0.626 
 86 0 107 24 53 0.6257 
 155 620 188 654 53 0.6167 
 56 518 86 546 53 0.5957 
 680 155 704 190 53 0.584 
 336 0 374 15 53 0.584 
 385 142 408 171 53 0.5783 
 142 296 175 329 53 0.5708 
 71 249 102 282 53 0.5679 
 374 208 397 239 53 0.5547 
 397 215 426 245 53 0.5518 
 145 661 181 695 53 0.543 
 564 445 608 480 53 0.5391 
 116 1 155 15 53 0.5029 
 466 510 478 537 53 0.5 
 422 315 451 338 53 0.4912 
 352 603 388 635 53 0.4648 
 264 438 286 462 53 0.4629 
 379 541 415 572 53 0.457 
 0 496 16 517 53 0.4407 
 481 448 501 474 53 0.4377 
 679 359 702 386 53 0.4253 
 325 601 352 634 53 0.4187 
 608 577 642 611 53 0.4177 
 620 647 657 677 53 0.4148 
 442 0 463 17 53 0.4109 
 693 382 702 401 53 0.3948 
 462 570 492 602 53 0.384 
 693 340 703 367 53 0.3667 
 154 468 181 495 53 0.355 
 289 392 325 428 53 0.353 
 255 452 276 473 53 0.3513 
 250 246 266 275 53 0.3477 
 691 154 703 189 53 0.3225 
 254 444 287 470 53 0.272 
 149 0 176 19 53 0.2598 
 280 386 296 417 53 0.2583 
