326 123 356 154 53 0.7656 
 298 118 332 146 53 0.7432 
 260 351 290 381 53 0.6851 
 183 52 204 79 53 0.6104 
 314 268 348 293 53 0.603 
 488 220 521 249 53 0.6021 
 235 366 263 390 53 0.5969 
 165 41 192 66 53 0.5598 
 256 428 294 455 53 0.5156 
 405 234 440 263 53 0.4756 
 324 559 358 588 53 0.4475 
 49 333 79 360 53 0.4216 
 690 269 702 297 53 0.4193 
 239 138 260 160 53 0.3867 
 39 443 74 473 53 0.3811 
 253 72 283 102 53 0.3557 
 298 431 323 453 53 0.3511 
 341 348 374 373 53 0.3496 
 0 36 34 65 53 0.3459 
 51 173 86 200 53 0.3452 
 203 1 215 15 53 0.3441 
 138 287 174 315 53 0.3433 
 355 215 390 240 53 0.3389 
 529 321 565 349 53 0.3269 
 505 364 544 392 53 0.269 
 526 466 553 495 53 0.2681 
 198 1 221 18 53 0.2644 
