410 474 443 507 53 0.8613 
 257 281 292 311 53 0.8267 
 461 394 500 424 53 0.8258 
 404 17 449 52 53 0.792 
 458 27 490 55 53 0.7857 
 513 54 546 88 53 0.7775 
 382 421 412 453 53 0.7744 
 577 0 622 31 53 0.7734 
 565 378 598 410 53 0.7731 
 6 273 39 301 53 0.7661 
 292 421 327 451 53 0.7549 
 325 630 350 654 53 0.7471 
 557 452 581 484 53 0.7452 
 371 443 404 472 53 0.7393 
 324 156 359 186 53 0.7335 
 666 502 703 534 53 0.7271 
 296 495 320 527 53 0.7062 
 421 436 448 466 53 0.7031 
 515 348 551 375 53 0.6982 
 285 334 309 358 53 0.6925 
 339 296 371 321 53 0.6875 
 194 418 223 446 53 0.6826 
 543 49 573 80 53 0.6802 
 496 0 542 21 53 0.6733 
 653 16 683 43 53 0.672 
 679 0 704 27 53 0.6714 
 584 668 619 696 53 0.6699 
 308 625 330 650 53 0.6589 
 156 483 184 519 53 0.6486 
 37 606 71 636 53 0.6486 
 650 97 684 132 53 0.6479 
 102 586 123 612 53 0.6384 
 676 394 702 431 53 0.6299 
 190 286 213 318 53 0.626 
 454 630 480 654 53 0.6226 
 452 449 469 474 53 0.6203 
 451 85 488 113 53 0.6162 
 237 380 266 409 53 0.5957 
 283 198 316 225 53 0.5938 
 59 580 104 615 53 0.5928 
 247 313 287 359 53 0.5928 
 439 429 473 452 53 0.585 
 347 0 372 25 53 0.5786 
 548 269 586 289 53 0.5659 
 529 29 552 56 53 0.5569 
 128 626 166 655 53 0.5547 
 211 426 249 455 53 0.5352 
 482 42 512 72 53 0.5293 
 625 274 652 300 53 0.5293 
 622 105 653 131 53 0.498 
 548 326 568 354 53 0.488 
 395 618 426 649 53 0.4766 
 431 49 456 72 53 0.4561 
 114 145 155 182 53 0.4436 
 630 485 657 509 53 0.4417 
 482 459 510 485 53 0.4387 
 422 76 445 103 53 0.4272 
 362 504 394 532 53 0.4158 
 486 26 526 55 53 0.4158 
 119 98 139 130 53 0.4131 
 621 79 653 107 53 0.4102 
 451 411 473 434 53 0.4014 
 583 25 603 49 53 0.395 
 0 161 32 212 53 0.3914 
 45 649 83 675 53 0.3767 
 303 172 329 207 53 0.3523 
 167 639 190 666 53 0.3486 
 212 91 240 122 53 0.3398 
 598 428 623 457 53 0.3364 
 553 31 586 57 53 0.3269 
 467 4 492 31 53 0.3191 
 164 172 196 205 53 0.3049 
 634 419 655 444 53 0.2974 
 610 395 631 424 53 0.2861 
 294 187 329 225 53 0.2798 
 334 619 363 642 53 0.2712 
 444 435 473 467 53 0.2651 
 373 426 381 442 53 0.2539 
 159 514 184 537 53 0.2532 
