20 328 53 355 53 0.8091 
 585 477 615 506 53 0.8066 
 32 358 65 388 53 0.7983 
 280 242 314 267 53 0.7974 
 230 215 266 246 53 0.7818 
 646 315 673 345 53 0.7789 
 446 140 478 171 53 0.7773 
 670 652 697 686 53 0.7716 
 167 180 200 207 53 0.7695 
 246 241 282 270 53 0.7686 
 216 1 244 24 53 0.7441 
 514 409 539 431 53 0.7371 
 364 403 390 426 53 0.7227 
 356 46 382 75 53 0.7101 
 411 187 442 213 53 0.709 
 294 28 319 53 53 0.7003 
 26 49 57 74 53 0.6807 
 206 358 225 384 53 0.6802 
 84 267 116 291 53 0.6748 
 571 276 603 306 53 0.6748 
 585 451 609 473 53 0.672 
 327 144 363 174 53 0.6533 
 175 276 208 303 53 0.6494 
 10 493 28 515 53 0.5827 
 317 2 330 21 53 0.5783 
 137 0 178 17 53 0.5737 
 624 312 651 341 53 0.5728 
 116 32 144 60 53 0.5698 
 314 19 338 44 53 0.5659 
 19 503 57 524 53 0.5591 
 547 563 578 592 53 0.5537 
 172 206 197 238 53 0.5518 
 38 517 68 539 53 0.5469 
 172 367 195 390 53 0.5273 
 584 234 616 259 53 0.5264 
 439 162 459 184 53 0.5215 
 403 111 423 138 53 0.5203 
 42 316 73 339 53 0.5156 
 131 402 152 420 53 0.5144 
 430 290 457 318 53 0.5117 
 32 397 47 423 53 0.502 
 593 529 628 557 53 0.4668 
 143 2 175 12 53 0.4609 
 594 194 629 221 53 0.4524 
 376 278 383 304 53 0.4368 
 556 0 585 13 53 0.4282 
 664 500 697 523 53 0.4148 
 664 582 703 606 53 0.4148 
 51 65 70 89 53 0.4146 
 372 281 386 301 53 0.3513 
 213 355 239 385 53 0.3328 
 375 357 389 374 53 0.3319 
 397 35 423 61 53 0.3208 
 502 399 516 419 53 0.2991 
 668 631 696 658 53 0.2935 
 206 144 237 171 53 0.2822 
 336 33 357 48 53 0.2681 
 321 26 361 50 53 0.2651 
 24 327 61 383 53 0.2617 
 0 467 16 490 53 0.2605 
 518 322 536 346 53 0.2583 
