669 160 704 201 53 0.8628 
 472 385 516 429 53 0.8486 
 660 26 694 57 53 0.8448 
 37 62 77 97 53 0.8433 
 42 211 90 256 53 0.8424 
 547 268 578 306 53 0.8413 
 614 0 655 34 53 0.8311 
 108 604 151 658 53 0.8291 
 472 64 506 96 53 0.8276 
 627 204 674 243 53 0.8271 
 605 279 658 326 53 0.8242 
 595 480 643 524 53 0.8237 
 196 31 230 65 53 0.8233 
 390 40 426 79 53 0.8232 
 305 152 356 202 53 0.8223 
 69 329 103 361 53 0.8189 
 419 386 458 420 53 0.8188 
 383 305 416 337 53 0.8154 
 304 429 352 462 53 0.8111 
 486 657 523 688 53 0.811 
 305 456 349 509 53 0.8105 
 372 94 408 128 53 0.8097 
 445 244 491 290 53 0.8076 
 226 88 259 120 53 0.8066 
 412 323 449 356 53 0.8066 
 163 353 207 390 53 0.8042 
 223 0 273 36 53 0.8032 
 261 416 304 451 53 0.8032 
 212 432 261 479 53 0.8032 
 481 202 511 234 53 0.8004 
 23 144 66 179 53 0.8003 
 296 292 328 325 53 0.7993 
 51 529 98 564 53 0.7993 
 370 378 413 418 53 0.7969 
 91 509 141 561 53 0.7969 
 668 110 703 149 53 0.7949 
 643 447 685 483 53 0.7949 
 514 250 558 286 53 0.7944 
 274 18 305 48 53 0.7921 
 356 172 389 205 53 0.7921 
 456 0 493 29 53 0.791 
 310 0 341 27 53 0.7905 
 560 465 598 498 53 0.7905 
 6 76 47 107 53 0.7901 
 283 171 310 201 53 0.7897 
 39 279 79 317 53 0.7891 
 4 266 48 316 53 0.7847 
 171 174 208 213 53 0.7842 
 204 480 254 531 53 0.7842 
 305 116 338 150 53 0.7832 
 370 273 418 307 53 0.7832 
 126 5 166 42 53 0.7822 
 164 206 198 235 53 0.7808 
 435 529 472 562 53 0.7778 
 656 358 687 396 53 0.7775 
 435 32 461 57 53 0.7773 
 101 1 136 26 53 0.7765 
 277 469 311 514 53 0.7759 
 473 465 516 504 53 0.7744 
 197 191 247 246 53 0.7739 
 678 0 703 29 53 0.7701 
 0 533 48 577 53 0.7686 
 460 212 487 243 53 0.7667 
 501 325 541 363 53 0.7667 
 649 326 687 367 53 0.7656 
 576 311 610 344 53 0.7646 
 302 388 355 430 53 0.7646 
 16 36 66 76 53 0.7637 
 636 55 677 86 53 0.7604 
 590 0 620 26 53 0.7593 
 472 569 511 606 53 0.7568 
 491 298 526 332 53 0.7555 
 501 448 536 480 53 0.7544 
 238 305 273 339 53 0.7529 
 68 599 104 636 53 0.7526 
 407 430 444 468 53 0.752 
 619 237 661 268 53 0.75 
 604 357 637 397 53 0.75 
 497 530 532 564 53 0.749 
 0 118 26 152 53 0.749 
 211 305 241 336 53 0.749 
 675 480 703 513 53 0.7485 
 294 54 333 90 53 0.7471 
 676 266 704 307 53 0.7471 
 178 500 215 536 53 0.7456 
 18 594 51 629 53 0.7388 
 414 355 439 384 53 0.7374 
 607 515 649 559 53 0.7363 
 324 98 359 123 53 0.7334 
 246 469 278 508 53 0.7285 
 353 241 402 288 53 0.7285 
 172 11 204 37 53 0.728 
 532 190 584 250 53 0.7266 
 0 664 28 699 53 0.7251 
 146 321 178 353 53 0.7192 
 455 30 500 61 53 0.7184 
 381 20 420 46 53 0.7168 
 92 248 132 284 53 0.7168 
 378 0 434 24 53 0.7114 
 170 324 203 355 53 0.7075 
 525 492 565 524 53 0.7052 
 374 503 402 536 53 0.7041 
 304 219 334 250 53 0.7031 
 224 638 274 678 53 0.7002 
 451 79 473 113 53 0.6999 
 169 283 214 323 53 0.6997 
 426 55 458 83 53 0.6958 
 374 476 411 506 53 0.6953 
 130 647 172 678 53 0.6953 
 439 638 493 689 53 0.6938 
 188 139 222 170 53 0.6934 
 333 228 374 272 53 0.6919 
 596 400 625 429 53 0.687 
 670 528 704 560 53 0.6826 
 138 596 170 623 53 0.6807 
 0 220 24 251 53 0.6782 
 335 137 379 174 53 0.6768 
 113 145 155 180 53 0.6758 
 438 208 465 236 53 0.6689 
 426 579 460 612 53 0.6689 
 316 238 358 275 53 0.668 
 353 46 385 77 53 0.667 
 597 153 628 179 53 0.6655 
 278 57 298 86 53 0.6602 
 342 315 370 358 53 0.6567 
 279 109 309 141 53 0.6567 
 491 625 532 658 53 0.6548 
 683 305 704 338 53 0.6533 
 386 131 427 167 53 0.6514 
 629 314 657 350 53 0.6514 
 462 674 502 702 53 0.6494 
 457 536 499 577 53 0.6494 
 543 610 580 647 53 0.6479 
 2 155 25 180 53 0.647 
 331 525 363 557 53 0.646 
 287 433 316 475 53 0.645 
 270 628 320 675 53 0.6436 
 480 504 517 537 53 0.6416 
 447 315 474 342 53 0.6372 
 361 414 384 441 53 0.6372 
 369 441 404 472 53 0.6353 
 66 470 113 501 53 0.6343 
 629 360 663 393 53 0.6333 
 689 220 704 258 53 0.6309 
 60 256 95 290 53 0.627 
 629 542 667 578 53 0.6206 
 113 585 149 607 53 0.6206 
 147 346 174 380 53 0.6143 
 362 9 387 36 53 0.6133 
 40 337 75 370 53 0.6094 
 39 313 79 340 53 0.6001 
 263 674 298 702 53 0.5981 
 197 346 223 373 53 0.5889 
 402 505 424 529 53 0.5886 
 652 98 677 120 53 0.5806 
 606 325 639 353 53 0.5776 
 35 125 65 150 53 0.5757 
 196 412 232 447 53 0.5718 
 684 558 704 589 53 0.5679 
 65 496 105 526 53 0.5649 
 393 243 410 271 53 0.5547 
 22 438 51 465 53 0.5439 
 430 432 453 471 53 0.542 
 0 50 21 84 53 0.5361 
 259 69 280 94 53 0.5361 
 410 469 438 490 53 0.5312 
 298 605 344 643 53 0.5264 
 0 579 28 612 53 0.5244 
 491 601 525 632 53 0.5234 
 108 450 142 481 53 0.5195 
 360 440 384 476 53 0.5166 
 403 159 432 187 53 0.5127 
 517 182 542 222 53 0.5117 
 45 510 73 537 53 0.5049 
 0 21 15 49 53 0.5029 
 16 684 48 703 53 0.499 
 60 682 78 704 53 0.4968 
 47 600 70 629 53 0.4961 
 365 124 393 153 53 0.4941 
 86 276 112 300 53 0.4746 
 308 23 337 49 53 0.4727 
 97 379 122 412 53 0.4714 
 242 673 277 703 53 0.4678 
 119 550 157 570 53 0.4658 
 0 251 13 290 53 0.4609 
 135 136 162 168 53 0.46 
 571 430 614 466 53 0.459 
 138 605 169 643 53 0.459 
 553 26 588 53 53 0.4551 
 142 679 172 704 53 0.4543 
 624 426 658 448 53 0.4524 
 247 398 273 425 53 0.4514 
 61 642 82 675 53 0.4504 
 237 231 256 254 53 0.4417 
 645 38 686 84 53 0.4287 
 340 201 362 222 53 0.4251 
 64 384 99 412 53 0.4243 
 151 435 182 460 53 0.4187 
 272 83 295 109 53 0.4082 
 144 569 189 610 53 0.4026 
 385 644 420 673 53 0.3887 
 446 596 477 625 53 0.3877 
 439 51 465 84 53 0.384 
 6 576 40 605 53 0.3831 
 398 108 425 139 53 0.3811 
 97 683 145 704 53 0.3757 
 442 563 477 593 53 0.3674 
 565 464 635 512 53 0.363 
 556 52 587 84 53 0.3577 
 60 430 97 465 53 0.3557 
 56 128 88 154 53 0.3557 
 643 509 673 541 53 0.355 
 359 250 415 311 53 0.354 
 645 2 683 17 53 0.353 
 59 252 83 280 53 0.3459 
 155 422 192 457 53 0.3442 
 521 231 547 253 53 0.3408 
 411 383 507 428 53 0.3386 
 473 181 492 201 53 0.3218 
 1 306 17 334 53 0.314 
 344 238 382 279 53 0.2998 
 364 323 394 359 53 0.2974 
 100 336 119 360 53 0.2958 
 18 576 56 599 53 0.2935 
 46 452 68 478 53 0.291 
 19 123 42 152 53 0.2909 
 403 179 434 219 53 0.283 
 43 501 96 533 53 0.2815 
 553 44 584 73 53 0.2805 
 5 300 34 327 53 0.2744 
 0 590 22 618 53 0.2727 
 12 46 80 102 53 0.2673 
 368 368 387 389 53 0.2637 
 519 183 538 207 53 0.2598 
 292 74 322 108 53 0.2576 
