382 12 405 39 53 0.7867 
 660 93 691 119 53 0.7798 
 310 42 341 72 53 0.7485 
 386 129 419 155 53 0.7402 
 601 83 625 105 53 0.736 
 416 9 436 35 53 0.7262 
 332 118 357 136 53 0.7047 
 629 81 660 106 53 0.6802 
 400 196 425 223 53 0.6735 
 566 69 590 90 53 0.6733 
 680 326 703 357 53 0.6696 
 668 75 691 93 53 0.6689 
 416 144 436 165 53 0.652 
 475 296 507 319 53 0.6406 
 413 182 435 205 53 0.6232 
 465 272 489 297 53 0.6213 
 419 255 453 280 53 0.6143 
 503 286 530 309 53 0.6113 
 541 103 567 125 53 0.6047 
 245 80 278 103 53 0.5981 
 615 629 649 658 53 0.5908 
 614 2 638 22 53 0.5837 
 304 80 328 106 53 0.5817 
 407 79 434 98 53 0.5786 
 502 78 525 105 53 0.5747 
 230 371 257 396 53 0.563 
 468 247 497 269 53 0.562 
 526 80 543 102 53 0.5557 
 381 203 406 226 53 0.5342 
 515 132 535 152 53 0.5281 
 594 15 612 36 53 0.5271 
 651 683 684 703 53 0.498 
 510 38 544 62 53 0.4922 
 643 114 663 135 53 0.49 
 268 263 298 285 53 0.4756 
 309 110 326 129 53 0.4714 
 303 19 323 44 53 0.4648 
 644 354 667 383 53 0.4568 
 645 1 676 21 53 0.4551 
 368 0 387 28 53 0.4534 
 480 244 501 266 53 0.4504 
 657 219 675 239 53 0.4483 
 692 86 700 110 53 0.4407 
 401 116 426 136 53 0.4405 
 560 285 590 312 53 0.4397 
 609 221 629 239 53 0.4366 
 579 423 609 449 53 0.4321 
 501 307 524 330 53 0.4233 
 471 503 497 521 53 0.4216 
 42 406 61 425 53 0.4185 
 62 326 81 353 53 0.4131 
 85 331 104 357 53 0.4034 
 61 409 86 432 53 0.3877 
 506 262 527 280 53 0.3867 
 645 80 665 104 53 0.3748 
 35 372 58 397 53 0.3655 
 92 366 127 391 53 0.3621 
 22 50 51 71 53 0.3584 
 454 1 466 16 53 0.3468 
 34 361 68 395 53 0.3408 
 392 157 418 183 53 0.3398 
 313 272 329 294 53 0.3218 
 75 368 91 384 53 0.3165 
 531 472 559 492 53 0.3115 
 401 300 423 322 53 0.3114 
 631 683 654 703 53 0.3108 
 664 123 684 144 53 0.304 
 653 440 680 466 53 0.3015 
 346 14 363 41 53 0.2983 
 657 116 680 134 53 0.2886 
 82 403 98 424 53 0.2837 
 213 387 242 420 53 0.2644 
