571 240 601 265 53 0.853 
 665 202 689 232 53 0.8409 
 44 272 75 301 53 0.8374 
 555 32 579 53 53 0.8364 
 168 182 199 210 53 0.8276 
 44 36 69 63 53 0.8224 
 622 131 650 157 53 0.8224 
 393 181 426 209 53 0.8208 
 328 461 364 486 53 0.813 
 514 263 541 287 53 0.8105 
 491 82 524 109 53 0.8076 
 49 513 84 546 53 0.8042 
 466 235 496 264 53 0.8032 
 593 3 624 30 53 0.7984 
 524 55 551 80 53 0.7984 
 559 421 591 447 53 0.7969 
 463 191 490 217 53 0.7945 
 386 421 423 453 53 0.7925 
 453 430 481 459 53 0.7905 
 182 450 217 479 53 0.7905 
 228 428 262 453 53 0.7866 
 237 34 266 63 53 0.7798 
 145 434 175 462 53 0.7798 
 147 70 176 96 53 0.775 
 177 232 206 263 53 0.7731 
 532 23 557 50 53 0.7646 
 34 113 69 142 53 0.7637 
 99 0 128 31 53 0.752 
 311 348 346 374 53 0.7515 
 162 90 190 113 53 0.7505 
 10 644 42 667 53 0.7505 
 277 207 299 230 53 0.7476 
 531 401 561 431 53 0.7461 
 95 124 121 149 53 0.7389 
 654 13 681 39 53 0.7335 
 502 106 531 129 53 0.7285 
 273 101 299 128 53 0.7262 
 317 243 347 271 53 0.7256 
 467 265 490 292 53 0.7228 
 112 357 133 382 53 0.7065 
 403 154 432 179 53 0.6968 
 0 583 18 608 53 0.6881 
 362 509 387 537 53 0.6875 
 609 576 640 604 53 0.6867 
 64 651 93 679 53 0.6592 
 262 202 285 225 53 0.6353 
 269 346 286 370 53 0.6257 
 583 431 605 451 53 0.6113 
 164 234 181 265 53 0.6094 
 298 114 320 137 53 0.583 
 27 619 43 641 53 0.5725 
 321 167 349 190 53 0.5663 
 181 5 202 23 53 0.5649 
 509 47 527 65 53 0.499 
 321 487 347 509 53 0.489 
 228 170 255 192 53 0.4736 
 420 412 453 434 53 0.4736 
 309 100 343 123 53 0.4377 
 58 0 80 15 53 0.4312 
 272 179 297 199 53 0.4026 
 231 550 242 576 53 0.3746 
 612 647 641 671 53 0.3442 
 153 198 171 221 53 0.3433 
 527 402 541 431 53 0.3242 
 495 87 529 122 53 0.2878 
 61 1 77 11 53 0.2757 
 620 260 637 275 53 0.2545 
