229 63 268 97 53 0.8491 
 645 242 679 276 53 0.8457 
 466 9 503 45 53 0.8438 
 200 72 238 111 53 0.8428 
 284 52 317 82 53 0.8389 
 307 130 342 166 53 0.8389 
 653 535 691 578 53 0.8354 
 601 211 637 245 53 0.8345 
 481 151 521 183 53 0.8326 
 545 138 578 172 53 0.832 
 413 322 454 356 53 0.8297 
 291 214 329 245 53 0.8272 
 275 158 306 193 53 0.8267 
 547 290 583 321 53 0.8267 
 228 435 261 466 53 0.8257 
 438 370 475 404 53 0.8237 
 85 101 125 133 53 0.8223 
 371 382 413 424 53 0.8208 
 397 0 429 31 53 0.8198 
 5 72 32 106 53 0.818 
 41 557 73 593 53 0.8154 
 435 116 470 150 53 0.8154 
 620 418 661 451 53 0.8145 
 540 201 566 236 53 0.8141 
 259 209 288 240 53 0.8131 
 140 149 176 179 53 0.811 
 208 6 244 35 53 0.8066 
 478 423 518 458 53 0.8042 
 371 594 410 627 53 0.8042 
 57 138 88 165 53 0.8032 
 454 160 489 191 53 0.8027 
 465 266 504 299 53 0.8014 
 537 448 576 482 53 0.8013 
 596 558 634 591 53 0.8013 
 596 627 634 660 53 0.8008 
 67 362 101 393 53 0.797 
 80 187 110 214 53 0.7944 
 469 369 495 399 53 0.791 
 101 220 138 252 53 0.7905 
 349 230 380 258 53 0.7881 
 349 76 385 108 53 0.7862 
 499 456 539 489 53 0.7848 
 441 426 479 455 53 0.7798 
 138 387 166 410 53 0.777 
 60 319 93 353 53 0.7759 
 549 10 584 37 53 0.7734 
 392 191 434 224 53 0.7725 
 247 491 288 523 53 0.7716 
 570 361 614 402 53 0.7695 
 27 121 61 155 53 0.7671 
 208 315 242 348 53 0.7646 
 204 420 242 453 53 0.7607 
 75 33 111 62 53 0.7534 
 413 605 450 640 53 0.7441 
 427 489 469 529 53 0.7373 
 121 295 149 324 53 0.7266 
 178 138 204 167 53 0.7251 
 193 240 226 272 53 0.7227 
 92 11 129 50 53 0.7192 
 565 205 597 235 53 0.7192 
 497 590 541 632 53 0.7168 
 229 97 266 129 53 0.7129 
 133 215 164 245 53 0.6992 
 521 546 558 572 53 0.6992 
 110 364 150 404 53 0.6968 
 107 77 122 105 53 0.6906 
 16 227 49 251 53 0.686 
 397 137 420 158 53 0.6764 
 504 269 540 304 53 0.668 
 376 125 400 156 53 0.6676 
 59 532 94 559 53 0.6636 
 472 199 502 220 53 0.6406 
 263 330 290 365 53 0.6315 
 643 31 663 61 53 0.6296 
 1 592 41 623 53 0.6279 
 369 167 397 194 53 0.6245 
 583 445 613 474 53 0.6245 
 598 37 617 61 53 0.6242 
 572 146 588 176 53 0.6216 
 570 440 591 467 53 0.6174 
 0 115 20 139 53 0.5991 
 351 260 373 277 53 0.5898 
 70 558 101 588 53 0.5898 
 503 237 524 261 53 0.584 
 135 511 177 545 53 0.5571 
 257 46 286 65 53 0.5469 
 196 548 233 576 53 0.5322 
 128 564 164 596 53 0.5244 
 88 576 115 607 53 0.5056 
 266 61 284 86 53 0.4951 
 26 30 47 47 53 0.4802 
 492 538 514 557 53 0.4495 
 362 468 394 496 53 0.4167 
 30 105 46 127 53 0.4109 
 232 319 256 347 53 0.4016 
 324 482 358 511 53 0.3958 
 226 565 262 587 53 0.373 
 370 511 403 541 53 0.3647 
 570 438 606 473 53 0.3647 
 157 21 185 50 53 0.354 
 136 222 150 244 53 0.3337 
 639 533 657 557 53 0.3293 
 127 365 156 392 53 0.3242 
 263 80 281 96 53 0.3208 
 144 590 173 618 53 0.3174 
 530 302 559 330 53 0.3157 
 461 352 482 374 53 0.2974 
 260 688 299 704 53 0.2959 
 580 264 600 284 53 0.2884 
 239 539 277 568 53 0.283 
 468 519 500 547 53 0.2822 
 531 301 548 322 53 0.2766 
 564 233 591 252 53 0.2666 
 538 128 557 161 53 0.2651 
 105 301 126 324 53 0.2576 
