624 324 662 356 53 0.8447 
 626 251 660 283 53 0.8301 
 521 306 562 345 53 0.8237 
 464 75 498 106 53 0.8232 
 433 512 472 543 53 0.8169 
 328 247 368 280 53 0.8165 
 393 253 428 289 53 0.8154 
 471 308 506 337 53 0.814 
 593 374 623 398 53 0.814 
 618 293 656 324 53 0.8032 
 581 409 612 439 53 0.7974 
 660 116 694 142 53 0.7754 
 327 401 363 431 53 0.7705 
 12 81 50 112 53 0.7695 
 351 491 387 524 53 0.7637 
 679 288 703 320 53 0.7633 
 607 108 633 142 53 0.7496 
 166 420 203 453 53 0.7471 
 633 102 669 131 53 0.7388 
 379 166 420 207 53 0.7383 
 474 631 515 665 53 0.7355 
 443 79 469 111 53 0.7192 
 570 319 596 344 53 0.7178 
 437 191 474 220 53 0.716 
 219 118 254 144 53 0.7114 
 199 365 243 404 53 0.708 
 380 556 411 583 53 0.7047 
 675 472 704 504 53 0.7038 
 91 1 126 20 53 0.7002 
 601 494 637 522 53 0.693 
 195 276 233 306 53 0.687 
 294 31 330 64 53 0.6665 
 127 583 168 622 53 0.6562 
 421 117 458 142 53 0.6377 
 175 97 216 127 53 0.6162 
 46 532 67 560 53 0.6143 
 115 1 159 17 53 0.6133 
 224 505 260 539 53 0.5972 
 446 584 487 621 53 0.5952 
 73 187 104 213 53 0.5898 
 559 482 594 514 53 0.585 
 662 529 695 555 53 0.5728 
 691 509 703 541 53 0.5479 
 101 200 129 229 53 0.543 
 676 0 702 15 53 0.5371 
 425 448 459 472 53 0.5283 
 615 472 643 499 53 0.5127 
 414 637 447 661 53 0.4397 
 133 409 165 433 53 0.4226 
 23 328 49 348 53 0.4148 
 650 509 682 537 53 0.3943 
 8 307 30 329 53 0.3757 
 59 588 94 616 53 0.3594 
 539 287 556 306 53 0.3555 
 581 398 600 417 53 0.3548 
 586 381 620 441 53 0.3337 
 571 268 591 284 53 0.3233 
 168 0 195 15 53 0.2925 
 86 86 108 105 53 0.2783 
