219 110 250 138 53 0.8223 
 500 27 528 55 53 0.8131 
 250 402 281 431 53 0.8081 
 71 146 97 173 53 0.8048 
 209 281 235 310 53 0.8008 
 453 58 476 83 53 0.797 
 131 98 159 126 53 0.7949 
 51 158 78 181 53 0.7905 
 187 417 215 444 53 0.7847 
 528 140 557 165 53 0.7842 
 348 118 382 141 53 0.7827 
 378 415 405 442 53 0.7773 
 20 144 44 166 53 0.7734 
 143 51 169 80 53 0.7643 
 21 116 49 139 53 0.7568 
 147 85 176 109 53 0.7559 
 403 415 437 442 53 0.7544 
 81 95 108 126 53 0.7526 
 114 364 145 393 53 0.7515 
 652 75 684 103 53 0.7505 
 350 412 377 436 53 0.7355 
 168 468 202 497 53 0.7324 
 268 115 298 141 53 0.7305 
 57 95 81 120 53 0.7282 
 157 263 180 286 53 0.7228 
 520 309 554 340 53 0.7188 
 338 447 365 476 53 0.7168 
 435 443 467 467 53 0.7148 
 420 367 440 390 53 0.702 
 432 136 463 165 53 0.6992 
 229 280 262 303 53 0.6909 
 433 402 461 425 53 0.6902 
 647 95 673 119 53 0.6803 
 601 161 630 191 53 0.6724 
 646 451 674 474 53 0.6479 
 353 474 381 497 53 0.6372 
 630 430 652 452 53 0.632 
 64 452 92 473 53 0.625 
 94 329 124 357 53 0.6235 
 501 101 524 122 53 0.6216 
 235 426 260 452 53 0.6206 
 324 434 346 456 53 0.6127 
 108 396 130 422 53 0.6104 
 573 307 598 333 53 0.6069 
 120 0 144 18 53 0.6008 
 384 495 412 519 53 0.5505 
 305 206 329 234 53 0.5466 
 507 305 529 340 53 0.5449 
 517 138 530 167 53 0.5342 
 262 612 292 635 53 0.5322 
 669 384 692 409 53 0.5203 
 292 670 320 696 53 0.5195 
 205 257 231 282 53 0.5176 
 476 431 504 452 53 0.5176 
 387 367 406 387 53 0.5154 
 404 391 423 418 53 0.5056 
 143 581 177 605 53 0.499 
 223 138 246 155 53 0.4932 
 552 548 576 572 53 0.4814 
 209 223 232 245 53 0.4705 
 294 288 317 313 53 0.4697 
 12 439 36 460 53 0.4639 
 0 13 9 37 53 0.4619 
 98 375 117 395 53 0.4502 
 157 343 179 369 53 0.4456 
 605 94 623 120 53 0.4453 
 662 433 691 455 53 0.4341 
 652 388 668 406 53 0.4339 
 151 363 178 384 53 0.4302 
 514 71 532 93 53 0.43 
 576 546 599 570 53 0.407 
 161 231 183 247 53 0.3997 
 138 292 163 310 53 0.3941 
 211 185 231 204 53 0.3912 
 0 421 25 443 53 0.3831 
 227 663 262 688 53 0.3821 
 513 438 532 462 53 0.3774 
 110 353 129 372 53 0.3736 
 614 424 628 455 53 0.3721 
 291 604 317 627 53 0.3721 
 306 510 326 531 53 0.3673 
 445 163 466 182 53 0.3667 
 291 261 321 284 53 0.3513 
 328 202 354 227 53 0.3503 
 384 457 402 482 53 0.3486 
 70 178 92 199 53 0.3442 
 483 454 502 474 53 0.3416 
 322 407 345 427 53 0.3363 
 420 141 433 157 53 0.3132 
 446 235 468 265 53 0.3098 
 589 315 615 351 53 0.2949 
 195 537 230 559 53 0.2942 
 365 116 383 144 53 0.2903 
 223 254 254 276 53 0.2893 
 68 472 82 494 53 0.2886 
 384 168 409 194 53 0.2751 
 590 357 619 377 53 0.2737 
 621 508 652 533 53 0.2727 
 280 362 295 376 53 0.2637 
 509 593 542 620 53 0.2583 
 238 498 255 517 53 0.2538 
