155 148 188 174 53 0.8008 
 164 352 193 381 53 0.7891 
 649 51 679 78 53 0.7676 
 619 232 652 260 53 0.7598 
 124 147 148 172 53 0.7485 
 582 302 613 329 53 0.7402 
 665 128 690 152 53 0.7371 
 661 260 694 288 53 0.7339 
 610 307 635 335 53 0.733 
 527 0 559 23 53 0.709 
 223 328 255 354 53 0.7007 
 199 406 227 427 53 0.6992 
 201 268 239 299 53 0.6929 
 462 0 484 22 53 0.6867 
 54 556 71 585 53 0.682 
 120 497 146 523 53 0.6782 
 86 337 113 360 53 0.6738 
 257 9 291 35 53 0.6646 
 68 482 101 508 53 0.6611 
 149 284 173 307 53 0.6486 
 33 300 65 327 53 0.646 
 217 91 248 117 53 0.6353 
 132 527 160 551 53 0.633 
 636 145 664 169 53 0.6257 
 659 157 682 175 53 0.62 
 0 334 17 357 53 0.6196 
 0 315 26 344 53 0.6113 
 152 243 178 266 53 0.6011 
 280 293 299 312 53 0.5774 
 113 376 134 393 53 0.5735 
 532 330 564 357 53 0.5728 
 50 525 69 546 53 0.5569 
 575 147 609 172 53 0.5469 
 303 309 337 333 53 0.5449 
 603 256 630 281 53 0.5281 
 258 284 271 302 53 0.5273 
 219 128 240 150 53 0.5156 
 633 16 647 40 53 0.5117 
 665 86 689 104 53 0.502 
 1 639 17 662 53 0.5007 
 304 367 336 395 53 0.5 
 49 36 79 60 53 0.4951 
 531 392 564 414 53 0.4834 
 635 167 662 191 53 0.4465 
 73 309 89 329 53 0.4426 
 254 454 282 482 53 0.4321 
 97 309 117 329 53 0.4141 
 186 346 206 369 53 0.3978 
 485 285 521 312 53 0.3877 
 683 80 704 103 53 0.3867 
 83 57 110 76 53 0.385 
 244 119 269 140 53 0.3594 
 582 2 613 22 53 0.354 
 308 276 327 294 53 0.3309 
 579 353 601 374 53 0.325 
 505 319 536 344 53 0.3191 
 111 530 135 546 53 0.3174 
 48 346 71 372 53 0.3148 
 645 79 670 104 53 0.304 
 14 585 32 608 53 0.3032 
 261 402 288 425 53 0.3015 
 0 322 25 357 53 0.2893 
 588 31 615 48 53 0.2847 
 390 342 402 361 53 0.2796 
 382 255 417 284 53 0.2783 
 223 468 244 486 53 0.269 
 58 608 79 632 53 0.2681 
 420 391 455 415 53 0.2666 
 365 260 380 280 53 0.2628 
 683 399 697 417 53 0.259 
 277 0 306 14 53 0.2576 
 141 85 159 102 53 0.2545 
