40 435 77 467 53 0.8643 
 487 225 527 257 53 0.8335 
 476 631 510 664 53 0.8242 
 357 423 396 457 53 0.8232 
 94 294 127 325 53 0.8204 
 5 393 30 427 53 0.8189 
 475 322 515 357 53 0.8184 
 626 400 655 433 53 0.818 
 649 404 677 430 53 0.8101 
 78 354 103 382 53 0.8082 
 468 427 497 453 53 0.8032 
 628 641 667 674 53 0.8018 
 427 382 466 411 53 0.8009 
 29 321 68 358 53 0.7988 
 367 389 407 421 53 0.7969 
 128 338 165 373 53 0.7944 
 66 412 98 442 53 0.7916 
 418 349 454 384 53 0.7886 
 293 412 329 441 53 0.7881 
 531 500 568 529 53 0.7861 
 348 324 388 355 53 0.7847 
 556 299 575 327 53 0.7794 
 181 404 212 433 53 0.7788 
 349 563 390 600 53 0.7754 
 124 287 154 313 53 0.7734 
 112 559 141 586 53 0.772 
 34 620 73 653 53 0.772 
 212 0 246 25 53 0.771 
 0 503 18 534 53 0.7667 
 652 427 693 461 53 0.7604 
 325 407 353 438 53 0.7515 
 628 312 662 344 53 0.7485 
 28 403 56 429 53 0.7476 
 448 482 481 509 53 0.7402 
 560 476 590 501 53 0.7319 
 590 661 626 684 53 0.7153 
 648 623 678 653 53 0.7129 
 509 641 552 675 53 0.7065 
 294 440 331 468 53 0.7065 
 619 276 658 307 53 0.7056 
 581 679 613 702 53 0.7026 
 609 614 637 645 53 0.6968 
 547 597 571 622 53 0.6902 
 632 612 659 642 53 0.6875 
 411 466 446 500 53 0.6851 
 1 450 45 481 53 0.6826 
 83 531 112 559 53 0.6772 
 404 419 433 442 53 0.6738 
 503 374 537 394 53 0.6738 
 408 584 460 631 53 0.6738 
 361 589 401 621 53 0.6646 
 50 397 74 421 53 0.6533 
 370 499 405 527 53 0.6523 
 342 455 370 483 53 0.6494 
 114 388 137 411 53 0.6447 
 85 480 106 507 53 0.6423 
 524 297 561 324 53 0.6396 
 41 595 66 620 53 0.6359 
 207 396 243 425 53 0.6318 
 72 660 102 686 53 0.6318 
 306 668 342 699 53 0.6289 
 655 672 690 700 53 0.6187 
 442 311 465 336 53 0.614 
 486 307 510 327 53 0.611 
 164 503 199 533 53 0.6074 
 473 681 511 702 53 0.5981 
 31 498 61 521 53 0.5889 
 0 328 26 355 53 0.5718 
 289 474 317 509 53 0.5564 
 550 648 589 677 53 0.5449 
 573 583 613 622 53 0.5347 
 488 473 524 506 53 0.5342 
 264 417 293 448 53 0.5329 
 445 677 474 703 53 0.531 
 481 312 512 339 53 0.5186 
 657 606 699 652 53 0.5166 
 345 405 372 430 53 0.5163 
 347 354 370 379 53 0.5127 
 504 476 530 504 53 0.5027 
 107 354 132 380 53 0.4941 
 458 660 495 688 53 0.4941 
 209 381 228 404 53 0.488 
 200 511 233 548 53 0.4863 
 308 474 345 513 53 0.4834 
 1 450 21 481 53 0.4775 
 70 502 93 525 53 0.4717 
 617 556 643 583 53 0.457 
 63 591 96 625 53 0.4543 
 265 316 304 361 53 0.4485 
 337 622 364 658 53 0.4233 
 512 479 526 502 53 0.4036 
 404 490 434 516 53 0.3896 
 624 276 661 336 53 0.3892 
 428 412 456 436 53 0.3867 
 13 649 44 671 53 0.3821 
 3 619 29 647 53 0.3811 
 220 381 252 411 53 0.3774 
 22 492 46 521 53 0.3748 
 363 382 407 448 53 0.3647 
 106 621 134 648 53 0.3496 
 393 351 416 378 53 0.3364 
 254 542 277 568 53 0.3364 
 67 473 84 502 53 0.332 
 443 336 467 358 53 0.332 
 0 594 8 629 53 0.3286 
 490 0 510 12 53 0.3235 
 330 485 363 526 53 0.3235 
 92 394 111 418 53 0.3174 
 123 429 147 452 53 0.3091 
 323 429 339 455 53 0.2935 
 83 615 106 648 53 0.2651 
 258 419 279 440 53 0.2539 
 281 409 307 443 53 0.251 
