212 105 242 139 53 0.8492 
 24 166 60 192 53 0.8472 
 240 447 267 474 53 0.8278 
 340 205 378 235 53 0.8267 
 490 280 522 305 53 0.8091 
 154 241 181 262 53 0.8066 
 506 0 535 22 53 0.8018 
 452 500 480 529 53 0.7999 
 492 42 524 68 53 0.7852 
 14 149 39 175 53 0.7778 
 435 183 460 209 53 0.7773 
 670 339 702 367 53 0.7725 
 645 354 682 382 53 0.7661 
 258 92 287 114 53 0.7598 
 447 130 482 159 53 0.7534 
 31 522 69 553 53 0.7472 
 549 36 575 54 53 0.7461 
 444 462 476 495 53 0.7461 
 142 151 168 173 53 0.7399 
 331 160 368 190 53 0.7319 
 563 389 602 421 53 0.7319 
 26 86 49 109 53 0.7227 
 213 569 245 594 53 0.7217 
 122 378 155 411 53 0.7192 
 11 515 39 542 53 0.7101 
 433 86 466 120 53 0.6953 
 283 500 315 522 53 0.6943 
 360 0 391 17 53 0.6929 
 247 77 273 100 53 0.6909 
 246 673 274 696 53 0.687 
 372 511 403 534 53 0.6826 
 596 93 623 113 53 0.6545 
 434 64 460 90 53 0.641 
 204 228 229 247 53 0.6349 
 457 180 479 211 53 0.632 
 328 208 344 236 53 0.626 
 113 378 136 410 53 0.6235 
 214 184 243 206 53 0.5886 
 385 655 416 687 53 0.5879 
 396 621 417 647 53 0.5837 
 188 623 218 647 53 0.5679 
 302 598 327 621 53 0.561 
 436 222 461 256 53 0.5557 
 249 44 276 73 53 0.5381 
 467 646 479 672 53 0.5322 
 656 420 686 443 53 0.5283 
 471 420 495 445 53 0.5127 
 142 390 168 417 53 0.4951 
 216 588 254 617 53 0.4932 
 627 344 651 373 53 0.4912 
 177 676 205 700 53 0.4854 
 252 494 281 527 53 0.4844 
 124 200 143 220 53 0.4793 
 531 381 562 408 53 0.457 
 595 656 616 688 53 0.4524 
 116 417 146 439 53 0.4368 
 446 556 479 585 53 0.4226 
 668 661 702 691 53 0.4197 
 688 423 703 445 53 0.4072 
 279 487 297 513 53 0.3914 
 247 581 276 603 53 0.3748 
 212 624 227 648 53 0.3729 
 579 551 614 575 53 0.3684 
 111 156 132 173 53 0.3609 
 105 433 127 458 53 0.3604 
 556 116 583 142 53 0.3584 
 599 370 629 393 53 0.3459 
 619 516 647 539 53 0.3459 
 264 490 301 520 53 0.3416 
 88 52 105 70 53 0.3174 
 135 56 158 76 53 0.3174 
 24 15 42 34 53 0.3157 
 358 505 374 528 53 0.3114 
 64 670 94 694 53 0.2959 
 471 430 494 458 53 0.2903 
 41 56 67 72 53 0.2622 
