369 182 395 211 53 0.878 
 412 232 441 258 53 0.8399 
 473 241 492 267 53 0.8326 
 456 231 476 259 53 0.8248 
 475 453 504 485 53 0.8165 
 322 420 347 448 53 0.8057 
 438 34 460 59 53 0.8048 
 492 233 516 258 53 0.7969 
 526 279 547 305 53 0.7936 
 423 137 449 167 53 0.7921 
 464 272 488 299 53 0.7897 
 391 186 413 213 53 0.7881 
 148 223 169 250 53 0.7854 
 534 299 558 327 53 0.7843 
 506 343 534 371 53 0.7798 
 375 233 405 259 53 0.7778 
 412 199 441 225 53 0.7759 
 374 379 406 408 53 0.7646 
 200 273 226 297 53 0.7623 
 94 261 117 288 53 0.7609 
 56 254 84 285 53 0.7511 
 67 282 96 306 53 0.7441 
 130 206 157 232 53 0.7407 
 297 181 323 203 53 0.728 
 211 313 236 337 53 0.7217 
 422 306 449 338 53 0.7002 
 456 469 484 495 53 0.6982 
 366 425 388 455 53 0.6919 
 168 310 204 339 53 0.6885 
 602 434 633 462 53 0.6841 
 296 46 313 68 53 0.6735 
 336 170 359 196 53 0.6467 
 74 363 93 388 53 0.6457 
 90 357 117 383 53 0.6387 
 92 240 112 265 53 0.6306 
 343 428 370 459 53 0.6296 
 230 325 256 352 53 0.6223 
 675 388 702 414 53 0.6133 
 113 370 132 395 53 0.611 
 584 325 610 349 53 0.5954 
 216 256 236 276 53 0.5928 
 302 291 324 315 53 0.5783 
 338 54 351 70 53 0.5698 
 118 339 144 361 53 0.564 
 506 543 535 570 53 0.5361 
 345 172 370 196 53 0.5342 
 155 202 178 223 53 0.5303 
 236 390 260 417 53 0.5098 
 657 408 685 433 53 0.5029 
 213 344 251 367 53 0.502 
 280 53 292 70 53 0.4978 
 322 307 353 332 53 0.458 
 532 365 552 382 53 0.4444 
 567 284 592 303 53 0.4204 
 563 381 587 403 53 0.4187 
 283 276 307 303 53 0.3948 
 183 220 202 243 53 0.3721 
 88 242 117 278 53 0.3667 
 477 620 519 667 53 0.3496 
 174 525 204 550 53 0.3328 
 371 0 402 15 53 0.3201 
 136 318 162 339 53 0.3201 
 68 250 102 277 53 0.3115 
 403 303 437 336 53 0.3115 
 597 347 615 368 53 0.2892 
 581 489 603 509 53 0.2532 
