182 60 217 92 53 0.8208 
 232 353 268 383 53 0.7866 
 61 90 85 123 53 0.777 
 486 343 522 369 53 0.7754 
 526 301 564 328 53 0.7735 
 552 183 586 210 53 0.769 
 334 89 370 114 53 0.7476 
 521 403 553 427 53 0.7476 
 530 272 565 301 53 0.7417 
 517 476 552 503 53 0.7388 
 475 397 511 424 53 0.7335 
 560 373 592 398 53 0.7251 
 72 332 104 357 53 0.7241 
 94 240 116 267 53 0.7189 
 188 419 215 447 53 0.7164 
 407 77 435 102 53 0.709 
 51 192 81 220 53 0.7017 
 183 285 213 314 53 0.6979 
 66 433 97 463 53 0.6978 
 208 274 233 304 53 0.695 
 443 376 471 402 53 0.6943 
 380 440 410 465 53 0.6909 
 339 467 372 496 53 0.6909 
 683 412 703 438 53 0.6896 
 313 0 344 20 53 0.6885 
 515 363 544 391 53 0.686 
 260 52 285 79 53 0.6823 
 526 221 556 249 53 0.6802 
 338 282 367 308 53 0.6782 
 17 644 49 674 53 0.6782 
 44 398 73 425 53 0.6748 
 104 285 130 310 53 0.672 
 584 434 613 458 53 0.6646 
 84 180 110 207 53 0.6636 
 368 308 392 335 53 0.6535 
 0 421 32 452 53 0.6523 
 356 499 387 520 53 0.6514 
 467 268 504 300 53 0.6489 
 26 442 53 467 53 0.6436 
 541 248 573 274 53 0.6372 
 354 60 383 82 53 0.6323 
 292 53 323 76 53 0.6245 
 178 463 210 492 53 0.6226 
 89 431 112 456 53 0.6223 
 133 402 162 425 53 0.6167 
 539 503 572 528 53 0.6084 
 52 128 77 151 53 0.6011 
 551 317 578 344 53 0.5889 
 316 69 344 93 53 0.5869 
 610 521 646 548 53 0.5737 
 415 416 438 438 53 0.5735 
 0 647 23 681 53 0.5728 
 274 396 304 420 53 0.5718 
 587 323 608 348 53 0.5695 
 483 473 510 504 53 0.5688 
 50 249 81 278 53 0.564 
 376 465 403 492 53 0.5601 
 12 353 42 383 53 0.5439 
 49 448 75 475 53 0.5398 
 113 128 144 158 53 0.5359 
 0 611 34 639 53 0.5352 
 546 0 580 21 53 0.5117 
 18 540 49 566 53 0.5117 
 599 365 623 390 53 0.5039 
 628 456 641 478 53 0.5037 
 252 312 281 334 53 0.4844 
 99 470 129 494 53 0.4834 
 594 342 615 363 53 0.4832 
 361 429 392 450 53 0.4775 
 62 319 81 345 53 0.4727 
 22 301 51 324 53 0.4541 
 47 539 73 570 53 0.4514 
 102 394 136 422 53 0.4485 
 206 435 222 455 53 0.4483 
 138 347 174 370 53 0.4465 
 457 610 492 636 53 0.4426 
 0 342 16 365 53 0.4321 
 182 20 198 41 53 0.4241 
 364 237 388 261 53 0.4148 
 45 428 73 452 53 0.4148 
 586 479 610 503 53 0.4053 
 158 387 185 414 53 0.4045 
 209 330 242 357 53 0.4045 
 79 408 104 432 53 0.3887 
 311 377 341 401 53 0.3784 
 81 144 101 168 53 0.3721 
 122 364 148 391 53 0.3719 
 12 194 41 218 53 0.3667 
 607 325 634 355 53 0.3557 
 376 100 414 119 53 0.354 
 503 540 539 566 53 0.353 
 494 453 511 473 53 0.3286 
 258 335 279 357 53 0.3258 
 127 307 147 334 53 0.3123 
 374 97 393 118 53 0.3108 
 330 413 353 434 53 0.3091 
 81 362 117 386 53 0.3091 
 81 297 100 322 53 0.3032 
 0 219 27 243 53 0.2983 
 52 223 74 240 53 0.2892 
 60 286 83 309 53 0.2869 
 317 474 343 498 53 0.2815 
 15 170 43 189 53 0.2805 
 540 162 560 186 53 0.2783 
 167 367 188 388 53 0.2546 
