551 43 586 77 53 0.8833 
 34 434 71 466 53 0.8218 
 537 155 573 188 53 0.8115 
 225 35 261 67 53 0.8105 
 64 429 97 457 53 0.8066 
 13 458 44 486 53 0.8004 
 146 12 180 48 53 0.7921 
 610 224 640 258 53 0.7897 
 678 310 704 345 53 0.7857 
 116 342 152 370 53 0.769 
 365 29 405 56 53 0.7682 
 139 280 181 315 53 0.7593 
 344 172 378 203 53 0.7563 
 317 196 349 224 53 0.7529 
 590 95 626 127 53 0.7471 
 214 186 241 211 53 0.7457 
 60 154 86 185 53 0.7452 
 446 129 484 161 53 0.7422 
 8 337 39 360 53 0.7417 
 22 154 62 181 53 0.7363 
 276 487 318 530 53 0.7358 
 25 47 59 78 53 0.7295 
 214 209 243 232 53 0.7168 
 36 197 68 223 53 0.7114 
 171 627 210 661 53 0.7104 
 54 52 85 76 53 0.7002 
 526 214 562 244 53 0.6992 
 505 140 531 173 53 0.6989 
 334 36 368 68 53 0.6899 
 3 184 36 206 53 0.6816 
 192 389 229 419 53 0.6782 
 47 240 76 266 53 0.6689 
 34 242 54 267 53 0.6636 
 636 357 670 389 53 0.6592 
 258 492 283 523 53 0.6223 
 153 378 192 407 53 0.6216 
 654 34 693 64 53 0.6187 
 401 303 438 333 53 0.6167 
 569 13 594 36 53 0.6152 
 642 225 674 250 53 0.5938 
 138 435 179 468 53 0.583 
 419 372 455 397 53 0.5806 
 336 494 371 523 53 0.5776 
 468 419 505 449 53 0.5581 
 3 577 43 612 53 0.5518 
 0 302 14 328 53 0.5303 
 672 595 704 624 53 0.5244 
 301 1 320 17 53 0.5234 
 621 407 647 434 53 0.5205 
 413 468 449 494 53 0.5137 
 473 338 514 367 53 0.4883 
 0 345 14 368 53 0.4805 
 0 545 10 576 53 0.4754 
 647 526 688 555 53 0.4727 
 559 505 586 536 53 0.4351 
 282 625 319 655 53 0.4331 
 416 437 450 462 53 0.4177 
 326 343 362 372 53 0.3994 
 337 287 364 311 53 0.3904 
 546 417 582 443 53 0.3887 
 392 618 432 649 53 0.3774 
 22 639 54 668 53 0.3657 
 190 465 213 490 53 0.3594 
 141 485 178 512 53 0.3567 
 438 198 467 220 53 0.3469 
 152 612 186 642 53 0.3218 
 154 134 170 159 53 0.3201 
 381 70 415 88 53 0.3015 
 369 169 391 192 53 0.283 
 36 235 64 271 53 0.2805 
 463 564 500 591 53 0.269 
 651 392 660 411 53 0.2598 
 139 511 177 537 53 0.2546 
