491 28 522 62 53 0.8799 
 3 151 34 176 53 0.8569 
 406 69 434 101 53 0.8541 
 482 100 509 127 53 0.8438 
 586 405 617 434 53 0.8374 
 51 69 80 101 53 0.8364 
 201 5 235 33 53 0.8291 
 470 20 492 50 53 0.8233 
 154 71 187 98 53 0.8232 
 621 519 651 544 53 0.8223 
 405 500 438 531 53 0.8174 
 569 325 602 354 53 0.8115 
 554 476 588 501 53 0.8091 
 663 383 691 412 53 0.8078 
 82 78 110 111 53 0.8057 
 51 22 79 44 53 0.8042 
 397 369 419 397 53 0.8027 
 293 10 324 37 53 0.8008 
 390 64 414 91 53 0.7945 
 617 613 648 641 53 0.7944 
 344 23 381 56 53 0.793 
 445 521 473 543 53 0.792 
 658 480 681 504 53 0.778 
 174 93 203 120 53 0.7759 
 175 211 211 238 53 0.7754 
 272 296 306 322 53 0.771 
 108 424 136 450 53 0.7695 
 460 403 493 429 53 0.769 
 239 111 259 136 53 0.7643 
 548 17 579 43 53 0.7612 
 517 462 553 493 53 0.7593 
 149 253 180 279 53 0.7505 
 60 4 88 29 53 0.7485 
 305 287 333 316 53 0.7471 
 120 124 137 152 53 0.7306 
 49 0 71 22 53 0.7282 
 540 618 568 649 53 0.728 
 221 187 244 213 53 0.7238 
 629 567 657 588 53 0.7148 
 44 384 75 408 53 0.7104 
 496 492 522 518 53 0.6958 
 136 122 160 145 53 0.6955 
 144 358 171 384 53 0.6929 
 267 75 293 93 53 0.6919 
 306 40 331 64 53 0.6881 
 672 274 703 302 53 0.6875 
 237 434 256 454 53 0.6865 
 505 110 523 131 53 0.6837 
 540 11 566 37 53 0.6782 
 95 211 117 241 53 0.6758 
 625 307 650 336 53 0.6755 
 386 324 405 346 53 0.6696 
 0 99 23 128 53 0.668 
 249 344 263 369 53 0.6618 
 561 399 588 427 53 0.6618 
 274 478 285 500 53 0.6608 
 75 273 101 300 53 0.6602 
 389 213 412 237 53 0.6582 
 458 84 483 111 53 0.6567 
 326 16 352 38 53 0.6548 
 589 191 619 219 53 0.653 
 423 525 444 549 53 0.6501 
 431 541 460 559 53 0.6423 
 452 105 474 126 53 0.6387 
 304 374 324 389 53 0.6289 
 595 433 618 454 53 0.627 
 324 504 360 530 53 0.6226 
 3 429 26 456 53 0.6184 
 9 71 31 100 53 0.6159 
 636 177 658 196 53 0.6068 
 508 507 527 527 53 0.6057 
 543 221 573 246 53 0.5962 
 322 444 344 468 53 0.5767 
 638 497 659 520 53 0.562 
 442 322 459 342 53 0.5598 
 619 636 645 656 53 0.5571 
 132 108 158 136 53 0.5498 
 526 441 550 462 53 0.5466 
 465 115 484 133 53 0.5459 
 181 33 205 51 53 0.5398 
 413 212 428 233 53 0.5349 
 319 654 350 686 53 0.5339 
 468 218 495 246 53 0.5293 
 496 660 522 687 53 0.5273 
 243 609 274 640 53 0.5205 
 1 245 24 273 53 0.5203 
 365 162 380 186 53 0.5154 
 0 548 23 574 53 0.5117 
 94 35 116 57 53 0.5039 
 485 126 502 143 53 0.4978 
 262 449 282 474 53 0.4961 
 303 516 313 535 53 0.4959 
 391 32 416 51 53 0.488 
 202 573 219 596 53 0.4871 
 107 389 125 410 53 0.4824 
 140 178 152 199 53 0.4814 
 487 255 505 271 53 0.4785 
 68 219 96 245 53 0.4746 
 611 319 632 338 53 0.4627 
 99 645 133 673 53 0.4619 
 287 360 307 375 53 0.4543 
 414 478 427 498 53 0.4531 
 68 255 87 275 53 0.4492 
 130 241 140 259 53 0.4331 
 450 74 467 90 53 0.4158 
 197 129 212 148 53 0.4034 
 409 209 432 238 53 0.397 
 420 359 456 382 53 0.3857 
 117 5 144 28 53 0.3701 
 256 566 270 592 53 0.3673 
 412 45 426 67 53 0.3565 
 409 226 437 252 53 0.3345 
 478 395 496 418 53 0.332 
 2 505 17 519 53 0.3302 
 431 574 461 602 53 0.3208 
 568 294 589 315 53 0.3108 
 484 604 517 630 53 0.3066 
 616 554 635 579 53 0.3025 
 199 492 224 511 53 0.2998 
 610 441 625 454 53 0.2966 
 343 276 363 295 53 0.291 
 0 255 10 279 53 0.283 
 416 666 444 692 53 0.2822 
 506 441 522 454 53 0.2759 
 184 385 201 405 53 0.2744 
 11 545 23 568 53 0.2712 
 0 123 28 149 53 0.2712 
 148 191 167 211 53 0.2711 
 415 376 446 401 53 0.2644 
 269 477 289 504 53 0.2561 
 136 177 162 205 53 0.2554 
 587 187 607 214 53 0.2517 
