484 306 522 345 53 0.8502 
 486 346 521 376 53 0.8027 
 325 149 361 185 53 0.797 
 465 22 513 66 53 0.7969 
 484 396 511 427 53 0.7906 
 306 443 339 472 53 0.7793 
 514 467 550 494 53 0.772 
 525 55 565 93 53 0.7388 
 681 539 704 575 53 0.7017 
 494 122 530 161 53 0.6851 
 356 162 387 189 53 0.6782 
 261 410 294 437 53 0.6689 
 463 503 498 537 53 0.6479 
 603 0 645 17 53 0.6416 
 276 126 316 161 53 0.6387 
 206 385 241 414 53 0.6235 
 132 24 172 58 53 0.6079 
 486 241 510 268 53 0.5962 
 445 345 464 363 53 0.5879 
 496 531 527 559 53 0.5806 
 454 391 480 415 53 0.5796 
 312 305 340 331 53 0.5571 
 416 320 451 351 53 0.5557 
 248 21 268 50 53 0.5186 
 599 397 624 422 53 0.4971 
 690 264 703 286 53 0.4524 
 684 356 704 384 53 0.4495 
 412 21 447 44 53 0.3811 
 540 459 563 481 53 0.3721 
 429 316 454 345 53 0.3701 
 646 629 683 658 53 0.3611 
 447 311 471 333 53 0.3469 
 412 431 429 453 53 0.3089 
 483 428 505 447 53 0.3066 
 659 24 685 48 53 0.2917 
 606 4 642 12 53 0.2903 
 452 248 475 267 53 0.2837 
 433 312 472 341 53 0.2712 
