51 367 85 396 53 0.813 
 109 125 138 159 53 0.7921 
 9 4 44 39 53 0.7827 
 36 338 61 365 53 0.7705 
 130 60 163 84 53 0.7568 
 7 142 37 169 53 0.7456 
 391 0 424 24 53 0.7422 
 19 321 49 352 53 0.7388 
 678 43 702 71 53 0.7228 
 509 137 551 177 53 0.7061 
 0 2 21 34 53 0.7056 
 33 65 62 95 53 0.7051 
 63 105 98 134 53 0.7051 
 621 80 662 117 53 0.6943 
 606 112 643 151 53 0.686 
 605 14 632 42 53 0.6745 
 120 268 153 294 53 0.6714 
 49 177 82 205 53 0.6665 
 43 93 76 125 53 0.6538 
 404 335 435 363 53 0.646 
 391 94 425 126 53 0.645 
 356 432 387 460 53 0.6406 
 0 288 18 316 53 0.6387 
 644 107 689 150 53 0.6206 
 653 159 685 183 53 0.6177 
 320 371 348 403 53 0.6133 
 566 486 605 517 53 0.6104 
 672 349 701 376 53 0.6074 
 82 75 113 103 53 0.6011 
 55 37 81 62 53 0.5962 
 549 109 586 136 53 0.5962 
 86 177 114 218 53 0.5957 
 364 98 394 130 53 0.5918 
 11 296 36 322 53 0.5879 
 226 535 261 560 53 0.5737 
 431 8 466 37 53 0.564 
 413 600 445 633 53 0.5547 
 171 521 206 551 53 0.5537 
 554 127 587 159 53 0.542 
 653 426 685 454 53 0.5273 
 0 103 28 137 53 0.5205 
 693 94 702 117 53 0.5127 
 152 470 187 489 53 0.5078 
 94 108 122 143 53 0.5059 
 174 67 206 96 53 0.501 
 556 23 585 47 53 0.4951 
 38 313 60 337 53 0.4844 
 347 367 375 392 53 0.4766 
 34 260 76 284 53 0.4727 
 30 29 49 48 53 0.4668 
 605 356 643 386 53 0.459 
 441 618 471 647 53 0.4504 
 56 246 82 272 53 0.4417 
 247 285 269 313 53 0.4263 
 209 547 233 572 53 0.4197 
 647 584 688 611 53 0.4121 
 57 56 80 79 53 0.4016 
 4 209 44 231 53 0.4006 
 467 361 499 386 53 0.3904 
 392 167 415 195 53 0.3857 
 207 499 241 527 53 0.3857 
 222 446 244 471 53 0.3811 
 594 295 639 331 53 0.3809 
 194 119 224 151 53 0.3794 
 246 401 269 425 53 0.3694 
 517 96 541 123 53 0.3674 
 22 253 43 273 53 0.3657 
 80 294 98 315 53 0.3647 
 680 144 701 176 53 0.3638 
 522 150 550 174 53 0.355 
 286 420 313 448 53 0.3503 
 271 274 298 299 53 0.3469 
 307 12 332 44 53 0.3442 
 164 245 187 276 53 0.3311 
 0 319 21 349 53 0.3225 
 180 443 201 468 53 0.3218 
 627 25 641 43 53 0.3123 
 369 155 400 179 53 0.3074 
 416 59 437 83 53 0.2998 
 107 430 133 454 53 0.291 
 171 7 204 35 53 0.2805 
 8 168 50 190 53 0.2751 
 624 194 662 218 53 0.2681 
 62 331 81 348 53 0.2622 
 52 253 77 277 53 0.2583 
