196 284 227 315 53 0.873 
 247 258 280 292 53 0.8696 
 145 50 175 80 53 0.8389 
 450 255 482 285 53 0.8346 
 397 194 437 235 53 0.8311 
 679 292 704 321 53 0.8189 
 326 425 355 453 53 0.8165 
 48 251 81 281 53 0.8154 
 211 486 248 517 53 0.814 
 131 629 169 659 53 0.8076 
 131 236 168 266 53 0.8058 
 167 234 196 262 53 0.8057 
 585 213 619 243 53 0.8032 
 310 192 344 223 53 0.8018 
 309 426 331 455 53 0.8008 
 477 466 503 497 53 0.7959 
 276 607 312 639 53 0.79 
 644 79 674 107 53 0.7827 
 447 292 473 321 53 0.7773 
 351 84 384 116 53 0.7769 
 11 229 42 254 53 0.7744 
 207 337 236 363 53 0.7695 
 110 415 144 449 53 0.7661 
 367 506 395 535 53 0.7653 
 251 323 264 348 53 0.7638 
 622 431 650 456 53 0.7627 
 262 331 287 355 53 0.7607 
 186 647 217 677 53 0.7579 
 337 98 359 128 53 0.7531 
 325 17 357 46 53 0.75 
 137 113 174 145 53 0.749 
 514 524 543 554 53 0.7467 
 460 196 491 224 53 0.7422 
 624 587 660 619 53 0.7422 
 671 94 704 125 53 0.7363 
 370 270 399 299 53 0.7335 
 265 433 299 458 53 0.7324 
 102 250 135 276 53 0.731 
 265 412 286 438 53 0.7306 
 485 571 508 591 53 0.7266 
 589 305 620 330 53 0.7217 
 575 96 609 130 53 0.7217 
 463 494 494 522 53 0.7139 
 552 552 576 578 53 0.7125 
 69 279 90 306 53 0.7124 
 0 118 26 144 53 0.7096 
 429 558 464 588 53 0.7075 
 43 513 83 550 53 0.7075 
 311 99 337 124 53 0.7017 
 423 42 452 71 53 0.6982 
 139 0 182 24 53 0.6953 
 612 454 642 478 53 0.6943 
 668 0 702 29 53 0.6929 
 572 213 592 234 53 0.6872 
 239 679 270 703 53 0.6841 
 340 488 363 511 53 0.6826 
 48 616 76 648 53 0.6807 
 493 471 523 509 53 0.6802 
 229 14 265 45 53 0.6735 
 592 431 618 464 53 0.6733 
 663 500 688 524 53 0.6689 
 596 289 621 308 53 0.6396 
 349 274 373 297 53 0.6372 
 563 464 597 499 53 0.6369 
 72 532 106 556 53 0.6343 
 543 477 569 503 53 0.633 
 447 198 465 225 53 0.6309 
 531 224 553 252 53 0.6296 
 465 595 486 623 53 0.6232 
 467 418 493 444 53 0.6203 
 294 684 328 703 53 0.6196 
 128 325 151 351 53 0.6101 
 509 270 537 298 53 0.606 
 107 531 136 559 53 0.606 
 172 364 195 394 53 0.5869 
 451 451 465 474 53 0.5637 
 114 643 144 669 53 0.5449 
 221 215 246 252 53 0.5381 
 209 674 234 704 53 0.5283 
 655 366 691 392 53 0.5264 
 50 350 68 380 53 0.5225 
 28 622 53 653 53 0.5166 
 440 590 470 618 53 0.498 
 651 476 681 499 53 0.4824 
 34 140 57 167 53 0.4775 
 666 165 688 189 53 0.4558 
 272 329 296 353 53 0.4495 
 0 683 36 704 53 0.4465 
 281 673 300 700 53 0.4417 
 197 195 222 219 53 0.4072 
 545 234 567 260 53 0.3594 
 9 625 33 650 53 0.3594 
 641 681 683 704 53 0.3567 
 350 401 389 431 53 0.3523 
 434 16 460 36 53 0.3468 
 484 655 515 683 53 0.3433 
 191 125 228 152 53 0.3286 
 286 554 324 580 53 0.3235 
 654 365 672 391 53 0.3081 
 275 677 315 701 53 0.3081 
 281 328 293 350 53 0.3057 
 658 246 688 280 53 0.2942 
 666 70 690 88 53 0.2903 
 544 474 593 502 53 0.2791 
 137 0 158 24 53 0.269 
