512 396 540 429 53 0.8501 
 257 428 283 460 53 0.8267 
 422 198 452 230 53 0.8115 
 297 310 325 338 53 0.8091 
 388 307 428 338 53 0.8008 
 474 459 501 485 53 0.7999 
 123 30 147 54 53 0.7687 
 448 357 474 387 53 0.7148 
 216 236 246 258 53 0.6885 
 566 198 591 225 53 0.6309 
 551 539 586 563 53 0.6162 
 92 18 113 36 53 0.5912 
 628 675 662 702 53 0.5488 
 387 49 402 79 53 0.543 
 510 651 539 679 53 0.5417 
 467 373 491 404 53 0.4941 
 277 437 299 458 53 0.4814 
 575 200 600 228 53 0.4705 
 324 462 345 488 53 0.4495 
 554 563 571 590 53 0.4092 
 470 365 489 392 53 0.4082 
 220 95 246 116 53 0.3774 
 286 180 307 199 53 0.3567 
 132 654 157 681 53 0.3354 
 153 49 172 65 53 0.332 
 203 0 222 14 53 0.2935 
 520 324 535 340 53 0.2737 
 491 605 512 630 53 0.2726 
 122 13 146 49 53 0.2539 
