66 65 97 93 53 0.8579 
 583 0 617 27 53 0.8042 
 562 63 595 92 53 0.7944 
 79 370 98 395 53 0.7882 
 559 118 592 145 53 0.7734 
 193 1 223 23 53 0.7505 
 82 42 101 66 53 0.7501 
 290 413 323 437 53 0.7485 
 634 406 667 432 53 0.7485 
 0 0 24 17 53 0.7446 
 312 116 349 148 53 0.7339 
 141 411 170 437 53 0.731 
 644 352 674 383 53 0.7256 
 473 207 509 237 53 0.7163 
 75 346 92 372 53 0.716 
 149 491 179 520 53 0.7023 
 259 281 291 308 53 0.6992 
 31 97 61 125 53 0.6968 
 118 305 150 329 53 0.6934 
 464 98 485 127 53 0.6929 
 58 336 77 364 53 0.6925 
 484 234 510 261 53 0.6909 
 151 171 175 197 53 0.6906 
 28 189 50 216 53 0.681 
 403 127 429 150 53 0.6768 
 567 192 599 221 53 0.6738 
 349 130 375 159 53 0.6735 
 658 1 699 31 53 0.6733 
 513 215 546 244 53 0.667 
 208 289 241 319 53 0.6665 
 661 473 686 508 53 0.6655 
 61 159 84 181 53 0.6646 
 168 480 199 506 53 0.6548 
 1 251 17 277 53 0.6489 
 334 52 356 79 53 0.6486 
 367 300 396 327 53 0.6479 
 0 60 17 78 53 0.6426 
 139 243 171 266 53 0.627 
 89 348 111 372 53 0.6245 
 0 76 22 103 53 0.6213 
 1 283 14 295 53 0.6143 
 22 2 42 24 53 0.614 
 431 108 463 142 53 0.6104 
 17 76 37 101 53 0.6001 
 659 394 686 420 53 0.5972 
 0 353 13 376 53 0.5879 
 254 492 284 521 53 0.585 
 671 361 693 391 53 0.584 
 130 143 157 165 53 0.5786 
 552 39 578 64 53 0.5747 
 693 391 701 422 53 0.5569 
 623 467 643 495 53 0.5537 
 248 257 277 284 53 0.5381 
 652 421 685 445 53 0.5352 
 471 78 500 105 53 0.5342 
 590 72 617 99 53 0.531 
 566 163 598 188 53 0.5293 
 2 201 24 224 53 0.5271 
 583 476 610 503 53 0.5254 
 532 230 564 256 53 0.5254 
 348 338 374 365 53 0.5254 
 512 663 548 699 53 0.5205 
 2 450 19 473 53 0.5154 
 311 26 348 59 53 0.5146 
 407 97 433 118 53 0.5098 
 132 551 165 575 53 0.5078 
 179 307 196 330 53 0.5007 
 610 55 639 89 53 0.498 
 335 190 359 215 53 0.4775 
 468 312 499 339 53 0.4756 
 177 514 205 540 53 0.457 
 677 546 703 575 53 0.4561 
 535 110 569 132 53 0.4524 
 392 521 431 548 53 0.4514 
 581 47 599 70 53 0.4483 
 602 298 635 331 53 0.4446 
 483 654 512 683 53 0.4387 
 160 133 181 162 53 0.4358 
 255 356 286 380 53 0.4358 
 1 406 15 423 53 0.4331 
 613 649 644 678 53 0.4253 
 543 520 569 544 53 0.4231 
 31 464 65 491 53 0.4177 
 653 555 681 583 53 0.4141 
 500 0 519 15 53 0.4045 
 602 108 635 128 53 0.3989 
 499 310 529 334 53 0.396 
 648 259 680 286 53 0.395 
 1 494 19 521 53 0.3914 
 296 103 325 129 53 0.3887 
 313 155 340 179 53 0.3811 
 287 496 317 523 53 0.3757 
 21 351 39 371 53 0.3529 
 494 1 536 16 53 0.3513 
 54 498 81 519 53 0.3469 
 84 320 101 343 53 0.3458 
 494 59 523 88 53 0.3408 
 75 266 89 287 53 0.3337 
 20 71 48 96 53 0.3276 
 598 383 614 404 53 0.3206 
 511 197 529 222 53 0.3184 
 119 337 140 357 53 0.3132 
 595 653 617 680 53 0.2974 
 446 363 472 391 53 0.2974 
 539 108 586 144 53 0.2925 
 259 186 290 203 53 0.2925 
 617 0 635 16 53 0.2878 
 449 562 481 587 53 0.2878 
 516 0 541 18 53 0.2869 
 686 392 704 422 53 0.2798 
 612 637 635 665 53 0.2783 
 509 619 538 647 53 0.2776 
 120 379 146 405 53 0.2776 
 232 267 250 297 53 0.2737 
 390 498 418 524 53 0.2737 
 114 61 137 84 53 0.2644 
 388 94 405 119 53 0.2644 
 77 328 99 356 53 0.2637 
 123 17 137 33 53 0.2622 
 144 71 161 93 53 0.2546 
