81 359 114 391 53 0.8608 
 354 213 385 240 53 0.8457 
 316 366 348 397 53 0.8364 
 541 49 571 79 53 0.833 
 474 216 505 245 53 0.8242 
 375 119 408 149 53 0.817 
 441 99 473 130 53 0.8081 
 288 385 323 416 53 0.8076 
 73 84 102 111 53 0.8066 
 36 1 72 30 53 0.8066 
 81 481 114 509 53 0.8009 
 127 275 162 305 53 0.8003 
 193 101 223 132 53 0.7983 
 374 539 410 568 53 0.7944 
 553 117 585 151 53 0.7944 
 430 251 469 282 53 0.7901 
 287 113 323 142 53 0.79 
 601 102 635 128 53 0.7827 
 654 5 680 35 53 0.7818 
 635 12 661 40 53 0.7818 
 109 289 140 318 53 0.7812 
 496 363 532 397 53 0.7812 
 376 302 403 331 53 0.7794 
 409 31 441 61 53 0.7788 
 34 229 69 261 53 0.7769 
 112 597 145 626 53 0.7734 
 351 432 372 459 53 0.7706 
 349 457 376 481 53 0.7667 
 0 232 39 267 53 0.7627 
 434 141 467 167 53 0.7627 
 5 589 40 615 53 0.7622 
 116 657 148 687 53 0.7622 
 474 324 507 351 53 0.7612 
 397 293 420 319 53 0.7594 
 108 233 145 266 53 0.7565 
 458 274 482 300 53 0.756 
 265 526 292 551 53 0.752 
 506 261 538 289 53 0.7515 
 72 221 96 242 53 0.7496 
 168 81 198 110 53 0.749 
 222 92 246 120 53 0.7482 
 89 60 123 87 53 0.7476 
 578 111 606 138 53 0.7472 
 315 150 340 178 53 0.7445 
 201 418 232 444 53 0.7432 
 538 447 569 475 53 0.7418 
 513 42 540 69 53 0.7378 
 464 418 484 443 53 0.7374 
 635 348 651 371 53 0.7369 
 244 53 272 79 53 0.7363 
 175 243 205 269 53 0.7358 
 485 51 514 73 53 0.7339 
 388 179 412 202 53 0.733 
 183 400 211 429 53 0.7324 
 7 165 45 193 53 0.7305 
 304 480 322 503 53 0.7282 
 621 88 652 114 53 0.7271 
 674 451 704 485 53 0.7251 
 1 506 24 531 53 0.7247 
 247 317 265 345 53 0.7231 
 590 159 623 182 53 0.7217 
 38 284 66 303 53 0.7213 
 163 364 200 397 53 0.7208 
 129 478 158 506 53 0.7153 
 265 318 285 346 53 0.7101 
 139 83 169 109 53 0.709 
 662 161 692 186 53 0.7086 
 271 187 299 211 53 0.7077 
 152 387 178 411 53 0.7052 
 283 534 305 558 53 0.7049 
 212 444 239 463 53 0.7038 
 150 562 183 591 53 0.7002 
 54 260 81 279 53 0.6999 
 165 342 198 373 53 0.6992 
 315 103 337 125 53 0.6985 
 45 204 70 228 53 0.6929 
 685 246 704 276 53 0.6925 
 86 1 126 22 53 0.6919 
 384 453 408 475 53 0.6881 
 20 0 42 26 53 0.6867 
 183 4 212 29 53 0.6816 
 17 500 40 522 53 0.6813 
 310 52 332 75 53 0.6798 
 315 625 348 652 53 0.6792 
 673 115 704 146 53 0.6772 
 675 57 704 84 53 0.6733 
 13 207 51 236 53 0.6689 
 285 72 316 101 53 0.668 
 196 389 223 411 53 0.6665 
 536 261 556 290 53 0.6662 
 672 223 700 255 53 0.6646 
 594 192 619 221 53 0.6602 
 607 11 634 36 53 0.6574 
 264 548 287 572 53 0.6567 
 625 242 652 267 53 0.6545 
 430 333 454 357 53 0.651 
 187 148 208 168 53 0.6491 
 651 486 678 513 53 0.6489 
 418 117 441 150 53 0.6467 
 151 254 180 273 53 0.646 
 210 262 244 286 53 0.644 
 544 108 564 132 53 0.6387 
 566 92 593 119 53 0.6353 
 34 162 68 190 53 0.6353 
 536 30 560 51 53 0.632 
 575 28 612 49 53 0.6289 
 549 386 564 406 53 0.6266 
 340 36 364 55 53 0.626 
 352 284 377 306 53 0.6247 
 299 416 322 438 53 0.6206 
 279 206 299 227 53 0.6091 
 384 355 409 382 53 0.6084 
 341 366 363 390 53 0.6081 
 409 192 444 238 53 0.606 
 419 0 447 15 53 0.605 
 485 348 503 367 53 0.5959 
 658 450 677 477 53 0.5947 
 676 528 703 555 53 0.5908 
 60 164 83 191 53 0.5889 
 293 217 314 241 53 0.579 
 466 396 484 416 53 0.5725 
 32 658 52 687 53 0.5708 
 667 101 698 127 53 0.5688 
 139 598 154 625 53 0.5627 
 359 279 385 301 53 0.5617 
 326 460 345 480 53 0.5601 
 641 142 667 165 53 0.5598 
 493 0 514 17 53 0.5564 
 623 214 651 237 53 0.5557 
 101 70 134 97 53 0.5527 
 367 263 394 287 53 0.5527 
 0 406 11 428 53 0.5391 
 340 536 363 563 53 0.5388 
 237 0 264 15 53 0.5352 
 613 192 633 218 53 0.5303 
 348 199 369 218 53 0.53 
 265 366 290 398 53 0.53 
 363 270 389 295 53 0.5283 
 398 517 421 547 53 0.5234 
 351 564 381 588 53 0.5215 
 665 393 700 419 53 0.5166 
 491 246 520 271 53 0.5156 
 106 262 131 282 53 0.5107 
 602 373 623 392 53 0.5095 
 369 433 396 463 53 0.489 
 239 69 267 92 53 0.488 
 437 537 471 568 53 0.4873 
 342 478 366 506 53 0.4863 
 166 212 190 232 53 0.4766 
 521 514 551 538 53 0.4756 
 578 286 602 310 53 0.4744 
 494 422 519 443 53 0.4717 
 575 173 594 195 53 0.4707 
 402 437 424 454 53 0.4705 
 536 424 568 450 53 0.4678 
 582 404 591 423 53 0.4531 
 0 258 14 282 53 0.4465 
 0 135 14 160 53 0.4446 
 269 392 287 412 53 0.4417 
 413 480 441 507 53 0.4397 
 190 361 228 394 53 0.4377 
 214 372 233 395 53 0.4368 
 20 125 58 164 53 0.4302 
 305 350 325 377 53 0.4253 
 317 480 342 506 53 0.4233 
 630 129 657 153 53 0.4146 
 528 367 554 393 53 0.4092 
 632 483 660 511 53 0.4082 
 138 206 162 230 53 0.4024 
 406 122 430 149 53 0.3999 
 194 610 229 643 53 0.3989 
 543 328 574 357 53 0.396 
 623 529 649 553 53 0.3948 
 422 523 446 544 53 0.3804 
 616 666 642 694 53 0.3794 
 313 0 353 15 53 0.3784 
 685 459 704 491 53 0.3767 
 669 511 688 535 53 0.3699 
 598 475 626 503 53 0.3684 
 63 188 89 207 53 0.3452 
 560 341 580 361 53 0.3442 
 80 67 121 106 53 0.3438 
 309 481 334 503 53 0.3433 
 295 670 326 699 53 0.3433 
 137 522 161 543 53 0.3425 
 272 356 306 388 53 0.3364 
 453 340 476 370 53 0.3276 
 658 385 682 416 53 0.3184 
 227 280 252 300 53 0.3132 
 651 547 680 573 53 0.3115 
 527 356 548 386 53 0.3108 
 441 124 465 143 53 0.2903 
 191 629 217 652 53 0.2878 
 281 30 302 50 53 0.2869 
 38 81 73 128 53 0.2847 
 672 181 691 206 53 0.283 
 582 425 602 448 53 0.2759 
 405 127 421 145 53 0.2705 
 284 357 311 381 53 0.2698 
 473 546 499 572 53 0.2644 
 577 405 596 423 53 0.2637 
 558 595 593 622 53 0.2605 
 494 9 514 29 53 0.2546 
 436 117 470 171 53 0.251 
