314 134 348 165 53 0.8481 
 481 244 511 272 53 0.8389 
 132 308 161 338 53 0.8315 
 608 222 643 252 53 0.8276 
 445 375 480 404 53 0.8252 
 174 68 209 100 53 0.814 
 487 322 519 349 53 0.813 
 166 97 190 129 53 0.8097 
 545 18 578 48 53 0.8091 
 578 252 607 279 53 0.8018 
 312 192 350 222 53 0.7969 
 234 25 267 52 53 0.7959 
 362 77 392 106 53 0.7852 
 390 96 419 125 53 0.7822 
 156 323 181 349 53 0.7794 
 241 374 269 398 53 0.7788 
 211 154 238 187 53 0.777 
 292 85 322 112 53 0.7705 
 446 242 476 272 53 0.7705 
 637 379 666 403 53 0.7705 
 539 217 573 245 53 0.769 
 185 103 219 133 53 0.7612 
 669 291 699 316 53 0.7534 
 316 499 346 529 53 0.7534 
 442 15 476 46 53 0.752 
 388 181 419 212 53 0.7505 
 363 167 394 195 53 0.7505 
 655 181 687 211 53 0.7417 
 354 512 389 542 53 0.7407 
 39 67 71 88 53 0.7319 
 563 4 590 37 53 0.7316 
 121 511 156 541 53 0.731 
 317 4 343 28 53 0.7306 
 649 325 676 352 53 0.7302 
 581 395 611 423 53 0.728 
 228 267 256 293 53 0.7238 
 66 23 96 47 53 0.7163 
 396 38 421 67 53 0.7125 
 325 281 357 309 53 0.7104 
 267 390 299 418 53 0.7031 
 308 476 337 503 53 0.7023 
 146 400 181 429 53 0.6982 
 205 260 235 285 53 0.6934 
 53 92 91 116 53 0.6929 
 501 279 526 304 53 0.686 
 273 624 306 653 53 0.6841 
 408 120 435 147 53 0.6769 
 187 519 223 551 53 0.6758 
 598 143 628 170 53 0.667 
 199 2 226 27 53 0.6523 
 290 402 311 426 53 0.651 
 604 314 644 346 53 0.646 
 409 6 446 34 53 0.6416 
 621 471 644 499 53 0.6413 
 659 134 693 162 53 0.6387 
 295 122 318 149 53 0.6362 
 545 372 575 398 53 0.6299 
 100 299 133 323 53 0.6245 
 172 501 205 534 53 0.6113 
 94 534 126 559 53 0.6084 
 233 526 263 554 53 0.6069 
 523 333 543 358 53 0.5979 
 669 332 689 360 53 0.5935 
 610 165 642 192 53 0.5889 
 236 631 271 660 53 0.585 
 333 184 357 205 53 0.582 
 642 464 666 494 53 0.5637 
 333 155 364 188 53 0.5537 
 270 53 298 81 53 0.5449 
 160 524 183 548 53 0.5391 
 275 496 307 529 53 0.5342 
 604 117 639 146 53 0.5312 
 221 0 244 27 53 0.5283 
 418 90 442 112 53 0.5281 
 438 268 463 286 53 0.5176 
 291 63 309 87 53 0.5115 
 642 400 660 422 53 0.5076 
 510 495 542 523 53 0.4814 
 671 311 688 336 53 0.4795 
 248 506 281 532 53 0.4717 
 425 112 452 134 53 0.46 
 592 113 614 144 53 0.4514 
 572 483 598 507 53 0.4436 
 472 174 501 201 53 0.4368 
 355 478 383 513 53 0.4358 
 559 360 579 383 53 0.4167 
 677 339 701 363 53 0.4072 
 221 494 251 517 53 0.3867 
 538 472 569 501 53 0.3811 
 517 317 534 341 53 0.3746 
 409 0 442 24 53 0.3711 
 667 470 688 487 53 0.3701 
 619 396 646 429 53 0.3674 
 308 486 342 522 53 0.3621 
 567 381 587 402 53 0.3604 
 260 51 288 80 53 0.3513 
 581 83 604 109 53 0.3469 
 633 308 656 339 53 0.3372 
 341 150 362 178 53 0.3345 
 448 273 471 291 53 0.3328 
 181 185 197 205 53 0.3309 
 526 329 550 350 53 0.3276 
 614 0 637 18 53 0.3208 
 305 507 318 532 53 0.2869 
 614 2 641 11 53 0.2822 
 243 0 258 15 53 0.2821 
 414 0 435 12 53 0.2791 
 677 361 702 387 53 0.2776 
 630 398 666 423 53 0.2751 
 158 654 181 682 53 0.259 
 279 60 306 83 53 0.2546 
 202 453 231 477 53 0.2532 
 484 540 515 566 53 0.2524 
