268 296 292 320 53 0.838 
 390 355 423 382 53 0.8276 
 482 395 508 425 53 0.8232 
 231 3 265 30 53 0.8218 
 541 213 566 241 53 0.8188 
 638 404 665 427 53 0.8141 
 174 380 198 408 53 0.8023 
 520 137 548 161 53 0.8008 
 532 426 556 456 53 0.7897 
 573 258 599 280 53 0.7882 
 558 467 579 494 53 0.7866 
 311 108 336 132 53 0.7794 
 384 270 415 291 53 0.7744 
 578 466 595 494 53 0.774 
 106 385 121 414 53 0.7735 
 467 348 491 373 53 0.7725 
 538 45 565 72 53 0.7682 
 326 448 356 475 53 0.7642 
 629 28 653 58 53 0.7609 
 494 211 514 235 53 0.7609 
 446 250 471 268 53 0.7607 
 38 233 68 265 53 0.7578 
 304 349 334 374 53 0.7568 
 360 448 389 482 53 0.7422 
 204 18 238 44 53 0.7417 
 168 447 195 475 53 0.7374 
 284 214 314 238 53 0.7363 
 90 239 116 261 53 0.7358 
 353 374 381 399 53 0.7305 
 315 50 341 76 53 0.7301 
 22 254 42 277 53 0.7291 
 191 277 210 299 53 0.7282 
 638 499 668 527 53 0.7271 
 114 338 145 364 53 0.7266 
 532 157 555 175 53 0.7228 
 188 206 214 232 53 0.7188 
 501 123 523 145 53 0.7135 
 484 429 509 449 53 0.7135 
 573 0 599 23 53 0.7101 
 0 418 19 442 53 0.709 
 440 207 462 231 53 0.7052 
 67 81 89 108 53 0.6955 
 63 447 93 471 53 0.6934 
 417 527 447 557 53 0.6899 
 42 67 61 94 53 0.6867 
 383 495 407 525 53 0.673 
 523 405 546 427 53 0.6704 
 280 81 307 107 53 0.6704 
 49 179 72 200 53 0.6701 
 685 490 704 516 53 0.6689 
 387 457 405 480 53 0.6676 
 5 84 31 111 53 0.6667 
 674 277 693 297 53 0.6618 
 102 170 132 194 53 0.6611 
 292 417 322 441 53 0.6548 
 356 109 382 127 53 0.6501 
 324 88 349 109 53 0.6489 
 612 27 634 58 53 0.6349 
 413 501 447 531 53 0.6323 
 12 234 33 256 53 0.619 
 395 528 424 563 53 0.6123 
 565 216 583 240 53 0.6117 
 358 244 392 270 53 0.605 
 306 86 336 108 53 0.5981 
 111 455 138 481 53 0.5879 
 530 86 555 110 53 0.5741 
 654 30 678 57 53 0.5627 
 488 99 511 119 53 0.5437 
 311 381 332 396 53 0.541 
 157 389 178 412 53 0.5381 
 248 390 284 421 53 0.5371 
 38 437 59 463 53 0.5244 
 206 180 224 207 53 0.5232 
 96 280 115 299 53 0.5183 
 683 275 704 302 53 0.5171 
 293 530 323 557 53 0.5137 
 368 557 390 583 53 0.5078 
 621 231 650 254 53 0.502 
 99 39 113 60 53 0.4844 
 599 93 617 110 53 0.4824 
 66 420 90 449 53 0.4795 
 435 1 451 14 53 0.4607 
 484 43 508 72 53 0.46 
 530 241 546 255 53 0.4495 
 182 224 196 245 53 0.4463 
 352 459 376 481 53 0.4456 
 90 160 106 178 53 0.4351 
 396 237 419 258 53 0.4331 
 609 418 621 439 53 0.4321 
 260 430 277 455 53 0.4156 
 254 30 266 47 53 0.4146 
 574 434 587 452 53 0.4146 
 156 333 174 357 53 0.4121 
 437 573 472 601 53 0.4102 
 252 398 273 420 53 0.4065 
 386 471 404 499 53 0.3943 
 94 446 106 467 53 0.3902 
 580 133 602 150 53 0.3865 
 687 256 701 278 53 0.3848 
 627 169 643 194 53 0.3577 
 28 0 45 16 53 0.3567 
 598 0 614 15 53 0.3425 
 187 184 204 202 53 0.3416 
 621 127 640 149 53 0.3397 
 694 304 702 324 53 0.3074 
 432 2 460 17 53 0.3008 
 136 173 154 191 53 0.2998 
 269 413 291 444 53 0.2974 
 49 429 66 451 53 0.2966 
 444 520 469 555 53 0.2966 
 622 591 650 617 53 0.2942 
 349 351 371 372 53 0.2942 
 61 241 79 262 53 0.286 
 507 57 521 78 53 0.2847 
 506 47 532 71 53 0.2828 
 82 347 101 368 53 0.2744 
 650 60 673 80 53 0.2696 
 29 1 43 11 53 0.2657 
 646 162 666 183 53 0.2637 
 105 218 122 237 53 0.2622 
 88 477 115 500 53 0.2622 
