95 357 131 388 53 0.8662 
 129 517 164 545 53 0.8345 
 472 110 500 138 53 0.8335 
 492 225 525 257 53 0.8267 
 345 43 378 72 53 0.8233 
 527 441 560 476 53 0.8232 
 644 219 676 252 53 0.8208 
 584 162 624 196 53 0.8193 
 552 312 595 344 53 0.8062 
 443 158 474 184 53 0.8033 
 453 463 484 493 53 0.8013 
 223 299 252 329 53 0.7969 
 482 260 515 287 53 0.7959 
 633 580 667 609 53 0.793 
 324 0 358 25 53 0.792 
 485 458 521 489 53 0.79 
 430 65 469 97 53 0.7852 
 145 0 181 31 53 0.7847 
 224 1 262 31 53 0.7744 
 41 595 82 627 53 0.772 
 248 92 277 118 53 0.7622 
 133 258 165 286 53 0.7598 
 624 436 644 458 53 0.7574 
 584 505 612 535 53 0.7545 
 234 539 257 571 53 0.7531 
 183 601 217 628 53 0.749 
 93 125 127 161 53 0.7402 
 268 58 294 91 53 0.7358 
 87 319 110 351 53 0.7223 
 175 124 215 156 53 0.7217 
 612 413 640 438 53 0.7189 
 616 0 652 20 53 0.7148 
 312 209 348 236 53 0.7051 
 364 626 392 651 53 0.7026 
 624 516 661 544 53 0.686 
 140 444 176 472 53 0.6826 
 369 61 409 93 53 0.6826 
 687 324 703 357 53 0.6789 
 512 442 532 471 53 0.6724 
 373 24 396 45 53 0.6689 
 64 124 96 158 53 0.6636 
 371 466 408 497 53 0.6533 
 485 24 508 44 53 0.651 
 477 217 504 242 53 0.6504 
 465 1 505 19 53 0.6494 
 303 58 323 82 53 0.6403 
 681 379 704 408 53 0.6309 
 0 153 26 178 53 0.6245 
 277 63 310 95 53 0.6143 
 341 320 377 349 53 0.6074 
 308 405 338 436 53 0.5938 
 130 442 153 468 53 0.5837 
 184 555 218 581 53 0.5718 
 242 626 281 656 53 0.561 
 361 64 384 92 53 0.5571 
 305 679 346 702 53 0.5557 
 188 577 215 605 53 0.542 
 334 586 369 617 53 0.5264 
 421 632 457 660 53 0.502 
 297 45 316 66 53 0.5017 
 247 298 270 325 53 0.4756 
 522 684 563 704 53 0.4561 
 644 517 668 546 53 0.4072 
 236 285 259 319 53 0.3804 
 145 426 161 449 53 0.3804 
 493 446 526 481 53 0.3794 
 282 465 303 495 53 0.3433 
 99 604 116 628 53 0.3115 
 273 86 288 113 53 0.2791 
 204 683 260 703 53 0.2673 
 291 62 322 90 53 0.2629 
 123 258 141 281 53 0.2502 
