189 48 226 82 53 0.8398 
 340 66 377 97 53 0.8208 
 37 393 74 429 53 0.8154 
 83 30 116 62 53 0.814 
 193 465 231 496 53 0.8032 
 256 84 290 112 53 0.7827 
 181 117 219 149 53 0.772 
 185 209 220 240 53 0.7661 
 249 288 287 320 53 0.7568 
 116 404 149 439 53 0.7568 
 67 356 105 390 53 0.7549 
 76 125 103 154 53 0.7531 
 19 301 59 330 53 0.752 
 143 12 182 44 53 0.7515 
 3 430 43 463 53 0.7432 
 80 202 116 239 53 0.7349 
 0 146 18 178 53 0.7301 
 264 30 296 62 53 0.7295 
 148 402 178 430 53 0.7188 
 14 258 51 289 53 0.7163 
 651 35 687 67 53 0.7153 
 225 170 263 201 53 0.6925 
 367 27 403 59 53 0.687 
 142 468 182 499 53 0.6611 
 41 492 72 522 53 0.6582 
 367 3 395 28 53 0.6567 
 213 418 245 447 53 0.6558 
 626 588 661 621 53 0.6514 
 454 421 497 455 53 0.6504 
 577 102 614 133 53 0.645 
 324 195 361 225 53 0.6377 
 3 502 39 534 53 0.6362 
 156 166 193 196 53 0.6333 
 58 332 92 362 53 0.6306 
 624 114 662 145 53 0.6216 
 508 169 541 199 53 0.604 
 488 499 528 532 53 0.5889 
 8 191 41 218 53 0.584 
 420 2 452 20 53 0.5786 
 504 639 544 671 53 0.5737 
 691 179 703 205 53 0.5564 
 491 139 523 170 53 0.5547 
 581 1 622 43 53 0.5347 
 403 129 437 160 53 0.5127 
 56 162 89 189 53 0.5088 
 356 185 393 222 53 0.5034 
 556 81 586 107 53 0.4873 
 253 362 289 392 53 0.4648 
 467 594 502 624 53 0.4617 
 45 520 76 554 53 0.4417 
 198 417 234 447 53 0.4207 
 41 229 76 256 53 0.4158 
 443 0 484 14 53 0.4141 
 665 220 704 250 53 0.397 
 388 314 421 347 53 0.3904 
 391 130 421 159 53 0.3767 
 416 310 445 346 53 0.3701 
 423 337 445 363 53 0.3486 
 514 103 552 141 53 0.3359 
 278 470 318 507 53 0.3306 
 689 571 703 604 53 0.3292 
 72 557 96 589 53 0.3269 
 630 514 668 547 53 0.3237 
 168 104 193 124 53 0.3106 
 165 443 195 469 53 0.2878 
 214 209 232 230 53 0.2837 
 288 534 326 568 53 0.2561 
 520 497 547 528 53 0.2517 
