286 219 323 253 53 0.8472 
 467 498 497 529 53 0.8403 
 671 417 704 449 53 0.8398 
 554 261 587 289 53 0.8374 
 85 364 117 391 53 0.8336 
 72 312 110 344 53 0.816 
 102 114 139 145 53 0.8154 
 66 388 97 418 53 0.8115 
 485 444 519 471 53 0.8082 
 368 257 403 289 53 0.8042 
 254 67 278 95 53 0.7999 
 458 300 492 329 53 0.7944 
 70 461 104 495 53 0.792 
 383 367 423 398 53 0.7891 
 265 85 299 119 53 0.7881 
 466 322 498 353 53 0.7866 
 419 379 456 409 53 0.7848 
 264 223 292 257 53 0.7828 
 146 309 175 340 53 0.7798 
 201 230 235 259 53 0.7739 
 210 254 238 283 53 0.7739 
 302 110 340 144 53 0.7705 
 216 133 244 164 53 0.7701 
 498 484 527 507 53 0.7656 
 612 74 652 102 53 0.7642 
 166 519 200 550 53 0.7622 
 43 319 74 349 53 0.7568 
 284 251 317 283 53 0.7559 
 224 365 260 401 53 0.7545 
 189 360 225 399 53 0.7534 
 555 475 586 507 53 0.75 
 0 292 22 322 53 0.7496 
 194 447 230 479 53 0.749 
 261 2 300 31 53 0.7456 
 372 472 399 500 53 0.7432 
 529 62 565 98 53 0.7378 
 169 203 202 235 53 0.7339 
 511 407 546 431 53 0.7324 
 230 530 262 563 53 0.731 
 674 248 703 273 53 0.728 
 335 173 373 209 53 0.728 
 484 334 519 365 53 0.7231 
 621 98 656 126 53 0.7217 
 452 357 484 380 53 0.7202 
 256 439 284 465 53 0.7163 
 47 111 81 144 53 0.7148 
 542 373 568 402 53 0.7129 
 371 401 402 431 53 0.7124 
 638 511 667 536 53 0.7104 
 135 116 168 144 53 0.7051 
 514 430 549 463 53 0.7041 
 233 44 262 74 53 0.6982 
 121 374 150 400 53 0.6929 
 496 1 530 28 53 0.6899 
 150 387 185 427 53 0.6895 
 562 75 587 106 53 0.6891 
 419 563 458 594 53 0.687 
 180 156 224 192 53 0.6841 
 311 0 330 22 53 0.6833 
 380 435 405 463 53 0.6802 
 16 359 45 387 53 0.6758 
 239 320 275 353 53 0.6748 
 626 484 651 516 53 0.6735 
 406 297 445 334 53 0.6733 
 420 235 455 269 53 0.6704 
 253 466 290 495 53 0.667 
 623 608 647 645 53 0.6665 
 395 243 425 269 53 0.6665 
 151 246 179 272 53 0.6646 
 136 49 164 74 53 0.6611 
 578 300 610 325 53 0.6602 
 644 15 670 43 53 0.6538 
 138 84 171 107 53 0.6523 
 599 148 622 172 53 0.646 
 466 418 490 448 53 0.6447 
 541 316 568 345 53 0.6436 
 26 676 58 702 53 0.6426 
 77 0 98 22 53 0.6403 
 204 20 234 49 53 0.6323 
 246 256 279 287 53 0.6315 
 345 496 379 531 53 0.6309 
 115 392 148 429 53 0.6279 
 96 668 130 701 53 0.6247 
 115 256 133 283 53 0.6223 
 26 248 47 269 53 0.6203 
 209 338 239 371 53 0.6177 
 312 260 330 284 53 0.6018 
 348 202 380 234 53 0.5972 
 86 94 109 116 53 0.5905 
 524 26 567 63 53 0.5898 
 210 569 248 602 53 0.583 
 260 405 289 427 53 0.5806 
 496 127 526 156 53 0.5767 
 5 473 48 517 53 0.5747 
 681 446 703 469 53 0.5744 
 30 128 67 161 53 0.5698 
 609 609 630 636 53 0.5659 
 671 456 694 479 53 0.561 
 86 262 118 289 53 0.561 
 640 620 672 651 53 0.5571 
 14 185 50 206 53 0.5547 
 111 612 150 646 53 0.5547 
 465 65 496 93 53 0.5508 
 55 40 80 62 53 0.5488 
 84 151 124 183 53 0.5479 
 624 458 654 484 53 0.5352 
 436 504 470 536 53 0.5332 
 515 463 550 481 53 0.5264 
 483 469 506 489 53 0.5222 
 446 231 476 266 53 0.5186 
 0 348 13 367 53 0.5107 
 397 476 422 501 53 0.5049 
 282 49 303 72 53 0.5037 
 456 270 484 292 53 0.501 
 28 510 65 538 53 0.499 
 23 557 52 582 53 0.4951 
 51 66 78 93 53 0.4941 
 225 409 249 438 53 0.4912 
 351 20 380 49 53 0.4883 
 441 420 466 442 53 0.488 
 339 400 368 425 53 0.4785 
 406 451 434 478 53 0.4668 
 98 144 134 177 53 0.4658 
 280 444 302 463 53 0.457 
 609 465 638 492 53 0.4543 
 339 347 365 381 53 0.4514 
 673 0 704 22 53 0.4426 
 145 154 155 182 53 0.4426 
 188 237 216 267 53 0.4407 
 401 84 432 111 53 0.4397 
 694 279 701 303 53 0.4366 
 634 303 652 326 53 0.4321 
 474 633 507 667 53 0.4302 
 0 430 45 469 53 0.4272 
 658 581 696 608 53 0.4092 
 630 513 642 539 53 0.4072 
 180 325 219 361 53 0.4072 
 42 0 78 24 53 0.4065 
 37 356 63 386 53 0.4065 
 633 644 667 671 53 0.4045 
 0 22 14 50 53 0.396 
 255 532 280 560 53 0.3943 
 135 672 153 701 53 0.384 
 110 146 132 169 53 0.3831 
 399 226 427 260 53 0.3767 
 560 112 582 133 53 0.3682 
 141 596 173 626 53 0.3667 
 80 516 106 538 53 0.3638 
 223 177 244 204 53 0.363 
 548 558 587 590 53 0.3584 
 0 107 10 141 53 0.3557 
 180 658 216 685 53 0.3523 
 166 394 188 427 53 0.3486 
 363 660 408 701 53 0.3459 
 35 117 80 156 53 0.3411 
 146 366 176 389 53 0.3218 
 297 388 317 411 53 0.3201 
 253 76 296 112 53 0.3132 
 275 345 312 373 53 0.3074 
 305 306 332 332 53 0.3008 
 191 106 230 138 53 0.2949 
 585 264 607 285 53 0.2935 
 198 325 221 356 53 0.2917 
 295 136 325 166 53 0.2854 
 137 485 176 506 53 0.2837 
 301 346 316 371 53 0.2805 
 459 617 486 644 53 0.2783 
 290 531 327 564 53 0.2766 
 490 437 545 471 53 0.2693 
 442 229 462 258 53 0.269 
 42 652 70 680 53 0.265 
 434 23 471 55 53 0.2646 
 257 344 280 370 53 0.2644 
 605 464 626 487 53 0.2628 
 280 686 322 704 53 0.2612 
 220 177 261 209 53 0.2568 
 221 182 237 199 53 0.2561 
