251 0 283 29 53 0.7393 
 445 13 481 42 53 0.7072 
 212 82 241 106 53 0.6982 
 388 31 424 65 53 0.6851 
 211 33 241 63 53 0.6802 
 107 10 134 44 53 0.6426 
 135 26 166 51 53 0.6323 
 294 75 319 100 53 0.6306 
 257 100 291 128 53 0.5947 
 10 398 43 426 53 0.5508 
 163 61 189 88 53 0.5244 
 187 0 208 16 53 0.4609 
 336 109 364 138 53 0.458 
 491 1 525 16 53 0.4397 
 235 371 263 394 53 0.4377 
 37 413 72 437 53 0.3638 
 232 176 263 203 53 0.3452 
 1 461 19 485 53 0.3416 
 313 109 335 129 53 0.3057 
 527 69 555 99 53 0.3025 
 241 516 277 546 53 0.2974 
 188 1 207 11 53 0.2892 
 356 276 386 308 53 0.2759 
 193 137 226 162 53 0.2612 
