447 121 474 147 53 0.7999 
 381 43 408 71 53 0.7984 
 374 116 393 142 53 0.796 
 648 27 673 52 53 0.7882 
 389 13 414 33 53 0.7202 
 465 152 499 177 53 0.7075 
 565 42 591 64 53 0.6943 
 500 25 525 52 53 0.6895 
 419 106 442 140 53 0.6755 
 324 275 355 299 53 0.6323 
 590 27 612 49 53 0.6174 
 669 5 697 29 53 0.6167 
 348 675 374 699 53 0.611 
 496 118 519 137 53 0.5486 
 386 652 409 674 53 0.53 
 475 450 502 476 53 0.5234 
 356 34 378 58 53 0.4766 
 352 14 376 34 53 0.4483 
 518 25 543 50 53 0.4341 
 374 530 398 557 53 0.4187 
 346 65 370 85 53 0.4156 
 308 678 341 704 53 0.3748 
 196 550 221 573 53 0.3647 
 83 334 109 362 53 0.286 
 406 95 426 110 53 0.2791 
 337 215 363 237 53 0.2531 
