156 54 186 86 53 0.8302 
 58 236 88 268 53 0.8242 
 438 460 470 490 53 0.818 
 119 57 149 82 53 0.8081 
 459 232 490 262 53 0.8062 
 33 40 68 66 53 0.8042 
 114 35 139 62 53 0.802 
 0 207 20 239 53 0.7969 
 214 52 234 80 53 0.7921 
 539 404 571 432 53 0.7866 
 248 114 282 144 53 0.7852 
 513 395 547 422 53 0.777 
 414 179 439 205 53 0.774 
 2 355 29 381 53 0.7695 
 602 347 637 373 53 0.7661 
 170 400 209 440 53 0.7612 
 495 407 524 434 53 0.7598 
 23 334 51 364 53 0.7549 
 591 332 621 359 53 0.7529 
 209 0 241 19 53 0.7485 
 149 409 175 440 53 0.7358 
 244 281 276 307 53 0.7212 
 0 77 33 109 53 0.7168 
 183 34 206 62 53 0.7164 
 90 385 123 415 53 0.71 
 458 354 487 379 53 0.7047 
 76 222 114 258 53 0.7036 
 485 235 506 268 53 0.6968 
 228 213 256 244 53 0.6789 
 151 145 172 173 53 0.6755 
 3 272 32 298 53 0.6738 
 503 224 531 246 53 0.6724 
 403 309 430 337 53 0.6711 
 540 185 575 211 53 0.6626 
 56 380 86 403 53 0.6523 
 83 434 116 460 53 0.644 
 523 164 555 196 53 0.6372 
 157 95 175 119 53 0.6306 
 199 301 228 323 53 0.6245 
 282 70 309 91 53 0.6196 
 276 2 295 21 53 0.5995 
 360 377 393 404 53 0.5869 
 251 210 280 242 53 0.582 
 504 181 525 203 53 0.5796 
 388 169 421 196 53 0.5728 
 183 220 209 246 53 0.5715 
 485 221 503 241 53 0.5695 
 452 330 478 354 53 0.5598 
 164 0 195 20 53 0.5591 
 105 142 126 163 53 0.5554 
 639 146 660 171 53 0.5534 
 618 132 647 160 53 0.5391 
 384 262 407 284 53 0.5378 
 189 65 219 89 53 0.5273 
 44 330 64 354 53 0.5251 
 424 455 444 479 53 0.5215 
 663 401 699 431 53 0.5163 
 256 5 277 23 53 0.5146 
 144 34 163 55 53 0.4941 
 687 385 702 404 53 0.4898 
 36 2 72 18 53 0.4766 
 653 500 671 519 53 0.4734 
 472 483 512 511 53 0.459 
 0 268 12 294 53 0.4504 
 335 377 363 405 53 0.4473 
 364 256 390 286 53 0.4465 
 199 120 211 138 53 0.4231 
 167 389 202 425 53 0.4187 
 353 248 374 264 53 0.4139 
 166 387 198 408 53 0.4111 
 143 385 174 413 53 0.4111 
 341 22 362 45 53 0.4102 
 459 126 488 159 53 0.4102 
 194 424 213 450 53 0.4055 
 161 146 179 169 53 0.397 
 0 180 14 204 53 0.3943 
 0 41 18 65 53 0.3904 
 113 43 145 80 53 0.3767 
 592 270 628 293 53 0.3738 
 0 472 23 488 53 0.3721 
 276 217 295 243 53 0.3414 
 523 311 544 332 53 0.3343 
 384 366 406 382 53 0.325 
 29 457 51 481 53 0.3149 
 266 532 298 563 53 0.3081 
 482 222 523 242 53 0.3066 
 300 174 324 198 53 0.2916 
 413 153 437 178 53 0.2847 
 317 212 352 240 53 0.2737 
 548 159 570 184 53 0.2712 
 18 93 42 116 53 0.2598 
 693 606 702 627 53 0.2517 
