121 347 152 375 53 0.8438 
 320 317 341 345 53 0.8106 
 300 309 323 332 53 0.7881 
 287 293 312 321 53 0.7857 
 42 194 78 220 53 0.7759 
 57 164 88 186 53 0.7744 
 365 251 393 278 53 0.7695 
 183 315 208 341 53 0.7285 
 30 151 62 175 53 0.71 
 467 156 492 181 53 0.6895 
 332 458 366 486 53 0.6841 
 493 208 515 235 53 0.6823 
 470 413 495 433 53 0.6577 
 149 339 170 364 53 0.6538 
 348 446 380 470 53 0.6353 
 367 375 388 402 53 0.632 
 333 544 362 571 53 0.6084 
 369 213 408 241 53 0.6074 
 237 112 262 140 53 0.5515 
 351 650 390 682 53 0.4756 
 493 45 516 71 53 0.4678 
 268 392 285 410 53 0.4666 
 154 177 169 197 53 0.4617 
 20 334 51 362 53 0.4111 
 389 611 419 633 53 0.4065 
 443 62 465 93 53 0.3948 
 314 245 338 266 53 0.3594 
 487 101 515 120 53 0.3311 
 127 342 170 369 53 0.3218 
 441 390 472 413 53 0.3115 
 353 173 381 195 53 0.3015 
 363 233 400 281 53 0.2942 
 167 546 193 569 53 0.2783 
