242 517 273 543 53 0.8188 
 19 327 42 348 53 0.7202 
 208 409 230 431 53 0.6436 
 371 627 392 648 53 0.5969 
 70 372 88 398 53 0.5271 
 330 560 347 583 53 0.5193 
 5 317 20 345 53 0.5163 
 188 387 214 415 53 0.4795 
 21 303 38 319 53 0.4793 
 334 391 349 411 53 0.4793 
 258 387 281 413 53 0.4514 
 466 398 481 419 53 0.4495 
 310 399 323 419 53 0.4139 
 412 342 424 367 53 0.3831 
 401 632 422 656 53 0.3811 
 104 349 119 370 53 0.3452 
 1 267 13 285 53 0.3276 
 357 368 379 392 53 0.2974 
 565 403 591 426 53 0.2776 
