23 514 49 542 53 0.7945 
 0 112 28 139 53 0.7413 
 31 579 54 605 53 0.7062 
 43 91 65 112 53 0.7028 
 313 129 344 150 53 0.6934 
 72 136 98 161 53 0.6837 
 33 17 53 44 53 0.6323 
 531 470 566 500 53 0.627 
 288 97 319 127 53 0.6113 
 51 67 78 90 53 0.5957 
 216 63 252 90 53 0.5889 
 151 267 180 296 53 0.5793 
 163 11 187 35 53 0.5647 
 238 14 272 61 53 0.5591 
 30 493 64 518 53 0.5547 
 2 541 24 558 53 0.5537 
 40 529 61 554 53 0.5527 
 551 292 587 325 53 0.5449 
 562 406 590 429 53 0.543 
 41 451 61 474 53 0.541 
 8 47 52 85 53 0.5298 
 123 258 152 284 53 0.5215 
 88 438 115 462 53 0.5146 
 686 121 704 154 53 0.491 
 74 402 95 426 53 0.489 
 302 1 342 17 53 0.4775 
 108 195 135 223 53 0.4727 
 38 204 67 227 53 0.4697 
 162 31 188 59 53 0.4695 
 325 418 346 447 53 0.4656 
 94 141 117 164 53 0.4648 
 562 468 588 490 53 0.4607 
 84 411 110 440 53 0.4436 
 71 427 94 455 53 0.4233 
 270 188 296 209 53 0.4177 
 0 207 25 226 53 0.397 
 235 8 268 41 53 0.3877 
 161 442 199 471 53 0.3831 
 128 186 152 215 53 0.3811 
 318 85 340 115 53 0.3774 
 178 331 198 356 53 0.3692 
 165 332 191 362 53 0.3667 
 691 271 704 300 53 0.3667 
 322 89 348 123 53 0.354 
 145 95 180 126 53 0.3452 
 81 212 97 237 53 0.3442 
 5 455 30 478 53 0.3372 
 224 0 247 28 53 0.3354 
 597 324 628 346 53 0.3354 
 165 55 181 78 53 0.3292 
 598 374 613 404 53 0.3206 
 297 356 333 387 53 0.3157 
 150 52 177 78 53 0.3025 
 147 671 177 696 53 0.2998 
 456 319 480 350 53 0.2991 
 227 0 243 17 53 0.2983 
 598 83 638 112 53 0.2966 
 609 374 636 395 53 0.2966 
 9 628 37 657 53 0.2903 
 2 2 17 17 53 0.2893 
 175 665 202 697 53 0.2886 
 640 10 679 43 53 0.2849 
 186 335 196 354 53 0.272 
 43 38 71 62 53 0.2532 
 131 92 148 122 53 0.2517 
 0 4 23 39 53 0.2517 
