290 295 318 323 53 0.8687 
 274 45 307 75 53 0.8569 
 10 502 45 530 53 0.856 
 279 453 311 483 53 0.8408 
 210 237 244 268 53 0.8276 
 423 285 454 313 53 0.8232 
 515 414 546 447 53 0.8223 
 156 100 187 129 53 0.8188 
 156 363 185 387 53 0.8188 
 423 228 457 252 53 0.8154 
 488 161 514 189 53 0.814 
 224 267 259 289 53 0.813 
 259 356 290 380 53 0.8105 
 261 111 292 140 53 0.8102 
 102 166 133 194 53 0.8091 
 50 241 78 267 53 0.8081 
 11 123 41 150 53 0.8062 
 5 67 37 96 53 0.8057 
 136 116 162 142 53 0.7999 
 43 217 73 240 53 0.7993 
 5 10 34 38 53 0.796 
 449 126 476 154 53 0.793 
 111 376 145 404 53 0.793 
 432 118 455 144 53 0.7857 
 91 202 117 230 53 0.7857 
 219 634 254 663 53 0.7827 
 575 438 607 465 53 0.7812 
 598 362 631 389 53 0.7778 
 467 78 500 108 53 0.7739 
 157 253 187 279 53 0.769 
 21 236 45 264 53 0.7653 
 555 21 594 51 53 0.7646 
 4 235 29 268 53 0.7627 
 447 385 472 413 53 0.7568 
 320 15 350 41 53 0.7563 
 1 144 25 172 53 0.7531 
 32 0 60 21 53 0.7476 
 264 426 296 454 53 0.7476 
 105 564 135 589 53 0.7476 
 254 384 284 413 53 0.7402 
 228 53 253 74 53 0.7321 
 101 309 135 335 53 0.7305 
 542 204 576 235 53 0.728 
 293 540 320 569 53 0.7271 
 396 635 427 665 53 0.7227 
 316 40 349 70 53 0.7212 
 286 0 314 17 53 0.7192 
 583 260 614 287 53 0.7148 
 379 26 418 55 53 0.7148 
 194 365 230 390 53 0.6992 
 235 463 259 489 53 0.6978 
 3 333 30 354 53 0.6958 
 477 156 492 183 53 0.695 
 300 467 330 496 53 0.6929 
 248 246 274 272 53 0.6779 
 140 184 175 209 53 0.6733 
 531 188 556 217 53 0.6545 
 486 467 525 494 53 0.6377 
 200 190 227 223 53 0.6187 
 588 204 618 232 53 0.5981 
 327 363 344 382 53 0.5783 
 359 242 377 267 53 0.5486 
 272 447 289 470 53 0.5371 
 342 585 372 612 53 0.5186 
 359 74 390 103 53 0.5117 
 197 167 215 190 53 0.5027 
 402 517 430 542 53 0.4932 
 189 672 214 699 53 0.4495 
 239 245 264 269 53 0.4351 
 142 367 159 395 53 0.4319 
 124 498 134 522 53 0.4251 
 121 495 141 522 53 0.4131 
 305 471 326 488 53 0.4082 
 365 554 401 578 53 0.3999 
 5 129 35 164 53 0.3887 
 71 547 98 578 53 0.3811 
 605 118 633 146 53 0.3738 
 106 0 121 15 53 0.3408 
 262 412 279 430 53 0.2814 
 46 224 79 262 53 0.2651 
