340 34 368 63 53 0.8482 
 331 635 357 665 53 0.8311 
 411 372 439 401 53 0.8258 
 554 210 589 237 53 0.8174 
 371 668 400 696 53 0.8115 
 508 350 537 376 53 0.8018 
 432 541 460 571 53 0.7956 
 550 338 581 366 53 0.7944 
 359 5 387 30 53 0.7921 
 238 373 262 400 53 0.7921 
 574 186 602 212 53 0.792 
 389 18 409 40 53 0.7843 
 202 29 233 57 53 0.7827 
 358 169 385 191 53 0.7827 
 439 85 465 113 53 0.7798 
 394 358 425 383 53 0.7759 
 524 206 553 231 53 0.7744 
 339 137 367 160 53 0.774 
 356 579 385 610 53 0.7725 
 365 643 389 665 53 0.772 
 340 560 369 585 53 0.771 
 430 268 452 300 53 0.7682 
 450 177 486 207 53 0.7656 
 491 608 519 638 53 0.7656 
 334 406 354 430 53 0.7633 
 248 35 276 59 53 0.7612 
 374 293 401 317 53 0.7598 
 532 427 560 450 53 0.7594 
 596 195 625 219 53 0.7578 
 394 396 423 420 53 0.7568 
 510 123 538 149 53 0.7321 
 269 594 298 621 53 0.7301 
 359 314 388 340 53 0.7202 
 440 112 454 135 53 0.7192 
 525 539 554 565 53 0.7184 
 223 554 253 578 53 0.7139 
 404 254 431 276 53 0.7114 
 399 275 425 299 53 0.708 
 464 518 491 538 53 0.7059 
 436 463 454 488 53 0.7052 
 419 148 436 175 53 0.7003 
 233 585 261 610 53 0.6978 
 556 238 581 260 53 0.693 
 369 234 395 257 53 0.6885 
 365 445 389 466 53 0.6802 
 325 362 358 383 53 0.6621 
 255 568 283 598 53 0.6611 
 218 604 244 633 53 0.6437 
 289 637 315 662 53 0.6423 
 410 173 439 196 53 0.6318 
 318 331 346 354 53 0.6315 
 370 263 396 286 53 0.6279 
 269 484 293 503 53 0.6266 
 296 268 326 291 53 0.6206 
 336 205 363 230 53 0.6101 
 549 602 573 624 53 0.6069 
 158 0 185 22 53 0.6021 
 400 532 422 551 53 0.5508 
 409 626 432 650 53 0.5283 
 285 309 315 332 53 0.5273 
 296 569 313 591 53 0.501 
 267 287 288 306 53 0.4512 
 321 359 342 382 53 0.4446 
 58 2 84 24 53 0.4312 
 498 305 515 328 53 0.3276 
 237 638 263 659 53 0.3225 
 451 529 467 552 53 0.3149 
 272 267 292 286 53 0.2959 
 655 192 681 218 53 0.2949 
 303 174 323 197 53 0.2612 
 398 257 429 294 53 0.2517 
