228 95 268 141 53 0.7686 
 629 114 653 143 53 0.7555 
 485 357 517 385 53 0.752 
 359 61 389 87 53 0.7393 
 549 70 573 93 53 0.728 
 601 369 623 399 53 0.7252 
 660 332 692 363 53 0.7228 
 537 368 567 396 53 0.7227 
 625 404 652 436 53 0.7189 
 660 427 685 453 53 0.7129 
 562 496 596 528 53 0.6978 
 577 375 604 402 53 0.6955 
 340 174 382 206 53 0.6758 
 467 312 498 338 53 0.6733 
 564 90 596 112 53 0.6724 
 197 145 233 172 53 0.6704 
 567 363 592 389 53 0.6686 
 534 101 566 131 53 0.6665 
 361 101 385 128 53 0.6642 
 562 44 584 70 53 0.6608 
 186 102 214 127 53 0.6577 
 219 6 247 33 53 0.6523 
 339 130 364 152 53 0.6514 
 539 0 570 16 53 0.6504 
 426 173 459 204 53 0.646 
 374 243 415 275 53 0.646 
 307 90 340 126 53 0.6362 
 625 26 654 54 53 0.6353 
 130 258 157 292 53 0.6286 
 276 100 308 124 53 0.6279 
 681 383 704 410 53 0.6232 
 120 308 157 334 53 0.6226 
 95 311 123 340 53 0.6216 
 356 34 382 63 53 0.6206 
 535 430 558 455 53 0.6174 
 157 7 179 35 53 0.6094 
 670 458 693 480 53 0.5962 
 531 28 571 47 53 0.5957 
 322 59 354 85 53 0.5898 
 339 92 363 116 53 0.5859 
 90 34 123 62 53 0.5859 
 155 319 175 344 53 0.5857 
 445 102 465 127 53 0.5815 
 642 443 665 463 53 0.5813 
 415 331 444 358 53 0.5806 
 643 312 670 338 53 0.5796 
 373 217 399 242 53 0.5774 
 306 201 344 238 53 0.5747 
 508 214 545 241 53 0.5737 
 678 438 698 458 53 0.564 
 150 49 170 81 53 0.563 
 279 23 305 45 53 0.563 
 168 163 193 191 53 0.5617 
 639 46 666 64 53 0.5578 
 390 68 415 96 53 0.5557 
 371 0 401 25 53 0.5547 
 585 53 616 82 53 0.5547 
 639 442 669 477 53 0.5547 
 502 278 529 299 53 0.5508 
 360 160 396 189 53 0.5391 
 550 398 570 425 53 0.5361 
 11 11 50 36 53 0.5361 
 393 266 413 298 53 0.5332 
 398 128 434 155 53 0.5322 
 473 120 491 144 53 0.5261 
 202 34 224 64 53 0.5225 
 568 445 591 469 53 0.5203 
 500 318 521 350 53 0.5193 
 513 86 535 116 53 0.5154 
 217 260 241 278 53 0.5124 
 414 267 452 304 53 0.5088 
 680 20 704 41 53 0.5068 
 663 18 684 39 53 0.4951 
 169 56 187 84 53 0.4941 
 492 252 520 284 53 0.4941 
 494 111 523 139 53 0.4932 
 690 155 703 187 53 0.4883 
 419 104 446 131 53 0.4834 
 470 608 503 643 53 0.4824 
 685 495 704 526 53 0.4814 
 460 23 497 46 53 0.4805 
 588 189 613 220 53 0.4795 
 626 308 645 331 53 0.4795 
 646 178 676 198 53 0.4795 
 677 417 700 437 53 0.4766 
 387 303 423 339 53 0.4766 
 584 590 617 624 53 0.4756 
 665 0 688 20 53 0.4746 
 301 284 321 317 53 0.4717 
 423 481 459 512 53 0.4688 
 615 290 639 310 53 0.4668 
 662 376 683 398 53 0.4668 
 582 345 616 371 53 0.4668 
 319 292 345 314 53 0.4609 
 278 299 305 327 53 0.4543 
 367 288 399 320 53 0.4495 
 412 302 437 327 53 0.4456 
 237 170 258 199 53 0.4446 
 418 134 446 160 53 0.4436 
 331 305 357 339 53 0.4368 
 247 188 275 217 53 0.4351 
 605 158 642 190 53 0.4312 
 455 34 483 62 53 0.4272 
 442 422 477 449 53 0.4272 
 684 189 703 213 53 0.4261 
 622 432 653 448 53 0.4167 
 505 61 530 88 53 0.4158 
 263 199 285 222 53 0.4072 
 201 224 218 248 53 0.4072 
 226 327 250 356 53 0.3978 
 599 341 618 366 53 0.397 
 202 323 231 350 53 0.397 
 553 554 586 589 53 0.396 
 591 453 615 475 53 0.3943 
 306 57 320 76 53 0.3887 
 533 3 569 27 53 0.3887 
 408 153 427 176 53 0.3877 
 401 210 427 239 53 0.3867 
 253 424 287 465 53 0.3857 
 532 332 567 365 53 0.3831 
 248 338 279 364 53 0.373 
 240 420 257 450 53 0.3647 
 155 387 176 415 53 0.3594 
 592 513 613 534 53 0.3584 
 594 40 623 60 53 0.3584 
 425 157 447 175 53 0.3503 
 395 0 417 16 53 0.3433 
 603 328 625 350 53 0.3397 
 192 171 211 194 53 0.3337 
 618 187 651 213 53 0.3328 
 155 272 177 302 53 0.3328 
 249 239 279 266 53 0.332 
 446 130 474 155 53 0.332 
 403 302 437 343 53 0.3303 
 294 123 314 142 53 0.3276 
 449 252 484 282 53 0.314 
 606 631 637 655 53 0.3123 
 557 290 586 319 53 0.3115 
 661 156 685 182 53 0.3091 
 514 129 537 150 53 0.3074 
 630 59 654 80 53 0.3066 
 382 197 404 220 53 0.3057 
 163 129 193 158 53 0.3057 
 511 178 534 201 53 0.304 
 241 172 265 191 53 0.3025 
 315 69 341 95 53 0.2983 
 408 531 453 567 53 0.2983 
 387 393 419 418 53 0.2974 
 560 382 578 405 53 0.2949 
 321 181 342 202 53 0.2942 
 233 372 262 400 53 0.2942 
 302 242 334 261 53 0.2935 
 663 435 693 457 53 0.2935 
 422 71 442 94 53 0.2861 
 158 299 187 322 53 0.2861 
 308 332 338 358 53 0.2861 
 483 59 503 83 53 0.2854 
 473 183 492 210 53 0.2837 
 267 288 288 320 53 0.2837 
 489 203 505 233 53 0.2822 
 260 359 291 390 53 0.2805 
 424 207 454 233 53 0.2766 
 561 608 573 632 53 0.2765 
 337 168 367 197 53 0.2737 
 0 31 26 66 53 0.2727 
 402 363 424 392 53 0.2712 
 655 147 699 185 53 0.269 
 683 62 698 84 53 0.2681 
 357 43 389 83 53 0.2681 
 557 42 577 62 53 0.2665 
 667 119 699 138 53 0.2629 
 211 37 245 63 53 0.2598 
 446 285 473 308 53 0.2583 
 250 164 268 190 53 0.2561 
 313 308 334 335 53 0.2554 
 220 236 247 266 53 0.2546 
 132 407 165 435 53 0.2546 
