210 146 246 179 53 0.8223 
 248 145 286 180 53 0.8174 
 17 434 50 458 53 0.8042 
 12 142 32 169 53 0.7941 
 28 148 62 176 53 0.793 
 323 340 345 368 53 0.7712 
 378 408 400 431 53 0.7604 
 655 124 685 152 53 0.7568 
 239 240 274 270 53 0.7404 
 574 148 597 173 53 0.7393 
 682 128 704 155 53 0.7241 
 629 282 665 311 53 0.7192 
 469 201 496 226 53 0.7178 
 374 372 397 398 53 0.7056 
 676 236 704 262 53 0.7052 
 332 58 355 80 53 0.6943 
 502 157 525 176 53 0.694 
 403 302 440 333 53 0.6909 
 296 506 317 532 53 0.6837 
 635 666 661 692 53 0.6826 
 687 511 704 536 53 0.6816 
 579 465 603 488 53 0.6663 
 455 252 503 291 53 0.6543 
 56 142 84 172 53 0.6523 
 558 140 582 163 53 0.6514 
 178 451 193 474 53 0.6447 
 491 242 521 276 53 0.6235 
 262 513 289 536 53 0.6177 
 613 650 642 678 53 0.6162 
 688 416 703 444 53 0.604 
 117 603 156 635 53 0.5957 
 538 140 561 163 53 0.5954 
 528 470 564 498 53 0.582 
 147 648 185 676 53 0.5806 
 292 303 318 341 53 0.5688 
 199 275 229 307 53 0.5581 
 647 212 670 236 53 0.5391 
 650 299 679 327 53 0.5352 
 239 316 262 344 53 0.5312 
 61 554 89 584 53 0.5303 
 381 666 417 699 53 0.5107 
 58 199 99 242 53 0.4946 
 246 521 270 545 53 0.4922 
 635 600 650 628 53 0.491 
 312 285 342 307 53 0.4883 
 622 538 646 562 53 0.4824 
 694 344 701 371 53 0.4793 
 552 656 582 686 53 0.4736 
 601 156 626 186 53 0.4695 
 256 418 270 438 53 0.4597 
 42 1 82 17 53 0.459 
 0 438 23 470 53 0.4495 
 217 390 257 422 53 0.4426 
 22 416 50 437 53 0.4417 
 282 571 301 595 53 0.4292 
 136 106 163 127 53 0.4187 
 200 310 228 330 53 0.4055 
 385 148 407 170 53 0.4016 
 689 346 703 370 53 0.3877 
 0 403 28 427 53 0.3857 
 593 93 614 116 53 0.3831 
 0 436 46 466 53 0.3496 
 48 266 78 314 53 0.3496 
 207 144 278 183 53 0.3469 
 616 124 645 146 53 0.3208 
 417 342 450 367 53 0.3091 
 454 4 466 34 53 0.3032 
 629 552 665 579 53 0.2959 
 524 370 559 400 53 0.2935 
 304 86 330 108 53 0.283 
 360 153 385 175 53 0.2822 
 503 252 522 272 53 0.2815 
 339 315 358 332 53 0.2798 
 660 303 687 330 53 0.2759 
 427 652 460 677 53 0.2612 
