524 227 558 258 53 0.8623 
 154 111 186 142 53 0.8589 
 100 227 129 257 53 0.8516 
 257 296 290 332 53 0.8481 
 61 24 91 59 53 0.8447 
 464 124 500 155 53 0.8404 
 385 291 419 324 53 0.8403 
 432 59 466 93 53 0.8398 
 25 51 60 79 53 0.8384 
 250 549 281 578 53 0.8345 
 371 156 404 184 53 0.8301 
 64 236 97 264 53 0.8292 
 602 577 635 608 53 0.8276 
 544 322 565 348 53 0.8267 
 374 67 411 92 53 0.8267 
 412 325 440 353 53 0.8257 
 518 493 552 529 53 0.8218 
 312 547 349 579 53 0.8208 
 358 377 392 407 53 0.8189 
 458 391 496 421 53 0.8184 
 456 464 497 502 53 0.8184 
 623 12 656 44 53 0.8164 
 275 256 309 286 53 0.8145 
 605 244 640 275 53 0.8135 
 423 351 455 383 53 0.8135 
 242 190 280 224 53 0.8125 
 475 145 508 172 53 0.8115 
 684 77 704 108 53 0.8106 
 356 267 385 302 53 0.8082 
 201 3 232 25 53 0.8081 
 273 199 305 230 53 0.8081 
 477 308 508 339 53 0.8066 
 557 289 589 313 53 0.8057 
 341 61 369 90 53 0.8032 
 241 101 273 130 53 0.8027 
 532 572 564 605 53 0.7944 
 528 411 564 439 53 0.7905 
 631 214 664 240 53 0.7891 
 439 140 469 171 53 0.7887 
 210 457 246 487 53 0.7866 
 145 216 179 248 53 0.7866 
 404 352 427 375 53 0.7842 
 643 283 676 314 53 0.7838 
 2 0 46 24 53 0.7823 
 166 299 201 324 53 0.7798 
 551 33 587 65 53 0.7773 
 491 42 527 73 53 0.7759 
 576 479 614 516 53 0.7759 
 528 18 557 47 53 0.7759 
 466 74 500 102 53 0.7744 
 96 332 124 359 53 0.7744 
 166 516 198 544 53 0.7725 
 117 485 144 513 53 0.7725 
 625 52 658 80 53 0.772 
 226 178 255 207 53 0.7706 
 552 635 585 671 53 0.7671 
 681 175 703 203 53 0.7638 
 342 304 373 332 53 0.7633 
 645 634 674 663 53 0.7598 
 564 149 591 174 53 0.7589 
 675 490 704 523 53 0.7563 
 595 660 620 690 53 0.7561 
 324 452 351 476 53 0.7555 
 260 574 293 603 53 0.7534 
 550 88 580 129 53 0.7529 
 633 552 664 585 53 0.752 
 252 379 276 403 53 0.7511 
 666 64 694 89 53 0.75 
 487 491 522 520 53 0.7487 
 308 282 346 308 53 0.7485 
 402 267 437 302 53 0.7476 
 386 145 413 167 53 0.7471 
 354 176 384 206 53 0.7456 
 502 71 538 104 53 0.7441 
 608 111 639 149 53 0.7422 
 614 546 639 575 53 0.7404 
 420 15 456 44 53 0.7374 
 567 666 595 690 53 0.7355 
 574 127 611 157 53 0.7349 
 439 211 467 236 53 0.7349 
 585 629 621 661 53 0.7334 
 537 303 557 328 53 0.7306 
 568 526 591 552 53 0.7306 
 484 518 524 549 53 0.7295 
 151 157 182 189 53 0.7267 
 469 96 498 126 53 0.7256 
 411 622 443 653 53 0.7227 
 414 546 450 577 53 0.7212 
 214 675 248 701 53 0.7212 
 683 23 704 54 53 0.7208 
 420 645 457 679 53 0.7153 
 559 474 584 511 53 0.715 
 313 2 337 23 53 0.7114 
 609 655 641 683 53 0.7104 
 475 492 496 525 53 0.7086 
 79 212 106 240 53 0.708 
 35 491 67 520 53 0.7075 
 252 329 280 352 53 0.7065 
 321 223 354 253 53 0.7051 
 91 547 126 576 53 0.7041 
 256 622 295 658 53 0.6997 
 98 10 132 41 53 0.6968 
 644 660 671 688 53 0.6958 
 549 440 578 465 53 0.6899 
 494 649 522 680 53 0.6891 
 142 562 175 592 53 0.6885 
 383 545 412 577 53 0.6851 
 2 20 34 49 53 0.6826 
 380 651 415 676 53 0.6807 
 206 153 235 180 53 0.6803 
 120 214 148 241 53 0.6782 
 8 44 29 72 53 0.6704 
 361 47 389 84 53 0.6611 
 162 552 186 580 53 0.6579 
 519 322 546 346 53 0.6577 
 344 606 367 633 53 0.6548 
 125 370 151 397 53 0.6533 
 680 307 703 330 53 0.6523 
 70 268 90 298 53 0.644 
 375 441 412 470 53 0.6416 
 663 650 697 683 53 0.6406 
 330 142 372 182 53 0.6377 
 285 61 314 88 53 0.6372 
 425 132 449 160 53 0.6353 
 60 506 91 532 53 0.6309 
 186 341 206 360 53 0.6286 
 173 660 218 693 53 0.627 
 446 115 468 142 53 0.6206 
 116 580 152 608 53 0.6187 
 483 447 502 476 53 0.613 
 259 404 289 430 53 0.6123 
 228 114 251 142 53 0.6104 
 499 413 523 435 53 0.6104 
 568 249 609 283 53 0.6104 
 542 523 572 549 53 0.604 
 361 0 404 17 53 0.6011 
 612 490 630 514 53 0.5998 
 440 456 466 480 53 0.5991 
 570 506 608 533 53 0.5972 
 107 533 138 557 53 0.5972 
 358 630 389 653 53 0.5957 
 291 0 319 28 53 0.5896 
 467 587 499 621 53 0.5869 
 550 600 581 623 53 0.5859 
 89 292 105 318 53 0.5776 
 526 73 545 106 53 0.5747 
 562 569 602 601 53 0.5737 
 345 504 380 533 53 0.5718 
 693 669 702 697 53 0.5598 
 627 75 660 108 53 0.5571 
 537 392 557 416 53 0.5544 
 54 7 84 33 53 0.5537 
 143 319 166 337 53 0.5527 
 419 152 439 176 53 0.5518 
 152 443 177 470 53 0.5459 
 584 570 613 599 53 0.5359 
 639 124 663 148 53 0.5261 
 460 289 492 324 53 0.5137 
 166 194 189 227 53 0.5078 
 112 5 143 37 53 0.5059 
 449 98 472 129 53 0.5039 
 513 309 532 332 53 0.5029 
 612 469 633 492 53 0.4902 
 524 0 555 18 53 0.4854 
 100 353 120 371 53 0.4841 
 448 24 471 49 53 0.4775 
 625 599 642 621 53 0.4678 
 250 423 274 452 53 0.4561 
 426 302 450 332 53 0.4475 
 686 669 704 696 53 0.4351 
 247 401 273 424 53 0.4341 
 252 682 278 702 53 0.397 
 0 40 21 64 53 0.3933 
 332 152 359 186 53 0.385 
 544 3 566 26 53 0.384 
 441 100 492 127 53 0.3821 
 536 307 565 337 53 0.3774 
 257 480 287 504 53 0.3694 
 561 577 586 604 53 0.3684 
 624 85 658 120 53 0.3657 
 224 0 246 17 53 0.3442 
 87 0 124 17 53 0.3416 
 612 228 652 274 53 0.3315 
 658 1 696 16 53 0.3276 
 573 622 603 652 53 0.3269 
 512 314 543 339 53 0.3259 
 439 581 471 611 53 0.3066 
 375 588 414 624 53 0.2878 
 366 489 385 506 53 0.2727 
 405 29 425 52 53 0.2657 
 528 19 577 57 53 0.2549 
