70 305 98 328 53 0.7778 
 187 179 224 209 53 0.7285 
 0 447 38 480 53 0.7072 
 172 258 200 287 53 0.7041 
 199 299 233 330 53 0.7026 
 503 180 542 210 53 0.6978 
 129 370 166 405 53 0.6934 
 62 441 90 478 53 0.6906 
 155 346 187 375 53 0.6816 
 105 254 133 280 53 0.6714 
 235 234 263 257 53 0.6636 
 38 279 70 315 53 0.6538 
 21 637 44 665 53 0.6514 
 541 186 568 211 53 0.6413 
 232 203 270 233 53 0.6323 
 20 288 44 313 53 0.6318 
 0 416 33 448 53 0.6315 
 47 289 74 318 53 0.6309 
 229 300 255 323 53 0.584 
 159 392 181 418 53 0.5715 
 46 428 73 453 53 0.5544 
 498 14 513 34 53 0.5371 
 1 606 16 630 53 0.5352 
 415 257 450 285 53 0.5166 
 610 417 639 442 53 0.5127 
 2 674 36 704 53 0.5017 
 159 130 187 158 53 0.499 
 43 393 66 417 53 0.4968 
 77 443 110 474 53 0.4922 
 227 14 249 36 53 0.4543 
 186 274 211 301 53 0.4187 
 321 3 357 43 53 0.4158 
 0 301 23 326 53 0.4092 
 266 131 296 159 53 0.4036 
 606 152 633 177 53 0.3811 
 215 0 232 16 53 0.3684 
 574 46 611 82 53 0.3638 
 38 605 70 624 53 0.3638 
 0 82 22 109 53 0.3611 
 653 349 680 370 53 0.3354 
 0 559 16 588 53 0.332 
 542 345 567 370 53 0.3242 
 672 32 702 59 53 0.3199 
 374 255 406 290 53 0.3123 
 166 112 185 135 53 0.2727 
 302 0 328 20 53 0.2576 
 647 138 675 167 53 0.2539 
 71 674 114 704 53 0.2539 
 488 243 496 266 53 0.2538 
