634 117 668 147 53 0.8521 
 304 35 338 65 53 0.8423 
 244 659 276 692 53 0.8301 
 226 59 261 87 53 0.8188 
 164 305 194 327 53 0.8174 
 529 238 566 269 53 0.813 
 274 182 311 215 53 0.811 
 306 581 338 608 53 0.8105 
 554 368 588 397 53 0.8105 
 166 163 199 186 53 0.8101 
 567 116 588 144 53 0.8082 
 115 305 148 331 53 0.8081 
 455 221 491 245 53 0.8042 
 475 450 493 479 53 0.8033 
 421 262 445 288 53 0.7959 
 255 628 295 657 53 0.7944 
 133 0 166 25 53 0.7886 
 492 450 524 478 53 0.7881 
 582 0 609 26 53 0.7828 
 547 112 570 143 53 0.7828 
 405 366 442 392 53 0.7808 
 146 209 176 237 53 0.7798 
 487 411 510 435 53 0.7765 
 471 338 506 368 53 0.7759 
 228 612 257 638 53 0.7744 
 152 281 175 309 53 0.7739 
 548 646 582 679 53 0.7706 
 215 650 246 678 53 0.7656 
 475 118 514 147 53 0.7622 
 577 210 605 239 53 0.7612 
 342 396 365 424 53 0.7604 
 100 5 131 30 53 0.7598 
 657 299 688 326 53 0.7544 
 480 205 511 232 53 0.7534 
 492 621 522 651 53 0.7534 
 539 417 575 445 53 0.7515 
 468 171 499 202 53 0.7467 
 218 8 242 37 53 0.7438 
 475 506 514 539 53 0.7422 
 643 244 669 272 53 0.7413 
 315 394 344 421 53 0.7389 
 222 587 249 613 53 0.7335 
 444 161 476 186 53 0.7295 
 237 167 258 194 53 0.7271 
 601 251 638 278 53 0.7241 
 277 490 304 513 53 0.7238 
 612 182 643 207 53 0.7202 
 581 650 608 679 53 0.7184 
 391 460 419 485 53 0.7124 
 184 277 206 302 53 0.7121 
 473 385 500 409 53 0.709 
 352 435 371 455 53 0.7086 
 417 121 442 150 53 0.7075 
 223 436 247 463 53 0.7062 
 562 247 581 273 53 0.7038 
 589 284 618 307 53 0.7007 
 72 317 96 340 53 0.6978 
 290 461 323 487 53 0.6958 
 599 228 624 250 53 0.6953 
 147 303 165 331 53 0.6929 
 171 643 199 668 53 0.6925 
 609 495 630 525 53 0.6851 
 647 514 683 537 53 0.6836 
 215 249 234 273 53 0.6798 
 328 348 359 371 53 0.6792 
 86 340 109 364 53 0.6769 
 127 334 151 352 53 0.6676 
 679 468 704 496 53 0.6626 
 461 625 490 655 53 0.6533 
 107 258 138 289 53 0.6523 
 330 581 354 604 53 0.6489 
 197 635 226 658 53 0.6479 
 437 382 470 412 53 0.647 
 252 420 283 447 53 0.645 
 508 214 526 236 53 0.6437 
 337 42 357 71 53 0.6416 
 598 361 630 387 53 0.6333 
 305 179 324 211 53 0.6318 
 342 330 371 354 53 0.627 
 216 356 242 379 53 0.6235 
 158 508 191 536 53 0.6187 
 309 630 334 652 53 0.6184 
 376 354 406 375 53 0.6133 
 580 445 607 473 53 0.613 
 410 104 428 139 53 0.6113 
 261 456 288 486 53 0.6008 
 621 97 646 117 53 0.5991 
 686 386 703 410 53 0.5938 
 215 407 242 433 53 0.5889 
 628 365 653 390 53 0.5757 
 294 621 317 640 53 0.5747 
 111 389 134 411 53 0.5554 
 196 438 215 465 53 0.5534 
 183 654 208 679 53 0.5508 
 91 21 114 41 53 0.5371 
 445 651 476 680 53 0.5361 
 556 396 586 418 53 0.5039 
 119 503 142 527 53 0.4998 
 167 434 193 458 53 0.4805 
 333 550 365 581 53 0.4658 
 96 271 120 299 53 0.4629 
 223 634 242 655 53 0.459 
 244 277 271 301 53 0.4407 
 197 282 228 309 53 0.4387 
 455 370 478 391 53 0.4292 
 502 625 529 656 53 0.429 
 462 373 495 398 53 0.4121 
 120 265 141 301 53 0.4082 
 251 626 290 680 53 0.3789 
 200 202 238 223 53 0.3748 
 239 356 254 383 53 0.3577 
 221 272 248 293 53 0.3276 
 585 500 609 522 53 0.3252 
 511 512 528 530 53 0.3184 
 54 500 90 527 53 0.3174 
 540 349 560 367 53 0.3038 
 567 285 583 304 53 0.3025 
 257 485 276 504 53 0.2983 
 448 679 463 703 53 0.2974 
 88 503 107 530 53 0.2861 
 607 210 641 245 53 0.2805 
 98 395 115 415 53 0.2681 
 413 668 421 691 53 0.2539 
 363 354 376 373 53 0.2517 
