588 268 620 300 53 0.8589 
 406 295 448 334 53 0.8433 
 198 194 236 232 53 0.8428 
 285 115 325 157 53 0.8428 
 54 384 91 421 53 0.8335 
 511 249 548 286 53 0.8306 
 543 257 569 291 53 0.8302 
 543 369 585 410 53 0.8301 
 629 126 673 164 53 0.8276 
 106 130 147 170 53 0.8257 
 468 419 510 455 53 0.8228 
 361 360 406 397 53 0.8214 
 327 576 369 613 53 0.8198 
 175 25 219 63 53 0.8174 
 246 306 290 349 53 0.8154 
 450 118 493 155 53 0.8141 
 649 239 682 272 53 0.811 
 277 383 319 418 53 0.811 
 556 26 602 65 53 0.8086 
 521 68 558 108 53 0.7969 
 577 384 605 421 53 0.7964 
 200 131 237 164 53 0.7959 
 429 361 475 401 53 0.793 
 517 468 561 509 53 0.79 
 628 494 670 532 53 0.7891 
 650 332 695 371 53 0.7866 
 442 235 489 277 53 0.7847 
 611 651 650 690 53 0.7808 
 240 503 288 545 53 0.7793 
 257 214 289 248 53 0.7687 
 680 438 704 479 53 0.7642 
 401 458 428 494 53 0.7607 
 146 482 189 517 53 0.7568 
 118 602 162 639 53 0.7565 
 578 258 605 286 53 0.7534 
 363 507 406 544 53 0.7476 
 510 139 540 168 53 0.7457 
 592 79 624 112 53 0.7358 
 285 566 328 604 53 0.7271 
 279 21 319 54 53 0.7178 
 272 655 320 693 53 0.6748 
 480 277 522 314 53 0.6523 
 511 630 545 667 53 0.6372 
 209 1 252 16 53 0.5459 
 527 629 562 666 53 0.5195 
 213 4 250 11 53 0.3557 
 486 341 507 359 53 0.3389 
 293 573 376 615 53 0.3081 
 202 308 224 339 53 0.2925 
