311 298 347 335 53 0.874 
 448 622 485 654 53 0.853 
 533 230 573 267 53 0.8457 
 420 320 457 357 53 0.8428 
 115 94 158 132 53 0.8359 
 292 28 335 65 53 0.835 
 50 304 86 338 53 0.833 
 86 426 125 462 53 0.832 
 646 30 687 65 53 0.8315 
 602 293 635 322 53 0.8291 
 379 530 423 566 53 0.8276 
 163 0 207 34 53 0.8262 
 178 38 224 78 53 0.8223 
 73 337 116 368 53 0.8174 
 477 470 518 503 53 0.8155 
 642 207 675 243 53 0.814 
 358 23 401 69 53 0.811 
 8 425 40 453 53 0.811 
 225 293 264 329 53 0.8105 
 500 398 539 434 53 0.8091 
 89 151 124 181 53 0.8081 
 155 432 182 466 53 0.8081 
 3 135 42 165 53 0.8081 
 228 547 268 587 53 0.8066 
 552 15 592 47 53 0.8052 
 347 471 390 504 53 0.8028 
 183 159 222 192 53 0.8027 
 406 10 445 40 53 0.8004 
 446 435 486 471 53 0.7983 
 340 371 380 404 53 0.7974 
 607 92 636 123 53 0.7969 
 253 335 292 366 53 0.7964 
 200 613 242 647 53 0.794 
 504 88 548 127 53 0.793 
 81 613 121 649 53 0.791 
 116 0 163 39 53 0.7891 
 119 256 157 286 53 0.7886 
 498 2 537 34 53 0.7871 
 277 217 316 251 53 0.7818 
 233 368 277 401 53 0.7808 
 610 465 645 495 53 0.7769 
 88 223 125 254 53 0.7695 
 429 153 468 190 53 0.7692 
 172 504 199 532 53 0.7682 
 525 518 564 553 53 0.7643 
 534 342 569 379 53 0.7609 
 246 581 285 618 53 0.7563 
 574 221 605 252 53 0.7544 
 76 20 119 51 53 0.7544 
 612 58 647 87 53 0.7534 
 245 112 283 143 53 0.7526 
 435 514 471 552 53 0.7515 
 648 657 681 685 53 0.7515 
 558 179 589 209 53 0.7456 
 528 613 571 645 53 0.7456 
 389 330 424 365 53 0.7428 
 179 530 202 570 53 0.7404 
 593 210 625 247 53 0.7256 
 470 174 495 205 53 0.7252 
 346 568 389 603 53 0.7168 
 291 320 327 355 53 0.7148 
 572 478 614 514 53 0.71 
 48 654 85 683 53 0.709 
 476 93 507 122 53 0.708 
 391 251 423 280 53 0.7017 
 430 43 461 74 53 0.695 
 116 186 145 216 53 0.6885 
 345 56 374 80 53 0.6841 
 165 675 206 704 53 0.6704 
 96 502 118 521 53 0.6494 
 187 379 224 407 53 0.645 
 321 0 344 29 53 0.6315 
 686 297 702 325 53 0.6286 
 680 612 704 641 53 0.6276 
 498 670 538 700 53 0.6152 
 433 221 459 254 53 0.5876 
 357 307 402 340 53 0.584 
 482 228 519 256 53 0.5776 
 217 76 248 100 53 0.5767 
 424 624 453 651 53 0.5234 
 1 389 24 407 53 0.5193 
 410 244 441 275 53 0.4941 
 275 314 301 342 53 0.4775 
 589 669 629 703 53 0.4556 
 491 177 516 203 53 0.4504 
 438 18 461 43 53 0.4417 
 40 425 54 447 53 0.4072 
 294 356 337 395 53 0.4036 
 548 172 570 198 53 0.4024 
 645 479 677 512 53 0.3867 
 593 578 629 608 53 0.3757 
 0 238 8 267 53 0.3673 
 470 90 538 124 53 0.2732 
 1 360 25 394 53 0.2666 
 297 359 315 396 53 0.251 
