416 420 449 449 53 0.8682 
 382 461 414 492 53 0.8481 
 523 434 550 459 53 0.8374 
 278 307 309 334 53 0.8286 
 518 286 548 315 53 0.8267 
 498 528 531 563 53 0.8248 
 502 28 532 58 53 0.8242 
 534 163 565 192 53 0.8242 
 196 236 229 263 53 0.8208 
 575 430 603 460 53 0.8188 
 623 438 659 468 53 0.8188 
 550 29 579 55 53 0.8174 
 341 2 373 31 53 0.8174 
 627 511 661 542 53 0.813 
 503 104 538 132 53 0.8066 
 606 557 631 589 53 0.8033 
 420 395 450 420 53 0.8018 
 595 320 626 350 53 0.7983 
 644 0 665 21 53 0.7952 
 228 10 261 47 53 0.7944 
 549 454 580 481 53 0.7944 
 448 55 481 83 53 0.7905 
 533 124 565 152 53 0.7861 
 654 322 679 350 53 0.7857 
 439 2 478 35 53 0.7822 
 679 275 704 305 53 0.7818 
 661 479 691 512 53 0.7808 
 480 395 500 422 53 0.7775 
 158 278 191 303 53 0.7759 
 477 85 501 112 53 0.7692 
 496 0 528 24 53 0.7642 
 363 661 388 686 53 0.7642 
 467 109 505 140 53 0.7638 
 372 565 401 593 53 0.7583 
 569 315 592 337 53 0.7574 
 365 17 395 43 53 0.7534 
 630 556 660 585 53 0.7534 
 632 48 666 81 53 0.7529 
 336 407 373 434 53 0.7476 
 146 414 177 437 53 0.7471 
 282 237 309 259 53 0.7456 
 504 144 532 171 53 0.7393 
 376 89 411 120 53 0.7363 
 336 372 370 396 53 0.7363 
 603 601 644 633 53 0.7335 
 547 300 573 330 53 0.7319 
 225 419 251 442 53 0.7266 
 659 534 695 567 53 0.7212 
 461 183 491 207 53 0.7192 
 333 333 365 360 53 0.7192 
 341 439 370 463 53 0.7163 
 470 377 488 402 53 0.7072 
 448 159 476 184 53 0.7026 
 432 38 462 69 53 0.6982 
 498 179 515 208 53 0.695 
 359 354 377 374 53 0.6929 
 470 27 492 55 53 0.6916 
 500 642 526 668 53 0.6909 
 391 116 414 136 53 0.6872 
 64 392 92 418 53 0.6872 
 684 303 704 325 53 0.6844 
 266 527 304 553 53 0.6816 
 306 441 339 468 53 0.6758 
 273 31 303 61 53 0.6602 
 426 564 454 588 53 0.6567 
 485 590 507 615 53 0.6564 
 615 643 647 668 53 0.644 
 548 404 572 422 53 0.6423 
 590 547 609 566 53 0.6406 
 646 621 680 649 53 0.6362 
 405 584 425 612 53 0.626 
 433 276 460 298 53 0.6239 
 249 606 280 635 53 0.6206 
 303 45 337 74 53 0.6123 
 503 386 520 411 53 0.6104 
 616 408 637 434 53 0.6081 
 456 437 483 455 53 0.605 
 454 411 485 448 53 0.603 
 418 664 441 685 53 0.6005 
 597 100 623 124 53 0.5972 
 212 152 231 170 53 0.5959 
 612 511 631 538 53 0.5915 
 596 395 624 415 53 0.5757 
 583 141 604 160 53 0.5666 
 664 436 687 460 53 0.5591 
 402 544 432 573 53 0.5581 
 427 587 459 611 53 0.5581 
 448 398 471 422 53 0.5488 
 168 366 184 392 53 0.5359 
 264 524 284 553 53 0.5225 
 674 450 699 469 53 0.5124 
 480 212 512 233 53 0.5088 
 199 39 235 63 53 0.5078 
 558 308 590 332 53 0.5078 
 666 1 704 18 53 0.4951 
 269 552 299 576 53 0.4941 
 253 502 277 524 53 0.4883 
 684 381 703 408 53 0.4773 
 203 27 235 47 53 0.4688 
 143 642 179 674 53 0.4609 
 601 533 626 560 53 0.4504 
 237 240 256 259 53 0.4483 
 624 535 643 561 53 0.4417 
 371 319 386 337 53 0.4216 
 562 629 585 651 53 0.4063 
 494 294 515 316 53 0.4045 
 253 224 272 237 53 0.3896 
 532 234 556 266 53 0.3757 
 512 57 535 72 53 0.3557 
 157 301 181 317 53 0.3425 
 176 303 199 317 53 0.3167 
 361 320 388 346 53 0.3074 
 182 384 205 411 53 0.3025 
 303 681 323 703 53 0.2998 
 472 651 489 671 53 0.291 
 320 0 341 18 53 0.2847 
 645 483 688 537 53 0.2803 
 63 375 86 394 53 0.2561 
