262 421 298 454 53 0.8613 
 101 406 136 436 53 0.8536 
 39 260 76 293 53 0.8472 
 66 0 104 31 53 0.8423 
 209 618 248 655 53 0.8374 
 580 228 618 260 53 0.835 
 353 114 388 147 53 0.8315 
 160 515 200 549 53 0.8306 
 643 246 669 277 53 0.8292 
 611 240 647 276 53 0.8291 
 636 539 661 573 53 0.8267 
 100 261 134 290 53 0.8267 
 452 26 486 57 53 0.8242 
 324 132 358 161 53 0.8232 
 38 530 74 558 53 0.8198 
 461 137 499 167 53 0.8189 
 252 371 284 404 53 0.8174 
 61 409 99 440 53 0.8155 
 330 281 365 318 53 0.8154 
 146 199 184 232 53 0.8136 
 50 132 85 162 53 0.813 
 194 326 229 361 53 0.8097 
 165 426 200 457 53 0.8097 
 37 355 73 385 53 0.8086 
 109 63 141 93 53 0.8062 
 315 49 351 83 53 0.8027 
 309 176 344 205 53 0.8013 
 100 668 128 704 53 0.796 
 232 311 265 341 53 0.7959 
 19 95 50 128 53 0.7905 
 124 455 157 489 53 0.7827 
 242 224 274 253 53 0.7812 
 183 638 219 668 53 0.7788 
 611 98 643 129 53 0.7744 
 151 269 185 300 53 0.7725 
 207 428 237 453 53 0.769 
 615 650 649 679 53 0.7578 
 606 571 642 601 53 0.7529 
 237 660 267 690 53 0.752 
 458 93 501 131 53 0.751 
 536 453 567 483 53 0.7505 
 311 633 346 670 53 0.7446 
 666 517 699 545 53 0.7441 
 185 230 224 264 53 0.7413 
 303 239 349 283 53 0.7388 
 427 14 457 40 53 0.7231 
 665 608 697 639 53 0.7075 
 614 450 645 482 53 0.7017 
 576 149 602 177 53 0.7002 
 607 540 642 573 53 0.6841 
 461 307 494 339 53 0.6738 
 651 642 688 674 53 0.6724 
 417 402 453 434 53 0.667 
 499 306 522 334 53 0.6652 
 387 163 418 186 53 0.6621 
 504 407 530 433 53 0.6611 
 551 155 575 183 53 0.6608 
 222 574 256 605 53 0.6589 
 309 497 343 521 53 0.6436 
 218 19 248 46 53 0.6289 
 0 16 25 45 53 0.6235 
 232 37 268 63 53 0.6167 
 377 15 407 42 53 0.604 
 687 304 704 332 53 0.603 
 68 666 106 690 53 0.6011 
 509 549 549 584 53 0.5957 
 393 307 419 332 53 0.5898 
 653 470 688 495 53 0.584 
 559 101 578 123 53 0.5488 
 277 374 318 397 53 0.5469 
 204 656 236 681 53 0.5322 
 18 0 48 17 53 0.5273 
 213 273 235 301 53 0.5264 
 550 123 585 156 53 0.5225 
 351 193 391 238 53 0.52 
 0 115 9 145 53 0.5166 
 610 462 632 489 53 0.5137 
 578 451 614 479 53 0.5137 
 136 22 165 43 53 0.5088 
 307 268 345 289 53 0.4893 
 598 354 635 388 53 0.4717 
 22 12 46 36 53 0.4648 
 372 78 390 97 53 0.4512 
 171 685 213 704 53 0.4358 
 229 352 246 371 53 0.3921 
 236 451 269 472 53 0.3604 
 563 43 601 67 53 0.3594 
 162 302 182 323 53 0.3407 
 549 120 571 146 53 0.2998 
 138 261 156 286 53 0.283 
 354 210 375 236 53 0.2805 
 379 1 414 23 53 0.2727 
 408 0 427 14 53 0.2673 
 309 148 347 210 53 0.2576 
 663 207 689 234 53 0.2554 
 613 195 636 218 53 0.2532 
