544 0 578 30 53 0.8164 
 35 339 64 367 53 0.8048 
 471 234 505 263 53 0.7964 
 585 139 618 164 53 0.7959 
 83 224 107 249 53 0.7945 
 356 227 388 253 53 0.7754 
 581 267 612 291 53 0.7637 
 668 4 704 33 53 0.7627 
 167 299 197 327 53 0.7607 
 443 299 475 321 53 0.7456 
 191 313 219 338 53 0.7373 
 23 263 48 286 53 0.728 
 185 364 214 385 53 0.7271 
 231 20 251 44 53 0.7086 
 469 1 503 19 53 0.7002 
 62 352 84 381 53 0.695 
 289 179 319 203 53 0.6929 
 358 389 391 415 53 0.6909 
 195 71 215 98 53 0.6779 
 389 390 419 415 53 0.6772 
 134 413 159 438 53 0.6738 
 260 96 282 122 53 0.6683 
 0 91 27 120 53 0.6611 
 612 364 647 385 53 0.6602 
 497 220 519 248 53 0.6589 
 168 75 187 100 53 0.6554 
 38 123 68 144 53 0.6548 
 199 189 225 217 53 0.6533 
 451 73 484 100 53 0.6494 
 629 455 659 484 53 0.6094 
 116 33 151 66 53 0.6094 
 611 79 637 104 53 0.5981 
 122 312 143 328 53 0.5588 
 128 444 148 468 53 0.5527 
 337 385 359 411 53 0.5447 
 180 199 208 222 53 0.5391 
 688 580 704 610 53 0.5361 
 112 490 138 523 53 0.529 
 17 356 44 381 53 0.5273 
 692 453 703 480 53 0.5154 
 221 386 247 413 53 0.5146 
 570 257 583 276 53 0.5 
 466 378 493 397 53 0.4873 
 314 259 333 275 53 0.4822 
 535 661 573 690 53 0.4775 
 625 540 657 565 53 0.4756 
 183 390 205 407 53 0.4707 
 415 209 446 236 53 0.4697 
 131 130 162 157 53 0.4475 
 483 77 493 101 53 0.4417 
 265 313 279 327 53 0.4417 
 83 485 116 513 53 0.4358 
 599 321 612 343 53 0.4053 
 41 421 67 440 53 0.4026 
 0 110 18 129 53 0.3943 
 654 598 696 626 53 0.3896 
 293 169 318 189 53 0.3757 
 686 140 702 158 53 0.3736 
 690 556 702 576 53 0.3657 
 0 245 9 267 53 0.3486 
 125 406 137 431 53 0.3381 
 501 0 525 15 53 0.3259 
 631 73 652 102 53 0.314 
 16 111 39 135 53 0.3032 
 338 434 351 452 53 0.3032 
 184 191 222 224 53 0.2854 
 328 669 351 692 53 0.2822 
 132 179 162 202 53 0.2698 
