518 495 542 520 53 0.7921 
 597 356 629 381 53 0.792 
 216 362 245 397 53 0.7905 
 659 529 689 554 53 0.7759 
 481 285 512 312 53 0.7721 
 574 572 603 599 53 0.7622 
 314 376 345 401 53 0.7578 
 352 446 376 473 53 0.7511 
 74 103 104 127 53 0.7471 
 499 0 525 22 53 0.7438 
 113 453 142 477 53 0.7256 
 491 485 519 513 53 0.7208 
 137 478 159 504 53 0.6837 
 114 398 143 421 53 0.6826 
 234 452 266 475 53 0.6792 
 548 209 571 233 53 0.6667 
 552 382 575 410 53 0.6582 
 182 300 208 324 53 0.6486 
 329 483 351 504 53 0.6447 
 646 333 675 354 53 0.6406 
 242 163 269 190 53 0.5928 
 302 181 337 205 53 0.5908 
 114 659 149 685 53 0.5796 
 527 159 550 184 53 0.5578 
 456 423 484 446 53 0.5479 
 279 511 309 528 53 0.5293 
 512 367 542 388 53 0.5225 
 353 1 373 14 53 0.5144 
 161 426 192 456 53 0.4893 
 233 622 264 649 53 0.4805 
 495 597 512 615 53 0.46 
 478 20 503 44 53 0.4272 
 417 187 449 212 53 0.4158 
 662 168 695 198 53 0.3584 
 482 56 497 74 53 0.3469 
 348 95 359 111 53 0.3167 
 438 448 459 469 53 0.3015 
 563 3 575 26 53 0.2861 
