559 290 580 314 53 0.8292 
 665 399 682 422 53 0.8082 
 600 402 629 430 53 0.792 
 655 224 683 247 53 0.7818 
 145 92 171 119 53 0.769 
 590 163 621 187 53 0.7676 
 44 34 63 59 53 0.7585 
 475 423 500 448 53 0.7402 
 0 93 21 124 53 0.715 
 584 302 609 325 53 0.6968 
 621 312 645 332 53 0.6925 
 627 412 641 432 53 0.6925 
 529 277 547 299 53 0.6872 
 642 396 665 420 53 0.6851 
 389 211 415 231 53 0.6841 
 631 104 661 126 53 0.6665 
 135 332 156 356 53 0.6662 
 468 255 487 280 53 0.653 
 624 127 646 150 53 0.6374 
 547 275 569 295 53 0.6286 
 18 192 40 219 53 0.6174 
 570 34 600 56 53 0.6104 
 590 231 617 253 53 0.606 
 311 388 339 409 53 0.606 
 101 86 117 111 53 0.5979 
 530 449 562 469 53 0.582 
 623 166 643 192 53 0.5767 
 642 47 660 68 53 0.5725 
 209 364 232 389 53 0.5688 
 232 119 257 143 53 0.5649 
 244 422 272 445 53 0.5649 
 269 136 296 159 53 0.5534 
 187 262 213 283 53 0.5449 
 239 148 262 171 53 0.5417 
 374 151 389 171 53 0.5398 
 51 232 68 254 53 0.531 
 69 234 86 257 53 0.531 
 339 114 364 136 53 0.5268 
 181 414 210 435 53 0.5176 
 654 380 671 401 53 0.5146 
 95 222 118 246 53 0.5098 
 521 411 537 431 53 0.5095 
 548 6 581 33 53 0.5059 
 0 307 15 328 53 0.4883 
 351 329 378 355 53 0.4705 
 570 7 592 34 53 0.4688 
 537 422 560 441 53 0.4688 
 625 60 644 80 53 0.4639 
 176 153 201 175 53 0.458 
 666 96 703 119 53 0.4534 
 450 503 467 519 53 0.4424 
 1 27 14 45 53 0.4331 
 507 6 541 29 53 0.4253 
 662 267 682 284 53 0.4167 
 242 375 255 389 53 0.4092 
 627 50 662 72 53 0.3887 
 315 24 336 46 53 0.3856 
 658 488 680 506 53 0.3856 
 381 335 397 352 53 0.3848 
 464 329 481 345 53 0.3831 
 536 31 561 62 53 0.3711 
 340 451 362 476 53 0.3584 
 546 205 563 227 53 0.3469 
 399 115 430 138 53 0.3452 
 491 285 513 303 53 0.3326 
 135 108 149 125 53 0.3292 
 23 1 32 16 53 0.3241 
 440 118 464 136 53 0.3132 
 367 389 381 406 53 0.3115 
 658 119 674 139 53 0.3057 
 50 233 87 258 53 0.3015 
 171 497 192 521 53 0.3014 
 342 30 368 47 53 0.2903 
 525 206 543 223 53 0.2884 
 606 143 627 159 53 0.2822 
 501 464 515 482 53 0.2796 
 326 193 341 213 53 0.2765 
 324 201 343 224 53 0.2765 
 1 664 20 688 53 0.2666 
 144 534 162 555 53 0.2651 
 650 297 674 323 53 0.2568 
 109 399 125 416 53 0.2532 
