180 52 206 87 53 0.8389 
 440 44 476 72 53 0.8389 
 521 30 545 60 53 0.8346 
 457 113 492 144 53 0.8335 
 497 16 530 46 53 0.8257 
 145 40 181 69 53 0.8199 
 634 6 671 38 53 0.8198 
 600 3 635 31 53 0.8188 
 585 141 618 170 53 0.8174 
 537 198 567 228 53 0.814 
 201 57 233 90 53 0.813 
 71 670 103 700 53 0.8091 
 402 133 436 162 53 0.8076 
 625 189 650 222 53 0.8058 
 491 116 517 143 53 0.8018 
 371 213 405 242 53 0.7993 
 597 240 621 267 53 0.7984 
 211 93 245 124 53 0.7866 
 623 234 645 264 53 0.7857 
 440 140 475 169 53 0.7676 
 125 68 155 95 53 0.7627 
 328 109 363 134 53 0.7568 
 350 236 384 270 53 0.7563 
 519 662 549 688 53 0.752 
 643 252 679 280 53 0.7485 
 343 186 377 212 53 0.7422 
 592 419 626 444 53 0.7417 
 579 252 607 279 53 0.7402 
 271 287 306 317 53 0.7402 
 346 50 379 81 53 0.7373 
 226 71 253 94 53 0.7271 
 162 13 185 40 53 0.7077 
 99 660 133 689 53 0.7017 
 480 302 508 327 53 0.7 
 683 394 702 419 53 0.6964 
 580 361 616 388 53 0.6934 
 633 499 669 528 53 0.6875 
 121 676 157 702 53 0.6851 
 264 130 291 161 53 0.6826 
 148 311 182 346 53 0.6826 
 687 125 703 156 53 0.6807 
 227 467 264 494 53 0.6758 
 378 255 409 285 53 0.6724 
 557 0 596 16 53 0.668 
 429 116 453 147 53 0.6582 
 240 81 267 109 53 0.6533 
 510 288 530 318 53 0.6523 
 258 155 280 179 53 0.6514 
 19 162 43 187 53 0.6343 
 165 315 195 349 53 0.6309 
 501 435 518 457 53 0.613 
 293 274 321 299 53 0.606 
 386 439 421 476 53 0.5898 
 241 1 284 17 53 0.584 
 566 241 592 262 53 0.5617 
 211 365 247 399 53 0.5459 
 563 634 596 660 53 0.54 
 249 179 287 207 53 0.5352 
 274 205 311 238 53 0.5352 
 473 509 510 538 53 0.5342 
 556 530 573 553 53 0.5242 
 425 183 440 200 53 0.5037 
 291 84 309 108 53 0.4922 
 166 555 194 581 53 0.4805 
 73 563 101 585 53 0.4717 
 567 515 596 543 53 0.4619 
 605 188 623 204 53 0.4568 
 248 388 288 416 53 0.4485 
 399 490 440 521 53 0.4485 
 216 411 249 438 53 0.4417 
 292 175 313 200 53 0.4341 
 521 438 537 457 53 0.4251 
 555 221 575 243 53 0.4165 
 345 450 381 480 53 0.4072 
 528 343 548 364 53 0.4016 
 416 319 451 347 53 0.3989 
 175 218 200 241 53 0.3987 
 351 73 374 91 53 0.397 
 474 577 501 600 53 0.3784 
 153 22 182 55 53 0.3684 
 608 2 680 37 53 0.3606 
 418 463 450 488 53 0.3442 
 302 444 333 478 53 0.3345 
 229 603 267 635 53 0.3115 
 572 247 603 270 53 0.3023 
 347 65 378 88 53 0.2935 
 247 53 267 75 53 0.2791 
 137 319 153 342 53 0.2576 
