585 300 617 328 53 0.8511 
 485 149 517 178 53 0.8481 
 301 331 340 363 53 0.8477 
 66 318 95 350 53 0.8438 
 98 359 116 388 53 0.8428 
 551 112 580 142 53 0.8408 
 617 243 645 270 53 0.8364 
 214 371 253 402 53 0.8345 
 63 107 101 141 53 0.8311 
 577 191 611 221 53 0.8301 
 579 267 610 293 53 0.8301 
 308 77 342 107 53 0.8228 
 665 225 698 255 53 0.8198 
 219 400 254 432 53 0.8164 
 229 443 269 481 53 0.8164 
 498 241 540 275 53 0.8159 
 356 270 394 305 53 0.811 
 195 453 230 485 53 0.8062 
 0 99 20 129 53 0.8033 
 0 431 33 466 53 0.8032 
 153 525 186 557 53 0.8032 
 256 65 292 97 53 0.8032 
 24 2 58 30 53 0.8027 
 180 440 204 471 53 0.7984 
 607 339 642 370 53 0.7983 
 38 398 80 432 53 0.7974 
 292 385 318 416 53 0.793 
 567 246 592 275 53 0.79 
 109 381 141 409 53 0.7827 
 633 350 667 378 53 0.7734 
 542 137 572 166 53 0.7656 
 371 606 405 635 53 0.7637 
 477 379 510 413 53 0.7598 
 624 264 661 291 53 0.7578 
 331 406 358 429 53 0.7516 
 530 27 565 57 53 0.7471 
 153 450 177 475 53 0.7471 
 507 99 543 129 53 0.7407 
 534 275 565 304 53 0.7393 
 369 650 401 681 53 0.7378 
 369 329 399 355 53 0.7334 
 561 293 589 322 53 0.728 
 636 203 665 224 53 0.7153 
 334 534 359 560 53 0.7135 
 112 348 141 374 53 0.7129 
 358 46 382 77 53 0.7125 
 383 585 418 616 53 0.7124 
 392 417 436 453 53 0.7114 
 552 658 589 689 53 0.7056 
 472 120 504 149 53 0.7041 
 666 28 692 52 53 0.7026 
 320 123 346 152 53 0.6989 
 176 222 196 252 53 0.6968 
 416 293 441 312 53 0.6955 
 406 634 444 669 53 0.6934 
 217 543 245 569 53 0.6899 
 516 312 548 336 53 0.6899 
 515 137 539 162 53 0.6872 
 613 202 638 229 53 0.687 
 477 22 510 50 53 0.6826 
 287 65 311 96 53 0.6816 
 145 396 187 431 53 0.6772 
 591 240 621 264 53 0.6768 
 517 432 543 464 53 0.6738 
 515 331 546 353 53 0.6738 
 259 19 297 48 53 0.6704 
 501 654 533 690 53 0.6699 
 304 157 331 179 53 0.668 
 257 228 293 252 53 0.6621 
 353 490 391 515 53 0.6621 
 634 181 660 206 53 0.6574 
 586 59 620 88 53 0.6479 
 608 167 643 189 53 0.646 
 520 7 545 33 53 0.6396 
 654 421 681 448 53 0.6235 
 205 567 244 603 53 0.6216 
 228 112 265 139 53 0.6216 
 468 237 501 281 53 0.6167 
 284 12 310 41 53 0.6162 
 37 358 61 381 53 0.6123 
 298 475 327 503 53 0.6069 
 521 594 554 623 53 0.603 
 49 168 86 201 53 0.6021 
 259 471 288 508 53 0.6001 
 455 339 482 361 53 0.5815 
 316 221 336 244 53 0.5588 
 145 227 178 260 53 0.5488 
 47 166 70 195 53 0.543 
 299 543 327 571 53 0.541 
 281 0 298 13 53 0.5352 
 410 309 431 331 53 0.5322 
 650 333 678 353 53 0.5186 
 523 660 557 691 53 0.5156 
 548 219 569 236 53 0.5132 
 556 520 593 546 53 0.5127 
 605 464 649 495 53 0.5107 
 113 491 152 511 53 0.5029 
 44 522 78 557 53 0.499 
 0 644 33 674 53 0.4902 
 659 254 678 281 53 0.4871 
 632 220 650 244 53 0.4707 
 474 239 497 265 53 0.4707 
 140 677 184 701 53 0.4648 
 85 163 102 182 53 0.4483 
 691 408 702 437 53 0.4405 
 108 597 139 626 53 0.4397 
 640 602 680 636 53 0.4382 
 692 157 702 175 53 0.4341 
 231 86 252 112 53 0.4341 
 357 580 382 612 53 0.4302 
 650 28 670 54 53 0.4216 
 339 149 355 169 53 0.4111 
 454 377 474 401 53 0.4092 
 428 42 462 74 53 0.395 
 465 256 497 283 53 0.3821 
 442 642 472 671 53 0.3794 
 603 153 619 176 53 0.373 
 683 204 704 230 53 0.3682 
 546 5 562 28 53 0.3638 
 124 1 136 12 53 0.354 
 196 567 227 595 53 0.3475 
 292 72 340 98 53 0.3337 
 564 539 586 564 53 0.3132 
 685 156 704 174 53 0.3091 
 582 276 617 320 53 0.2727 
 119 0 138 16 53 0.2712 
 489 24 525 49 53 0.2666 
 38 183 51 199 53 0.2643 
 293 437 321 463 53 0.2622 
 601 152 634 185 53 0.259 
 144 653 181 681 53 0.2576 
 684 86 696 102 53 0.2502 
