603 447 630 475 53 0.7604 
 531 182 558 211 53 0.7428 
 537 82 570 109 53 0.7402 
 534 445 561 470 53 0.7227 
 597 31 627 55 53 0.7121 
 517 507 541 530 53 0.7013 
 18 24 51 57 53 0.6958 
 408 524 428 549 53 0.6916 
 668 430 689 456 53 0.647 
 653 366 677 391 53 0.6467 
 534 53 558 79 53 0.6432 
 127 427 160 454 53 0.6426 
 159 432 190 462 53 0.6177 
 512 453 536 473 53 0.6081 
 615 104 637 130 53 0.6018 
 644 184 668 205 53 0.5708 
 652 210 679 231 53 0.5459 
 93 377 118 399 53 0.5449 
 543 588 568 613 53 0.5427 
 647 589 676 617 53 0.5342 
 33 279 64 307 53 0.5293 
 514 165 544 189 53 0.5137 
 629 132 651 157 53 0.5107 
 357 419 381 441 53 0.499 
 582 82 610 105 53 0.4668 
 633 376 651 396 53 0.459 
 463 434 494 459 53 0.4495 
 467 488 480 509 53 0.4385 
 627 3 657 26 53 0.4111 
 225 1 241 18 53 0.41 
 403 333 425 358 53 0.3987 
 203 294 232 321 53 0.3831 
 508 81 525 103 53 0.3655 
 633 223 648 243 53 0.3621 
 675 429 702 453 53 0.3459 
 197 59 230 84 53 0.3184 
 587 59 611 86 53 0.3157 
 685 426 701 447 53 0.3074 
 466 550 487 569 53 0.3055 
 494 62 517 84 53 0.304 
 693 358 702 379 53 0.3015 
 501 372 532 393 53 0.3015 
 691 390 701 412 53 0.2942 
 0 492 19 517 53 0.2854 
 550 392 578 416 53 0.2759 
 72 295 100 316 53 0.2712 
 468 321 487 341 53 0.2672 
 231 292 247 318 53 0.2576 
 339 646 366 671 53 0.2576 
 387 359 419 382 53 0.2561 
 695 337 703 356 53 0.2532 
