578 97 619 132 53 0.8384 
 431 244 468 277 53 0.8296 
 578 516 613 549 53 0.8291 
 277 157 316 192 53 0.8232 
 632 48 676 82 53 0.8232 
 485 27 520 60 53 0.8223 
 675 37 704 67 53 0.8223 
 504 104 537 142 53 0.8208 
 519 258 556 297 53 0.8184 
 551 168 592 201 53 0.818 
 536 200 575 233 53 0.8174 
 495 491 537 527 53 0.8145 
 399 425 438 456 53 0.8126 
 596 281 633 317 53 0.8115 
 637 380 673 411 53 0.8106 
 638 132 677 166 53 0.8077 
 366 298 411 336 53 0.8066 
 424 144 454 180 53 0.8042 
 595 149 635 183 53 0.8028 
 604 358 644 392 53 0.7984 
 328 325 365 357 53 0.7969 
 482 138 524 174 53 0.7965 
 458 373 497 408 53 0.7945 
 433 47 468 82 53 0.7891 
 93 491 132 527 53 0.7891 
 157 391 197 424 53 0.7882 
 486 244 521 274 53 0.7852 
 423 182 466 216 53 0.7828 
 144 210 182 243 53 0.7827 
 157 297 185 328 53 0.7765 
 532 520 570 561 53 0.7759 
 173 501 211 538 53 0.7744 
 349 463 391 504 53 0.7734 
 468 209 511 247 53 0.7686 
 623 465 655 494 53 0.7627 
 111 210 145 239 53 0.7568 
 386 150 427 182 53 0.7529 
 306 107 338 133 53 0.75 
 435 434 466 461 53 0.7471 
 229 192 266 220 53 0.7446 
 399 324 431 351 53 0.7422 
 566 219 603 256 53 0.7402 
 185 439 227 472 53 0.7402 
 567 480 602 513 53 0.7402 
 551 344 580 376 53 0.7399 
 659 15 678 44 53 0.7335 
 388 65 421 96 53 0.7324 
 270 86 314 125 53 0.7275 
 506 387 543 416 53 0.7266 
 310 453 348 484 53 0.7241 
 69 13 100 43 53 0.7178 
 192 285 225 320 53 0.7148 
 363 244 390 279 53 0.7096 
 298 55 328 84 53 0.7075 
 158 153 190 182 53 0.7041 
 122 297 158 328 53 0.7041 
 147 355 177 388 53 0.7041 
 394 403 422 428 53 0.7026 
 685 125 704 169 53 0.6816 
 656 262 700 295 53 0.6704 
 13 20 50 51 53 0.6704 
 690 475 702 498 53 0.6696 
 279 318 311 351 53 0.6636 
 461 313 502 349 53 0.6577 
 83 652 124 684 53 0.6548 
 244 388 275 411 53 0.6362 
 88 528 125 562 53 0.6318 
 662 420 692 448 53 0.6143 
 343 3 385 48 53 0.6128 
 665 564 702 602 53 0.6113 
 78 616 122 649 53 0.6069 
 610 481 628 514 53 0.6011 
 67 279 99 306 53 0.5957 
 83 576 117 605 53 0.5918 
 432 501 471 533 53 0.5908 
 237 425 265 454 53 0.5659 
 550 248 601 289 53 0.5654 
 141 81 164 113 53 0.5591 
 189 219 231 261 53 0.5503 
 30 236 68 268 53 0.5474 
 143 421 168 451 53 0.542 
 506 455 539 484 53 0.5391 
 223 124 254 147 53 0.5391 
 692 3 703 33 53 0.5293 
 399 536 437 570 53 0.5225 
 614 615 659 655 53 0.5142 
 659 470 679 498 53 0.5066 
 235 662 282 702 53 0.502 
 687 541 702 582 53 0.4863 
 564 637 603 669 53 0.4805 
 632 555 646 580 53 0.4707 
 191 413 226 436 53 0.4358 
 417 270 440 294 53 0.4141 
 136 8 157 33 53 0.3931 
 178 361 206 390 53 0.3914 
 497 575 543 610 53 0.3757 
 439 398 454 426 53 0.3736 
 527 658 566 687 53 0.3667 
 548 250 577 283 53 0.3638 
 490 245 549 286 53 0.3579 
 379 590 425 632 53 0.3486 
 66 591 91 621 53 0.3475 
 192 619 228 651 53 0.3469 
 674 663 704 700 53 0.3293 
 659 261 682 290 53 0.3108 
 79 372 107 397 53 0.3108 
 110 207 175 243 53 0.3008 
 24 650 61 681 53 0.2974 
 266 494 296 520 53 0.2815 
