565 115 598 144 53 0.873 
 358 74 387 115 53 0.8271 
 295 114 320 146 53 0.8224 
 342 140 375 172 53 0.8223 
 528 366 564 402 53 0.8208 
 485 370 529 408 53 0.8199 
 354 190 392 226 53 0.8198 
 50 248 84 282 53 0.818 
 375 309 416 340 53 0.8169 
 260 442 295 474 53 0.8131 
 406 54 445 89 53 0.8126 
 20 259 57 296 53 0.8121 
 312 128 351 164 53 0.8091 
 118 159 149 185 53 0.8066 
 231 174 264 209 53 0.8062 
 230 293 261 322 53 0.8027 
 596 0 633 31 53 0.8018 
 325 81 358 113 53 0.7993 
 181 6 219 44 53 0.798 
 261 126 297 158 53 0.7969 
 467 270 508 302 53 0.7944 
 496 223 532 254 53 0.7925 
 590 329 631 366 53 0.7808 
 212 207 244 238 53 0.7773 
 556 646 597 685 53 0.7744 
 1 215 43 256 53 0.7744 
 66 644 106 676 53 0.7734 
 47 490 86 522 53 0.7716 
 133 331 173 363 53 0.7706 
 31 604 68 642 53 0.7705 
 103 395 134 429 53 0.7686 
 456 65 495 96 53 0.7661 
 170 436 204 471 53 0.7642 
 436 76 472 110 53 0.7642 
 290 384 322 421 53 0.7637 
 513 319 554 350 53 0.7607 
 225 392 266 426 53 0.7555 
 601 69 642 103 53 0.7529 
 417 656 454 685 53 0.7529 
 0 323 17 361 53 0.75 
 205 178 235 209 53 0.7461 
 279 589 312 619 53 0.7441 
 22 438 57 471 53 0.7378 
 322 611 361 645 53 0.7271 
 359 610 397 644 53 0.7227 
 140 388 170 426 53 0.7178 
 633 59 677 95 53 0.7124 
 306 493 343 526 53 0.7101 
 196 420 229 451 53 0.7075 
 41 66 82 104 53 0.6958 
 518 471 560 506 53 0.6943 
 670 574 703 608 53 0.6919 
 136 531 177 572 53 0.6914 
 4 108 47 147 53 0.6851 
 355 500 386 523 53 0.6851 
 0 575 46 609 53 0.6836 
 322 207 356 237 53 0.6802 
 585 593 619 618 53 0.6772 
 2 29 27 61 53 0.6758 
 96 138 124 171 53 0.6745 
 41 133 78 161 53 0.6626 
 83 4 115 39 53 0.6626 
 12 396 45 433 53 0.6592 
 22 510 61 542 53 0.6554 
 75 673 117 704 53 0.6216 
 121 304 151 338 53 0.6196 
 187 460 223 489 53 0.6177 
 59 95 79 119 53 0.6091 
 1 163 29 187 53 0.6069 
 229 469 265 502 53 0.5898 
 154 306 179 334 53 0.5737 
 295 92 325 118 53 0.5659 
 513 65 541 90 53 0.5591 
 0 677 22 702 53 0.54 
 646 358 673 377 53 0.5352 
 463 600 499 631 53 0.5293 
 45 643 76 674 53 0.5264 
 157 398 182 432 53 0.5146 
 320 258 336 285 53 0.5039 
 79 65 109 97 53 0.4785 
 572 52 589 77 53 0.4773 
 0 87 16 120 53 0.4658 
 568 342 596 368 53 0.4524 
 477 122 519 150 53 0.4321 
 347 226 379 248 53 0.4226 
 217 287 234 310 53 0.4006 
 67 452 97 479 53 0.395 
 460 604 481 631 53 0.3774 
 621 67 647 100 53 0.3694 
 0 480 19 518 53 0.3486 
 157 424 179 447 53 0.3469 
 479 602 497 629 53 0.3433 
 184 222 205 244 53 0.3416 
 353 411 386 441 53 0.3354 
 1 595 14 628 53 0.3311 
 557 496 586 526 53 0.3311 
 110 670 144 704 53 0.3311 
 340 357 359 380 53 0.3235 
 510 506 555 528 53 0.3208 
 440 618 465 650 53 0.3123 
 542 26 556 44 53 0.3089 
 205 602 240 633 53 0.2903 
 188 612 231 649 53 0.2878 
 25 683 54 704 53 0.2751 
 318 608 397 647 53 0.2747 
 318 519 346 540 53 0.2637 
 108 150 144 183 53 0.2612 
 87 100 106 118 53 0.2568 
