566 563 594 589 53 0.6955 
 143 425 169 450 53 0.6789 
 126 418 148 447 53 0.646 
 124 305 149 326 53 0.6437 
 507 566 538 590 53 0.6387 
 229 304 250 327 53 0.5225 
 355 373 386 402 53 0.5205 
 58 163 93 186 53 0.5186 
 331 385 359 406 53 0.502 
 0 350 30 381 53 0.4824 
 70 278 91 306 53 0.4766 
 152 284 173 308 53 0.4717 
 552 548 570 574 53 0.4688 
 167 276 192 305 53 0.4639 
 536 667 565 690 53 0.4561 
 29 181 61 208 53 0.4446 
 110 369 131 392 53 0.4158 
 598 2 639 31 53 0.4016 
 518 678 546 704 53 0.397 
 1 186 26 208 53 0.3968 
 435 663 473 691 53 0.3877 
 500 589 530 615 53 0.3594 
 180 276 206 297 53 0.3442 
 166 351 179 369 53 0.3353 
 621 389 643 416 53 0.3345 
 501 674 516 696 53 0.3091 
 518 419 541 440 53 0.3049 
 116 416 129 432 53 0.2737 
 0 29 21 55 53 0.251 
