535 309 571 346 53 0.8418 
 523 344 555 374 53 0.814 
 457 169 494 201 53 0.793 
 52 249 84 282 53 0.7739 
 80 664 116 697 53 0.7682 
 499 469 529 497 53 0.7661 
 419 473 450 506 53 0.7612 
 167 667 198 696 53 0.7578 
 358 545 384 574 53 0.7501 
 34 537 63 562 53 0.7285 
 443 46 471 74 53 0.7227 
 42 226 68 248 53 0.7174 
 555 552 577 579 53 0.7161 
 458 146 490 167 53 0.7104 
 226 669 252 692 53 0.7065 
 110 664 129 691 53 0.695 
 478 155 508 188 53 0.6919 
 13 265 44 289 53 0.6875 
 35 14 55 37 53 0.6867 
 218 548 247 573 53 0.686 
 233 192 268 228 53 0.6792 
 36 277 59 301 53 0.6789 
 442 288 462 312 53 0.6789 
 526 179 561 208 53 0.6738 
 67 613 97 642 53 0.6733 
 248 404 278 425 53 0.6704 
 589 119 612 144 53 0.6701 
 259 655 294 695 53 0.6689 
 660 356 693 387 53 0.667 
 674 272 695 298 53 0.6623 
 583 210 607 248 53 0.6621 
 552 495 579 526 53 0.6621 
 603 324 624 347 53 0.6489 
 0 317 24 348 53 0.6486 
 54 363 85 386 53 0.6416 
 199 124 231 150 53 0.6333 
 75 347 100 376 53 0.6318 
 406 296 431 318 53 0.6289 
 326 516 353 542 53 0.627 
 152 294 187 328 53 0.6196 
 650 180 681 211 53 0.6177 
 678 31 704 65 53 0.5991 
 85 608 116 639 53 0.5991 
 50 22 77 51 53 0.5981 
 623 344 641 365 53 0.5972 
 36 497 63 522 53 0.5898 
 683 212 700 241 53 0.5735 
 314 340 349 372 53 0.5728 
 102 267 136 290 53 0.5718 
 542 393 563 413 53 0.5679 
 439 482 463 511 53 0.5601 
 60 607 85 632 53 0.5601 
 573 577 604 607 53 0.5571 
 693 283 702 313 53 0.5515 
 281 97 303 126 53 0.5459 
 170 522 196 550 53 0.5459 
 275 637 306 661 53 0.5371 
 560 292 579 312 53 0.5273 
 658 215 685 245 53 0.5264 
 640 530 666 553 53 0.5251 
 495 88 517 111 53 0.5244 
 585 94 624 121 53 0.5195 
 249 80 283 113 53 0.5068 
 537 474 568 498 53 0.501 
 0 294 24 319 53 0.4932 
 24 347 63 370 53 0.4922 
 545 222 569 240 53 0.4871 
 233 56 270 82 53 0.4844 
 464 311 490 342 53 0.4824 
 164 0 193 16 53 0.4766 
 241 467 268 490 53 0.4656 
 458 589 486 622 53 0.4639 
 267 375 287 399 53 0.4558 
 232 394 249 419 53 0.4485 
 320 476 348 510 53 0.4475 
 563 109 590 139 53 0.4321 
 470 492 501 522 53 0.4253 
 182 309 206 340 53 0.4177 
 687 284 704 311 53 0.4111 
 200 51 225 83 53 0.4092 
 514 166 539 192 53 0.4053 
 380 366 409 391 53 0.4045 
 48 499 74 519 53 0.4036 
 497 13 522 33 53 0.4036 
 285 139 325 165 53 0.4036 
 372 436 399 470 53 0.3896 
 331 652 356 679 53 0.3877 
 620 652 641 678 53 0.3865 
 188 467 220 493 53 0.3804 
 0 152 9 171 53 0.3721 
 137 338 155 363 53 0.3657 
 110 329 142 357 53 0.3647 
 170 227 208 261 53 0.363 
 689 73 704 99 53 0.3577 
 660 616 687 636 53 0.3567 
 465 147 503 183 53 0.355 
 8 35 23 57 53 0.3513 
 45 102 76 129 53 0.3425 
 662 585 701 620 53 0.342 
 228 637 258 664 53 0.3398 
 677 378 703 406 53 0.332 
 28 68 48 92 53 0.3302 
 680 343 698 360 53 0.3293 
 438 354 472 382 53 0.3252 
 356 436 378 463 53 0.3241 
 57 541 72 564 53 0.3235 
 219 509 250 531 53 0.3157 
 646 322 671 349 53 0.314 
 674 182 704 214 53 0.3108 
 322 452 341 477 53 0.3081 
 81 75 112 102 53 0.3049 
 618 101 639 130 53 0.304 
 262 648 289 672 53 0.2886 
 360 200 377 224 53 0.2878 
 601 203 629 225 53 0.2861 
 163 286 193 306 53 0.2837 
 694 239 703 258 53 0.2822 
 429 246 457 273 53 0.2798 
 481 493 519 519 53 0.2776 
 208 308 235 334 53 0.2775 
 126 168 155 195 53 0.2712 
 20 58 40 82 53 0.2637 
 188 0 214 15 53 0.2637 
 540 5 578 36 53 0.2561 
