282 90 317 124 53 0.8345 
 181 206 217 239 53 0.8331 
 515 1 556 37 53 0.8315 
 476 426 510 459 53 0.8301 
 649 274 685 306 53 0.8257 
 27 37 63 74 53 0.8223 
 395 144 433 181 53 0.8203 
 165 269 202 301 53 0.8193 
 505 345 550 382 53 0.8174 
 631 128 670 161 53 0.8174 
 85 27 121 57 53 0.817 
 576 251 621 289 53 0.8159 
 120 78 160 112 53 0.8032 
 656 150 693 184 53 0.8018 
 584 108 618 142 53 0.8008 
 131 207 163 241 53 0.7993 
 320 172 356 206 53 0.7988 
 474 261 514 296 53 0.7945 
 47 542 85 581 53 0.7944 
 403 587 432 619 53 0.7944 
 86 576 129 610 53 0.793 
 155 248 185 285 53 0.791 
 433 334 471 366 53 0.7891 
 618 19 648 51 53 0.7886 
 616 109 652 146 53 0.7881 
 65 45 104 76 53 0.7866 
 113 1 150 32 53 0.7808 
 131 339 170 372 53 0.7798 
 203 449 245 482 53 0.7798 
 168 434 202 464 53 0.7725 
 216 390 254 424 53 0.7706 
 131 238 165 266 53 0.7701 
 651 42 689 75 53 0.7692 
 8 502 46 532 53 0.7661 
 598 183 632 222 53 0.7612 
 685 47 704 85 53 0.7589 
 244 341 284 375 53 0.7563 
 626 169 660 202 53 0.7555 
 322 238 356 269 53 0.7422 
 156 75 186 108 53 0.7418 
 472 567 513 599 53 0.7388 
 626 248 664 285 53 0.7383 
 100 64 130 94 53 0.7363 
 461 344 496 377 53 0.709 
 187 633 225 667 53 0.7028 
 445 62 485 105 53 0.7026 
 258 281 291 316 53 0.7017 
 188 167 234 200 53 0.6978 
 70 630 106 661 53 0.6934 
 45 611 82 645 53 0.6899 
 77 185 110 223 53 0.6895 
 208 523 246 557 53 0.6875 
 328 418 369 451 53 0.6621 
 410 293 451 337 53 0.6562 
 208 610 240 640 53 0.627 
 54 341 90 368 53 0.6162 
 233 594 270 621 53 0.6123 
 526 43 556 70 53 0.6047 
 602 463 635 495 53 0.6011 
 506 542 539 572 53 0.5737 
 522 160 560 190 53 0.5669 
 627 283 656 311 53 0.5601 
 423 504 464 537 53 0.5571 
 329 633 364 663 53 0.5352 
 528 393 566 425 53 0.5312 
 689 490 704 521 53 0.5244 
 616 532 647 561 53 0.4883 
 441 89 484 110 53 0.4707 
 671 629 704 661 53 0.4504 
 593 544 626 572 53 0.4141 
 643 22 668 56 53 0.3887 
 686 91 703 121 53 0.3748 
 381 182 418 211 53 0.3748 
 693 471 703 497 53 0.3746 
 364 675 393 701 53 0.3503 
 70 602 104 628 53 0.3496 
 0 61 8 89 53 0.3398 
 638 627 676 659 53 0.332 
 691 88 701 115 53 0.3218 
 165 651 204 681 53 0.2917 
 575 568 616 598 53 0.2893 
 23 630 58 653 53 0.2805 
 668 458 691 488 53 0.2766 
 670 47 700 78 53 0.2644 
 686 473 704 493 53 0.2637 
