293 258 333 294 53 0.874 
 659 73 696 109 53 0.8306 
 641 442 680 475 53 0.8287 
 326 361 360 393 53 0.8267 
 563 506 592 543 53 0.8223 
 342 165 382 203 53 0.8199 
 595 384 638 418 53 0.8193 
 501 439 533 478 53 0.8188 
 373 299 416 343 53 0.8188 
 671 457 704 489 53 0.8165 
 643 660 678 691 53 0.8091 
 587 65 627 104 53 0.8087 
 65 131 108 173 53 0.8042 
 613 507 652 543 53 0.8008 
 253 326 297 367 53 0.8008 
 296 57 324 83 53 0.7993 
 594 449 639 490 53 0.7974 
 461 208 502 242 53 0.796 
 150 219 193 257 53 0.7959 
 638 609 674 642 53 0.79 
 510 505 549 537 53 0.7877 
 425 503 468 539 53 0.7866 
 427 467 466 502 53 0.7866 
 491 464 525 494 53 0.7852 
 584 318 627 355 53 0.7847 
 654 514 690 542 53 0.7832 
 524 439 559 473 53 0.7773 
 587 541 628 582 53 0.7769 
 617 328 650 362 53 0.7744 
 405 234 447 262 53 0.769 
 545 416 584 449 53 0.769 
 187 118 229 152 53 0.7686 
 546 547 585 589 53 0.7622 
 47 393 77 434 53 0.7568 
 655 30 696 64 53 0.7534 
 624 83 656 111 53 0.7456 
 437 254 476 290 53 0.7456 
 607 575 643 608 53 0.7456 
 548 471 580 511 53 0.7441 
 603 260 630 290 53 0.7432 
 360 387 401 420 53 0.7388 
 417 294 442 330 53 0.7277 
 549 606 593 645 53 0.7266 
 605 101 644 133 53 0.7163 
 67 386 114 434 53 0.6982 
 471 542 512 576 53 0.6943 
 314 500 350 527 53 0.6816 
 656 638 688 666 53 0.667 
 637 532 662 554 53 0.6384 
 386 333 418 355 53 0.6353 
 439 557 476 593 53 0.6309 
 614 44 647 76 53 0.625 
 498 303 530 338 53 0.6143 
 636 478 674 511 53 0.6123 
 378 528 418 553 53 0.6113 
 450 329 485 363 53 0.606 
 435 531 469 559 53 0.5928 
 410 477 433 500 53 0.5815 
 460 522 493 553 53 0.5659 
 687 57 704 95 53 0.5581 
 451 414 489 442 53 0.5581 
 666 184 699 209 53 0.5107 
 478 333 502 364 53 0.5029 
 49 367 84 400 53 0.4961 
 609 413 634 443 53 0.4832 
 635 572 652 597 53 0.4707 
 574 490 602 509 53 0.4368 
 17 487 44 516 53 0.4187 
 487 485 505 508 53 0.4158 
 227 389 242 409 53 0.4036 
 693 35 702 64 53 0.3738 
 595 292 616 315 53 0.3711 
 428 513 474 558 53 0.3157 
 212 116 232 146 53 0.3066 
 612 467 643 500 53 0.3008 
 456 292 473 312 53 0.291 
 414 353 456 385 53 0.2698 
 548 493 579 514 53 0.2629 
 336 627 379 653 53 0.2598 
