235 349 269 380 53 0.873 
 415 613 453 642 53 0.8687 
 276 505 310 540 53 0.8682 
 370 414 405 448 53 0.8579 
 331 130 364 160 53 0.8501 
 42 144 78 181 53 0.8472 
 332 264 373 300 53 0.8472 
 235 147 278 183 53 0.8463 
 165 47 205 81 53 0.8447 
 176 117 216 151 53 0.8428 
 205 308 243 342 53 0.8424 
 349 596 390 634 53 0.8423 
 267 359 295 388 53 0.8399 
 303 411 340 442 53 0.8399 
 106 97 143 132 53 0.8389 
 92 138 134 170 53 0.8385 
 503 447 540 481 53 0.8384 
 13 147 46 179 53 0.8374 
 482 636 516 667 53 0.836 
 499 355 530 384 53 0.835 
 338 424 375 455 53 0.8311 
 68 309 108 344 53 0.8306 
 248 410 282 440 53 0.8301 
 335 345 376 385 53 0.8291 
 262 229 300 263 53 0.8257 
 398 391 433 426 53 0.8248 
 167 401 207 435 53 0.8237 
 387 126 425 159 53 0.8228 
 464 451 503 483 53 0.8208 
 191 247 231 282 53 0.8204 
 372 233 405 269 53 0.8198 
 229 566 270 595 53 0.8169 
 452 353 489 382 53 0.8164 
 292 121 331 153 53 0.816 
 174 170 217 205 53 0.8135 
 63 251 108 290 53 0.813 
 285 38 325 70 53 0.8126 
 340 630 380 664 53 0.8126 
 198 0 237 28 53 0.811 
 385 573 423 607 53 0.8086 
 279 318 320 351 53 0.8081 
 0 186 16 220 53 0.7974 
 169 355 208 386 53 0.7974 
 379 312 414 346 53 0.7959 
 0 269 27 300 53 0.7959 
 210 527 249 560 53 0.7949 
 258 289 295 319 53 0.793 
 205 649 245 689 53 0.7886 
 0 576 36 606 53 0.7866 
 358 22 399 55 53 0.7857 
 133 59 170 92 53 0.7857 
 409 66 443 98 53 0.7852 
 259 190 293 227 53 0.7842 
 526 0 567 31 53 0.7812 
 94 186 137 223 53 0.7798 
 198 510 233 541 53 0.777 
 170 274 200 306 53 0.7759 
 39 307 73 338 53 0.7759 
 207 398 241 432 53 0.7744 
 120 357 160 390 53 0.7734 
 135 632 174 666 53 0.7716 
 340 91 379 126 53 0.7695 
 130 278 170 312 53 0.7656 
 0 423 17 453 53 0.756 
 460 648 499 685 53 0.7531 
 178 579 224 619 53 0.7505 
 339 671 370 704 53 0.7501 
 116 315 153 345 53 0.7422 
 46 332 84 369 53 0.7358 
 230 260 255 284 53 0.7345 
 241 1 286 21 53 0.7339 
 151 444 183 476 53 0.7334 
 237 17 265 47 53 0.7285 
 385 192 415 216 53 0.7256 
 74 93 107 129 53 0.7104 
 0 116 14 148 53 0.7077 
 90 18 122 41 53 0.7041 
 16 81 38 107 53 0.6978 
 406 211 429 235 53 0.6769 
 365 91 390 127 53 0.6636 
 374 683 418 704 53 0.6377 
 0 633 33 676 53 0.6299 
 126 156 153 188 53 0.6101 
 219 218 241 251 53 0.5339 
 257 681 304 704 53 0.5225 
 325 680 345 704 53 0.5144 
 229 341 244 366 53 0.5095 
 58 368 79 395 53 0.5 
 91 0 108 17 53 0.4851 
 82 604 124 635 53 0.4688 
 73 339 104 362 53 0.4619 
 481 669 497 691 53 0.4377 
 32 76 61 99 53 0.4331 
 98 103 137 166 53 0.3928 
 462 447 534 487 53 0.3899 
 319 679 365 703 53 0.3757 
 218 72 238 93 53 0.3738 
 339 417 408 455 53 0.3599 
 171 371 208 441 53 0.2874 
 17 630 49 655 53 0.2837 
 93 88 116 123 53 0.283 
 373 387 390 407 53 0.265 
