201 244 229 268 53 0.7739 
 182 252 202 274 53 0.7355 
 509 389 533 412 53 0.7231 
 129 212 155 235 53 0.7083 
 286 276 315 303 53 0.6837 
 526 413 549 433 53 0.6813 
 0 334 23 361 53 0.672 
 666 460 696 482 53 0.6279 
 1 261 26 283 53 0.6184 
 366 43 396 72 53 0.5908 
 172 228 192 256 53 0.5534 
 165 1 199 18 53 0.5508 
 0 360 12 382 53 0.54 
 15 360 39 385 53 0.5381 
 104 346 136 369 53 0.5146 
 572 285 600 311 53 0.501 
 554 437 577 456 53 0.4805 
 428 540 458 564 53 0.4766 
 537 3 554 22 53 0.4568 
 467 380 499 407 53 0.4551 
 338 63 368 85 53 0.4331 
 551 416 573 440 53 0.4292 
 498 358 513 378 53 0.4253 
 676 2 702 26 53 0.4253 
 126 181 156 205 53 0.4185 
 661 278 693 305 53 0.4158 
 452 575 480 597 53 0.4141 
 264 180 296 204 53 0.4102 
 424 371 459 405 53 0.4045 
 439 8 475 36 53 0.3748 
 427 276 461 303 53 0.3657 
 656 0 679 25 53 0.3646 
 590 162 617 186 53 0.3442 
 415 425 437 451 53 0.3337 
 444 428 467 454 53 0.3241 
 130 2 172 16 53 0.3149 
 325 41 338 75 53 0.3098 
 349 87 372 112 53 0.3081 
 474 648 494 678 53 0.3066 
 0 339 20 382 53 0.3032 
 142 155 168 179 53 0.2959 
 22 158 40 180 53 0.2892 
 558 337 570 357 53 0.2836 
 497 507 526 539 53 0.265 
 227 319 257 345 53 0.2622 
 384 153 419 175 53 0.2517 
 246 367 278 391 53 0.251 
