488 373 523 404 53 0.8389 
 557 250 590 282 53 0.8267 
 0 335 28 357 53 0.8257 
 412 389 445 418 53 0.8223 
 423 303 453 331 53 0.8154 
 59 299 89 331 53 0.814 
 536 373 572 402 53 0.8125 
 153 213 182 240 53 0.8105 
 250 204 280 230 53 0.8091 
 214 426 237 452 53 0.8072 
 541 227 570 256 53 0.8057 
 579 318 604 345 53 0.7999 
 33 340 57 366 53 0.7984 
 267 436 300 463 53 0.7939 
 653 283 679 315 53 0.7936 
 525 255 555 282 53 0.7891 
 236 145 265 171 53 0.7881 
 566 347 595 378 53 0.7877 
 56 336 84 362 53 0.7842 
 13 238 46 268 53 0.7827 
 500 241 528 271 53 0.7804 
 228 14 263 47 53 0.7788 
 481 353 512 377 53 0.7773 
 534 522 564 549 53 0.7769 
 279 262 308 287 53 0.7695 
 226 207 247 235 53 0.7692 
 233 450 261 478 53 0.7676 
 629 342 661 370 53 0.7671 
 212 383 239 407 53 0.7671 
 432 375 463 399 53 0.7656 
 278 533 305 564 53 0.7633 
 455 283 484 310 53 0.7622 
 404 238 429 264 53 0.7604 
 590 474 618 499 53 0.7583 
 535 480 570 509 53 0.7583 
 474 628 509 657 53 0.7529 
 524 410 557 443 53 0.7505 
 0 93 20 124 53 0.7501 
 485 449 518 477 53 0.7446 
 647 353 675 378 53 0.7407 
 626 288 657 318 53 0.7378 
 114 147 146 174 53 0.7363 
 604 358 630 385 53 0.731 
 679 411 704 437 53 0.7291 
 385 276 402 301 53 0.7262 
 73 287 101 314 53 0.7256 
 549 498 579 523 53 0.7168 
 358 395 385 418 53 0.7124 
 568 274 598 298 53 0.7056 
 394 302 423 334 53 0.7052 
 661 453 697 479 53 0.7041 
 386 219 413 250 53 0.7023 
 265 464 287 485 53 0.6955 
 134 113 163 137 53 0.6943 
 341 288 364 312 53 0.6891 
 278 165 302 191 53 0.6836 
 39 274 66 303 53 0.6714 
 578 446 608 473 53 0.6689 
 40 391 57 412 53 0.6667 
 589 289 607 313 53 0.6623 
 286 457 309 480 53 0.6589 
 179 362 205 389 53 0.645 
 193 383 214 400 53 0.6393 
 328 628 353 653 53 0.6372 
 502 596 530 626 53 0.6362 
 553 286 569 301 53 0.6309 
 178 260 199 283 53 0.6257 
 477 427 503 450 53 0.6213 
 668 213 693 239 53 0.6159 
 682 345 698 370 53 0.6149 
 614 325 644 345 53 0.6123 
 306 271 329 296 53 0.612 
 141 572 178 599 53 0.6113 
 323 197 352 222 53 0.606 
 615 433 644 458 53 0.606 
 90 213 106 233 53 0.5925 
 511 423 527 447 53 0.5898 
 0 172 15 200 53 0.5869 
 305 159 321 183 53 0.5764 
 679 234 695 254 53 0.5722 
 482 239 506 266 53 0.5705 
 5 21 37 47 53 0.5649 
 232 304 255 328 53 0.5571 
 373 415 401 441 53 0.5557 
 0 300 14 338 53 0.5449 
 240 306 264 330 53 0.5447 
 415 287 436 306 53 0.5342 
 390 366 412 387 53 0.5322 
 490 528 506 551 53 0.531 
 307 447 321 469 53 0.5163 
 85 295 112 322 53 0.5 
 2 190 28 214 53 0.4978 
 559 495 591 523 53 0.4766 
 692 442 703 472 53 0.4727 
 360 278 389 314 53 0.4688 
 443 210 468 231 53 0.4678 
 603 277 630 298 53 0.4648 
 62 206 93 234 53 0.4639 
 305 645 327 667 53 0.4639 
 460 380 487 409 53 0.457 
 331 356 351 378 53 0.4558 
 591 547 622 572 53 0.4331 
 254 287 287 312 53 0.4312 
 432 272 449 289 53 0.4282 
 237 249 260 274 53 0.4272 
 436 237 455 263 53 0.4272 
 547 448 570 469 53 0.4241 
 242 232 256 247 53 0.4187 
 463 385 493 420 53 0.4131 
 112 61 140 84 53 0.4036 
 461 364 485 394 53 0.3914 
 126 465 148 487 53 0.3896 
 192 673 234 701 53 0.3857 
 503 309 519 327 53 0.3774 
 515 530 536 555 53 0.3602 
 108 379 125 400 53 0.3529 
 222 453 236 470 53 0.3511 
 65 380 94 402 53 0.3486 
 237 229 259 252 53 0.3408 
 45 450 70 471 53 0.3398 
 91 374 123 401 53 0.3328 
 558 599 583 620 53 0.3311 
 684 444 704 470 53 0.3242 
 118 198 152 231 53 0.3242 
 490 573 512 598 53 0.3191 
 243 459 285 484 53 0.3191 
 577 584 613 605 53 0.3157 
 554 309 568 332 53 0.3057 
 248 120 269 142 53 0.3008 
 459 510 477 531 53 0.2949 
 432 482 454 504 53 0.2712 
 100 488 113 521 53 0.2681 
 374 584 401 604 53 0.2651 
