292 273 325 300 53 0.6978 
 535 236 556 262 53 0.6813 
 685 383 703 407 53 0.6779 
 654 251 683 280 53 0.6764 
 78 350 112 376 53 0.5991 
 490 390 517 414 53 0.583 
 420 414 451 435 53 0.5776 
 662 323 684 345 53 0.5735 
 139 415 161 440 53 0.5688 
 574 366 608 387 53 0.564 
 199 303 233 326 53 0.5581 
 517 243 542 273 53 0.4941 
 630 317 659 339 53 0.4688 
 651 149 678 174 53 0.4387 
 431 335 460 358 53 0.4351 
 271 187 303 207 53 0.4282 
 455 454 483 472 53 0.4065 
 199 175 230 199 53 0.3748 
 634 471 653 486 53 0.363 
 16 0 48 19 53 0.3276 
 170 173 189 194 53 0.3157 
 423 394 432 410 53 0.3055 
 665 361 682 378 53 0.3008 
 34 377 47 391 53 0.2949 
 65 435 84 453 53 0.2916 
 293 243 320 267 53 0.2854 
 611 318 630 337 53 0.2681 
 693 156 703 182 53 0.2568 
