82 514 121 546 53 0.8418 
 454 37 496 71 53 0.8414 
 277 265 307 298 53 0.8374 
 266 346 303 380 53 0.8374 
 642 324 682 360 53 0.8355 
 661 301 704 340 53 0.8354 
 640 251 677 283 53 0.8282 
 139 225 174 259 53 0.8257 
 374 333 413 369 53 0.8242 
 415 233 451 268 53 0.818 
 95 374 123 404 53 0.8174 
 480 181 514 211 53 0.811 
 142 113 179 144 53 0.8081 
 116 573 145 606 53 0.8076 
 58 310 88 336 53 0.8066 
 210 240 244 270 53 0.8003 
 335 142 371 175 53 0.7983 
 449 243 479 273 53 0.7944 
 25 365 59 395 53 0.793 
 481 220 520 255 53 0.7925 
 393 121 428 156 53 0.792 
 234 300 264 331 53 0.7905 
 657 215 690 244 53 0.7871 
 32 67 63 98 53 0.7866 
 629 136 670 173 53 0.7852 
 97 190 128 221 53 0.7852 
 582 259 624 296 53 0.7852 
 358 329 381 364 53 0.7812 
 543 183 578 216 53 0.7794 
 626 199 663 227 53 0.7793 
 273 495 307 527 53 0.7788 
 138 1 175 34 53 0.7788 
 262 237 301 270 53 0.7788 
 573 350 608 388 53 0.7778 
 521 310 557 340 53 0.7769 
 152 190 192 228 53 0.7754 
 288 383 326 414 53 0.7739 
 654 365 696 395 53 0.7735 
 370 146 409 179 53 0.7695 
 14 264 38 292 53 0.7671 
 124 331 159 360 53 0.7661 
 16 112 47 145 53 0.7653 
 164 588 199 621 53 0.7653 
 147 529 187 561 53 0.7642 
 567 196 609 229 53 0.7627 
 648 389 678 418 53 0.7627 
 245 448 278 479 53 0.7622 
 10 628 42 657 53 0.7612 
 132 413 170 446 53 0.7607 
 679 602 704 638 53 0.7593 
 257 98 291 131 53 0.7593 
 302 429 340 462 53 0.7555 
 276 446 313 476 53 0.7531 
 381 399 409 431 53 0.7516 
 264 331 282 361 53 0.7511 
 197 554 230 589 53 0.7471 
 40 255 68 283 53 0.7452 
 684 139 703 171 53 0.7438 
 60 371 92 397 53 0.7422 
 233 493 262 520 53 0.7388 
 122 210 146 239 53 0.7363 
 110 535 148 571 53 0.7363 
 64 96 91 128 53 0.736 
 91 268 119 304 53 0.7358 
 363 262 396 295 53 0.7334 
 217 273 254 301 53 0.7319 
 196 206 231 239 53 0.731 
 32 536 69 564 53 0.731 
 7 63 36 92 53 0.7277 
 382 54 408 81 53 0.7267 
 0 419 26 446 53 0.7241 
 228 132 270 171 53 0.7227 
 482 113 516 140 53 0.7212 
 136 140 159 164 53 0.7192 
 187 236 214 260 53 0.7188 
 441 76 470 104 53 0.7135 
 20 213 47 239 53 0.709 
 3 140 42 163 53 0.708 
 662 569 704 605 53 0.7028 
 37 626 64 653 53 0.6992 
 546 353 580 385 53 0.6982 
 194 287 224 315 53 0.6953 
 63 667 101 698 53 0.6953 
 518 191 548 224 53 0.6934 
 0 196 16 230 53 0.6929 
 4 363 26 388 53 0.6919 
 58 529 82 556 53 0.6916 
 215 99 256 135 53 0.6899 
 37 483 65 510 53 0.6891 
 302 259 330 294 53 0.686 
 456 503 489 533 53 0.686 
 322 516 356 550 53 0.6841 
 63 253 91 280 53 0.6833 
 333 237 357 269 53 0.6807 
 0 514 22 535 53 0.6755 
 113 292 149 326 53 0.6748 
 670 414 704 442 53 0.6733 
 82 51 115 80 53 0.6714 
 536 659 570 690 53 0.6665 
 555 60 587 86 53 0.6646 
 176 331 206 353 53 0.6636 
 687 643 703 677 53 0.6608 
 356 403 384 435 53 0.6523 
 172 284 199 303 53 0.6489 
 64 470 94 494 53 0.6426 
 607 47 653 81 53 0.6421 
 50 350 75 373 53 0.6318 
 99 609 131 640 53 0.6309 
 411 108 434 135 53 0.626 
 97 3 131 31 53 0.6216 
 167 130 190 160 53 0.6152 
 73 448 111 478 53 0.6152 
 128 64 166 91 53 0.6113 
 617 385 646 412 53 0.606 
 272 547 307 574 53 0.6057 
 445 205 478 236 53 0.605 
 278 587 301 617 53 0.603 
 311 405 338 430 53 0.603 
 36 652 67 681 53 0.6001 
 450 527 493 563 53 0.5991 
 224 219 263 247 53 0.5889 
 190 411 220 443 53 0.5757 
 460 267 492 304 53 0.5747 
 419 610 452 640 53 0.5735 
 614 636 647 664 53 0.5718 
 683 478 704 512 53 0.564 
 418 28 449 49 53 0.562 
 275 404 302 426 53 0.5601 
 295 517 325 547 53 0.5566 
 33 576 60 609 53 0.5554 
 359 307 389 329 53 0.543 
 422 145 446 175 53 0.5332 
 524 231 549 261 53 0.5293 
 371 79 406 101 53 0.5254 
 161 350 192 369 53 0.5225 
 555 0 583 14 53 0.5195 
 651 496 692 530 53 0.5146 
 676 549 704 581 53 0.5107 
 196 59 218 89 53 0.5068 
 376 617 404 651 53 0.5029 
 142 85 172 106 53 0.4971 
 100 237 126 267 53 0.4873 
 445 171 481 202 53 0.4854 
 101 544 115 569 53 0.4766 
 54 607 87 638 53 0.4766 
 207 156 232 184 53 0.4561 
 394 645 420 672 53 0.4463 
 269 479 295 503 53 0.4446 
 565 681 604 703 53 0.4387 
 103 655 130 682 53 0.4351 
 123 0 153 19 53 0.4351 
 285 163 301 187 53 0.4329 
 613 214 631 233 53 0.4319 
 152 44 192 70 53 0.4312 
 100 304 131 331 53 0.4233 
 375 32 393 59 53 0.4197 
 236 402 264 423 53 0.4131 
 421 443 446 469 53 0.4121 
 114 239 148 265 53 0.4121 
 170 307 197 330 53 0.4072 
 194 314 222 341 53 0.4065 
 651 47 671 70 53 0.4004 
 228 574 247 601 53 0.3987 
 480 273 501 304 53 0.3943 
 51 579 81 609 53 0.3877 
 314 580 340 602 53 0.3831 
 0 1 34 43 53 0.373 
 253 528 295 568 53 0.3694 
 259 403 281 433 53 0.3684 
 40 48 65 70 53 0.3674 
 213 144 239 180 53 0.3604 
 514 377 545 407 53 0.3594 
 565 314 588 344 53 0.3469 
 102 538 123 572 53 0.3408 
 378 126 425 174 53 0.3315 
 477 91 507 112 53 0.3235 
 242 205 267 246 53 0.3081 
 115 531 183 573 53 0.3074 
 192 237 239 263 53 0.304 
 332 280 355 302 53 0.3014 
 215 135 255 176 53 0.2949 
 93 219 106 240 53 0.2776 
 250 542 274 567 53 0.2766 
 58 36 85 64 53 0.2737 
 256 514 292 547 53 0.2737 
 416 7 444 30 53 0.2672 
 604 0 632 13 53 0.2629 
 286 93 300 113 53 0.2596 
 425 281 445 302 53 0.2546 
 641 224 679 295 53 0.2546 
