457 259 492 289 53 0.792 
 300 362 336 397 53 0.7687 
 7 396 36 420 53 0.7559 
 389 53 424 82 53 0.7515 
 623 210 664 243 53 0.7446 
 452 201 485 233 53 0.7393 
 40 7 77 38 53 0.7324 
 292 458 333 493 53 0.7231 
 367 17 401 47 53 0.7188 
 616 339 648 364 53 0.7168 
 90 91 125 123 53 0.71 
 2 170 30 193 53 0.6807 
 186 249 218 273 53 0.6807 
 212 176 246 210 53 0.6577 
 202 269 222 293 53 0.6545 
 112 415 149 447 53 0.6436 
 324 135 354 166 53 0.6416 
 584 232 621 273 53 0.6392 
 0 339 36 373 53 0.6362 
 387 107 420 129 53 0.6353 
 273 235 301 259 53 0.6133 
 173 384 202 416 53 0.5679 
 558 0 587 26 53 0.563 
 447 178 481 205 53 0.5537 
 680 343 704 367 53 0.5439 
 546 0 576 27 53 0.543 
 0 59 25 89 53 0.529 
 278 347 308 373 53 0.5215 
 138 177 171 202 53 0.5176 
 327 464 358 495 53 0.5049 
 548 343 579 365 53 0.4873 
 68 367 101 401 53 0.4707 
 285 187 315 216 53 0.4609 
 434 337 474 381 53 0.4248 
 119 59 141 89 53 0.4131 
 237 282 258 298 53 0.4131 
 28 331 44 353 53 0.3931 
 70 644 106 671 53 0.384 
 525 328 555 358 53 0.3667 
 164 494 196 519 53 0.3667 
 0 79 10 103 53 0.3594 
 477 223 502 248 53 0.3293 
 0 80 13 117 53 0.3115 
 564 650 593 682 53 0.3032 
 695 432 702 454 53 0.2886 
 640 519 672 540 53 0.2861 
 353 165 375 187 53 0.2815 
 83 345 101 365 53 0.2598 
 288 352 324 378 53 0.2576 
 0 445 14 477 53 0.2554 
 626 535 660 558 53 0.2532 
