616 532 651 563 53 0.8491 
 59 406 90 433 53 0.8276 
 63 61 99 92 53 0.8091 
 102 205 128 238 53 0.7999 
 100 392 135 422 53 0.7944 
 171 55 198 83 53 0.792 
 150 90 183 117 53 0.79 
 45 284 72 321 53 0.7861 
 174 289 198 317 53 0.7857 
 339 368 370 402 53 0.7828 
 647 428 678 456 53 0.7788 
 103 28 137 55 53 0.7765 
 420 479 456 511 53 0.7754 
 51 80 77 101 53 0.7744 
 605 649 643 684 53 0.7739 
 15 444 43 478 53 0.7672 
 197 62 230 94 53 0.7627 
 643 658 675 684 53 0.7607 
 596 409 627 436 53 0.7598 
 115 529 145 560 53 0.7568 
 329 319 361 351 53 0.7544 
 361 401 392 427 53 0.752 
 306 332 336 360 53 0.7446 
 19 74 56 109 53 0.7443 
 556 329 588 355 53 0.7422 
 94 322 124 352 53 0.7417 
 23 322 48 351 53 0.7407 
 535 303 567 329 53 0.7378 
 0 316 22 347 53 0.733 
 489 505 521 534 53 0.7319 
 146 439 181 472 53 0.731 
 124 197 149 221 53 0.7285 
 566 603 587 625 53 0.7277 
 139 259 168 283 53 0.7266 
 52 432 84 461 53 0.7227 
 136 395 169 426 53 0.7202 
 173 352 194 380 53 0.7184 
 289 301 321 329 53 0.7163 
 2 484 32 510 53 0.7124 
 237 521 277 555 53 0.7121 
 175 594 207 625 53 0.71 
 403 130 433 159 53 0.709 
 204 367 223 396 53 0.7077 
 635 49 670 82 53 0.7075 
 133 26 163 54 53 0.7075 
 311 454 347 484 53 0.7065 
 410 387 446 416 53 0.6982 
 537 209 575 236 53 0.6968 
 185 16 213 41 53 0.6953 
 42 458 82 495 53 0.6943 
 650 1 690 31 53 0.6929 
 297 463 319 492 53 0.6916 
 569 376 604 411 53 0.6836 
 209 419 245 451 53 0.6802 
 43 388 77 415 53 0.6768 
 3 48 29 77 53 0.6758 
 268 345 300 373 53 0.6748 
 652 534 689 564 53 0.6724 
 554 165 583 193 53 0.6646 
 97 657 128 687 53 0.6646 
 598 361 628 399 53 0.6636 
 182 80 205 110 53 0.6626 
 279 120 305 154 53 0.6611 
 483 172 503 194 53 0.6598 
 364 345 400 377 53 0.6582 
 427 96 451 130 53 0.6577 
 326 578 353 603 53 0.6567 
 375 445 402 475 53 0.651 
 164 579 188 614 53 0.6507 
 456 485 487 513 53 0.646 
 573 670 604 700 53 0.644 
 597 529 620 556 53 0.6416 
 586 324 618 354 53 0.6396 
 0 412 34 445 53 0.6353 
 369 370 395 399 53 0.6343 
 677 21 704 49 53 0.6323 
 278 653 306 685 53 0.6306 
 299 122 323 155 53 0.6257 
 36 592 72 626 53 0.6167 
 14 357 47 383 53 0.6133 
 209 500 231 532 53 0.613 
 662 638 693 670 53 0.6104 
 161 394 179 422 53 0.6084 
 23 51 50 77 53 0.6069 
 541 379 572 408 53 0.6069 
 148 179 173 205 53 0.5972 
 467 535 482 563 53 0.5969 
 653 407 675 433 53 0.5962 
 2 82 27 113 53 0.5947 
 136 238 160 255 53 0.5928 
 675 66 704 104 53 0.5918 
 537 35 562 65 53 0.5905 
 129 510 174 538 53 0.5898 
 138 585 169 616 53 0.5898 
 256 490 272 513 53 0.5886 
 343 398 363 427 53 0.5869 
 459 102 482 121 53 0.5866 
 383 240 407 264 53 0.5866 
 520 669 560 703 53 0.5859 
 205 470 236 498 53 0.585 
 447 310 483 343 53 0.582 
 132 491 155 517 53 0.5806 
 531 59 567 87 53 0.5796 
 307 81 340 109 53 0.5796 
 265 578 297 604 53 0.5786 
 393 497 423 518 53 0.5776 
 623 377 662 410 53 0.5767 
 175 20 199 48 53 0.5757 
 408 535 440 560 53 0.5679 
 94 514 124 545 53 0.5637 
 44 492 64 516 53 0.5578 
 482 2 513 25 53 0.5547 
 154 474 182 506 53 0.5469 
 405 170 430 197 53 0.542 
 465 354 501 381 53 0.54 
 130 387 145 410 53 0.5349 
 152 214 174 230 53 0.5332 
 429 526 460 545 53 0.5332 
 550 8 580 36 53 0.5283 
 365 676 403 703 53 0.5234 
 525 1 543 23 53 0.5232 
 327 357 351 380 53 0.5166 
 80 337 101 360 53 0.5146 
 669 429 692 456 53 0.5088 
 77 493 106 517 53 0.501 
 473 614 508 641 53 0.498 
 438 145 467 168 53 0.4961 
 250 114 270 136 53 0.4959 
 610 589 635 614 53 0.4959 
 341 664 360 686 53 0.4929 
 59 42 85 59 53 0.4902 
 552 141 584 162 53 0.4902 
 589 656 612 684 53 0.4863 
 566 227 595 253 53 0.4854 
 457 631 487 658 53 0.4834 
 666 509 688 533 53 0.4763 
 165 282 179 303 53 0.4697 
 165 510 197 545 53 0.4639 
 566 654 591 677 53 0.4639 
 394 535 411 563 53 0.4619 
 0 654 13 684 53 0.4609 
 132 560 169 589 53 0.4561 
 196 649 235 682 53 0.4504 
 190 487 214 513 53 0.4436 
 636 110 665 133 53 0.4417 
 300 72 312 99 53 0.4397 
 36 418 60 450 53 0.4397 
 552 358 572 385 53 0.4351 
 535 105 564 136 53 0.4282 
 110 425 136 446 53 0.4272 
 359 33 381 66 53 0.4243 
 398 374 423 410 53 0.4207 
 270 483 305 510 53 0.4187 
 659 36 688 58 53 0.4148 
 486 227 516 254 53 0.4141 
 96 0 117 19 53 0.4121 
 369 563 393 594 53 0.4045 
 144 88 153 112 53 0.4014 
 108 636 138 668 53 0.3999 
 239 416 258 440 53 0.395 
 87 367 107 396 53 0.3877 
 105 181 122 206 53 0.384 
 503 44 536 69 53 0.3794 
 298 606 325 632 53 0.3792 
 49 675 83 704 53 0.3774 
 312 491 341 522 53 0.373 
 351 317 378 345 53 0.3655 
 39 345 60 365 53 0.3611 
 301 257 325 279 53 0.3611 
 0 342 8 368 53 0.3459 
 493 156 521 181 53 0.3389 
 472 465 500 488 53 0.332 
 0 111 15 136 53 0.3259 
 338 43 365 68 53 0.3242 
 221 348 243 373 53 0.3235 
 184 507 210 537 53 0.3091 
 295 107 320 126 53 0.3091 
 323 289 359 322 53 0.3032 
 608 84 644 109 53 0.2998 
 240 82 264 101 53 0.2974 
 352 293 370 316 53 0.2886 
 601 475 624 498 53 0.2886 
 389 112 405 136 53 0.2878 
 190 82 213 109 53 0.2751 
 575 514 599 546 53 0.2744 
 103 2 133 27 53 0.2705 
 500 661 520 686 53 0.2689 
 92 490 117 519 53 0.2673 
 346 83 366 110 53 0.2666 
 87 60 103 89 53 0.2629 
 532 506 567 531 53 0.259 
 672 399 703 428 53 0.2532 
 321 354 362 393 53 0.2517 
