485 82 520 112 53 0.7812 
 51 523 87 556 53 0.7202 
 566 132 602 166 53 0.7168 
 532 514 574 560 53 0.6934 
 600 116 635 143 53 0.6772 
 576 523 615 559 53 0.6758 
 647 1 674 26 53 0.6704 
 1 406 39 438 53 0.6523 
 495 0 530 23 53 0.6372 
 501 65 538 90 53 0.6289 
 494 322 530 353 53 0.5928 
 48 403 92 446 53 0.564 
 439 252 471 281 53 0.5488 
 468 369 494 395 53 0.5459 
 467 279 505 311 53 0.5225 
 567 339 598 364 53 0.5225 
 21 481 51 510 53 0.5059 
 534 118 565 147 53 0.4971 
 119 208 145 242 53 0.4951 
 399 116 437 142 53 0.4951 
 2 178 24 207 53 0.4949 
 524 89 557 122 53 0.4893 
 530 395 567 418 53 0.4854 
 147 400 171 432 53 0.4834 
 469 69 500 98 53 0.4717 
 585 164 609 188 53 0.4666 
 0 80 31 110 53 0.4658 
 595 143 633 166 53 0.4658 
 338 207 368 234 53 0.4629 
 624 108 647 130 53 0.4543 
 150 89 178 116 53 0.4465 
 484 384 511 414 53 0.4436 
 38 52 71 80 53 0.4377 
 178 89 211 119 53 0.4351 
 406 297 438 322 53 0.4272 
 35 385 58 416 53 0.4216 
 377 158 410 196 53 0.4141 
 310 280 336 310 53 0.4065 
 626 0 658 18 53 0.4036 
 290 195 309 220 53 0.4016 
 53 347 86 372 53 0.397 
 606 376 635 402 53 0.3857 
 96 434 118 465 53 0.3804 
 353 95 386 128 53 0.3674 
 609 23 635 42 53 0.3673 
 0 480 23 514 53 0.3647 
 460 346 486 368 53 0.353 
 399 647 432 675 53 0.3459 
 581 414 616 436 53 0.3433 
 126 247 148 274 53 0.3328 
 487 427 523 453 53 0.3157 
 0 41 9 67 53 0.3097 
 317 197 342 224 53 0.3015 
 107 178 134 212 53 0.3008 
 40 395 60 422 53 0.2935 
 449 0 469 12 53 0.2903 
 357 161 378 193 53 0.2886 
 439 102 459 129 53 0.2737 
 590 491 617 518 53 0.2727 
 497 497 530 522 53 0.2651 
 612 0 635 20 53 0.2637 
 574 107 605 130 53 0.2637 
 0 403 22 433 53 0.2612 
 344 136 374 165 53 0.2598 
 559 72 585 96 53 0.2554 
 94 210 123 242 53 0.2524 
