102 0 137 27 53 0.7778 
 517 143 548 173 53 0.6953 
 460 475 485 505 53 0.6792 
 480 491 501 513 53 0.672 
 478 460 507 490 53 0.6714 
 387 323 420 350 53 0.6636 
 509 463 538 489 53 0.6598 
 430 329 465 357 53 0.6582 
 353 113 377 140 53 0.6501 
 668 202 696 226 53 0.6423 
 324 65 354 90 53 0.6333 
 651 129 684 155 53 0.6206 
 107 660 135 686 53 0.6206 
 212 117 245 146 53 0.6123 
 423 9 454 33 53 0.606 
 118 115 146 136 53 0.5898 
 200 400 231 425 53 0.541 
 396 64 422 89 53 0.5391 
 61 0 96 16 53 0.5166 
 421 45 450 67 53 0.501 
 161 483 191 511 53 0.501 
 334 94 361 116 53 0.4834 
 394 16 420 38 53 0.4783 
 370 287 394 311 53 0.4636 
 430 396 453 417 53 0.4368 
 501 394 525 420 53 0.4321 
 602 116 639 158 53 0.405 
 640 0 664 15 53 0.4016 
 474 28 508 53 53 0.3943 
 524 74 549 99 53 0.3904 
 239 197 277 229 53 0.3748 
 664 0 688 17 53 0.3694 
 135 658 159 681 53 0.363 
 484 371 511 395 53 0.3477 
 575 413 597 430 53 0.345 
 75 668 105 690 53 0.3345 
 333 359 371 388 53 0.3337 
 104 74 141 101 53 0.2917 
 432 150 464 175 53 0.2776 
 132 62 162 87 53 0.2612 
 445 314 476 338 53 0.2612 
 590 316 621 342 53 0.2554 
 570 162 590 182 53 0.2524 
 448 0 475 16 53 0.2502 
