676 388 704 417 53 0.8472 
 480 160 515 186 53 0.8447 
 348 88 377 116 53 0.8223 
 311 227 336 254 53 0.8214 
 163 261 190 291 53 0.8199 
 570 251 599 274 53 0.8188 
 249 294 278 324 53 0.8164 
 577 493 606 520 53 0.8141 
 330 205 357 236 53 0.813 
 138 110 168 133 53 0.8105 
 308 78 340 106 53 0.8042 
 428 153 455 174 53 0.7983 
 291 334 322 358 53 0.7983 
 216 347 249 374 53 0.792 
 62 515 87 543 53 0.7897 
 270 279 301 308 53 0.7891 
 504 7 529 31 53 0.7828 
 283 147 313 172 53 0.7827 
 620 470 644 493 53 0.7818 
 226 251 259 285 53 0.7812 
 602 153 630 191 53 0.7773 
 353 412 379 439 53 0.7759 
 44 486 64 512 53 0.7732 
 598 443 623 463 53 0.7692 
 181 279 203 301 53 0.7682 
 669 86 698 109 53 0.7671 
 302 275 321 306 53 0.7667 
 515 171 544 199 53 0.7642 
 343 159 366 181 53 0.7633 
 49 541 78 566 53 0.7598 
 249 177 276 203 53 0.7593 
 583 315 609 341 53 0.7583 
 245 331 276 356 53 0.7578 
 42 437 70 464 53 0.7559 
 559 87 585 109 53 0.7516 
 174 55 204 77 53 0.7505 
 262 365 289 387 53 0.7501 
 488 32 507 57 53 0.7487 
 472 118 500 140 53 0.7485 
 264 219 282 243 53 0.7467 
 0 546 23 578 53 0.7452 
 582 180 602 200 53 0.7402 
 668 568 694 595 53 0.7374 
 273 257 300 280 53 0.7358 
 276 172 305 195 53 0.7339 
 638 448 658 470 53 0.7324 
 480 250 507 275 53 0.7305 
 603 464 625 487 53 0.7302 
 654 474 674 493 53 0.7266 
 685 128 703 151 53 0.721 
 430 172 456 190 53 0.7199 
 339 127 368 146 53 0.7168 
 100 281 141 314 53 0.715 
 74 386 100 415 53 0.7148 
 501 186 520 210 53 0.7093 
 374 142 397 166 53 0.7065 
 589 518 614 546 53 0.7041 
 670 472 690 498 53 0.6999 
 634 323 659 352 53 0.6943 
 558 159 584 180 53 0.6934 
 429 223 446 246 53 0.6927 
 20 509 52 532 53 0.6919 
 677 337 702 359 53 0.6899 
 569 8 593 27 53 0.6834 
 238 144 263 176 53 0.6826 
 269 158 292 179 53 0.6792 
 541 205 563 229 53 0.6768 
 255 0 286 22 53 0.6758 
 477 363 502 386 53 0.6735 
 55 463 71 484 53 0.6683 
 2 348 22 373 53 0.6636 
 115 250 133 271 53 0.6589 
 437 205 454 227 53 0.6504 
 650 331 675 357 53 0.6426 
 634 242 652 263 53 0.6413 
 618 389 639 405 53 0.6306 
 376 445 401 471 53 0.6266 
 539 6 556 25 53 0.6247 
 479 185 493 200 53 0.6245 
 353 141 378 161 53 0.6223 
 570 68 595 93 53 0.6187 
 21 557 46 581 53 0.6167 
 681 280 702 303 53 0.6159 
 649 541 673 564 53 0.611 
 38 277 60 293 53 0.6104 
 668 434 695 460 53 0.6084 
 341 280 368 300 53 0.606 
 137 272 157 294 53 0.6021 
 627 572 657 603 53 0.6021 
 330 108 349 127 53 0.5944 
 477 334 493 358 53 0.5925 
 169 247 190 262 53 0.5869 
 685 584 704 612 53 0.5869 
 675 417 698 436 53 0.584 
 0 502 14 524 53 0.5815 
 354 282 369 303 53 0.5767 
 332 279 353 303 53 0.5718 
 325 273 346 292 53 0.5698 
 620 2 645 18 53 0.5695 
 247 388 273 408 53 0.5627 
 561 339 577 365 53 0.5518 
 65 485 87 508 53 0.5456 
 328 285 346 310 53 0.5361 
 690 285 702 307 53 0.5352 
 689 556 704 586 53 0.5303 
 442 384 467 420 53 0.5283 
 569 204 590 223 53 0.5281 
 52 513 65 532 53 0.5215 
 25 329 49 347 53 0.5183 
 617 138 649 165 53 0.5166 
 217 95 241 116 53 0.5095 
 561 226 576 243 53 0.5049 
 481 211 502 239 53 0.4871 
 306 63 324 85 53 0.4834 
 242 314 261 335 53 0.4775 
 671 440 701 473 53 0.4775 
 651 246 670 263 53 0.4756 
 260 40 279 59 53 0.4724 
 384 95 415 114 53 0.4717 
 0 473 12 495 53 0.4658 
 690 253 703 276 53 0.4658 
 182 324 210 349 53 0.4648 
 488 209 503 232 53 0.4272 
 113 584 147 615 53 0.4141 
 506 641 527 663 53 0.4109 
 231 296 247 314 53 0.3857 
 247 373 268 400 53 0.3774 
 20 248 50 267 53 0.3767 
 84 579 116 607 53 0.3477 
 264 350 287 368 53 0.3425 
 590 354 599 373 53 0.3407 
 204 302 221 322 53 0.3381 
 674 562 703 604 53 0.3269 
 338 71 353 89 53 0.3259 
 498 658 515 682 53 0.3225 
 365 154 382 175 53 0.3218 
 478 179 499 204 53 0.3184 
 2 604 15 624 53 0.3174 
 368 83 381 101 53 0.3174 
 535 677 572 701 53 0.3167 
 438 561 462 584 53 0.314 
 374 435 396 460 53 0.3108 
 242 0 258 13 53 0.2974 
 0 476 17 502 53 0.2966 
 442 178 463 202 53 0.2966 
 47 511 72 536 53 0.2966 
 479 220 496 242 53 0.2878 
