10 211 46 242 53 0.8438 
 397 30 422 54 53 0.8399 
 483 99 508 119 53 0.8326 
 438 144 467 172 53 0.8296 
 299 497 326 522 53 0.8282 
 290 461 313 493 53 0.8233 
 445 356 475 379 53 0.8198 
 443 218 471 242 53 0.8023 
 419 313 444 336 53 0.7983 
 194 655 224 684 53 0.797 
 199 50 233 75 53 0.7949 
 227 658 259 685 53 0.7936 
 380 30 401 59 53 0.7932 
 378 106 401 131 53 0.7854 
 165 412 194 442 53 0.774 
 304 449 337 479 53 0.772 
 109 236 148 271 53 0.7705 
 420 86 450 110 53 0.7676 
 71 181 101 204 53 0.7612 
 345 109 371 134 53 0.7576 
 311 144 331 168 53 0.756 
 167 189 196 211 53 0.7505 
 399 357 433 380 53 0.75 
 480 437 513 462 53 0.75 
 125 35 158 62 53 0.7476 
 100 54 125 73 53 0.7471 
 432 34 454 58 53 0.7452 
 340 623 367 648 53 0.7399 
 0 182 16 206 53 0.7349 
 357 23 385 49 53 0.7345 
 208 468 234 491 53 0.7321 
 50 28 81 53 53 0.7285 
 315 3 340 26 53 0.728 
 58 1 89 28 53 0.7212 
 306 95 338 125 53 0.7188 
 201 264 228 288 53 0.7171 
 567 281 595 306 53 0.7101 
 337 353 356 378 53 0.7072 
 205 583 228 607 53 0.7062 
 524 4 552 24 53 0.7056 
 88 37 114 63 53 0.7051 
 151 670 175 695 53 0.7038 
 168 678 207 703 53 0.7031 
 249 451 277 474 53 0.7002 
 153 229 171 255 53 0.6916 
 328 299 353 323 53 0.6867 
 346 445 364 464 53 0.6867 
 189 566 220 590 53 0.6841 
 466 88 481 109 53 0.6764 
 434 170 459 198 53 0.6758 
 291 659 322 685 53 0.6748 
 113 280 140 305 53 0.6646 
 556 276 580 298 53 0.6611 
 501 62 523 82 53 0.6589 
 237 29 260 52 53 0.6579 
 0 32 15 54 53 0.6567 
 403 485 430 506 53 0.646 
 196 164 219 191 53 0.644 
 398 174 418 195 53 0.632 
 428 362 446 387 53 0.632 
 480 286 501 311 53 0.6232 
 531 420 550 441 53 0.6213 
 215 174 233 192 53 0.6177 
 262 293 290 312 53 0.6167 
 688 271 703 294 53 0.6133 
 495 221 518 236 53 0.5981 
 165 2 180 13 53 0.5898 
 133 226 157 253 53 0.5898 
 51 661 69 683 53 0.5896 
 457 327 478 345 53 0.5889 
 229 53 253 76 53 0.5728 
 177 461 201 485 53 0.5725 
 475 80 501 106 53 0.5708 
 499 470 521 491 53 0.5601 
 422 415 441 431 53 0.5527 
 324 570 348 592 53 0.5361 
 622 87 641 109 53 0.53 
 77 4 101 29 53 0.5293 
 436 202 458 224 53 0.5222 
 522 629 543 648 53 0.5183 
 178 46 199 66 53 0.5076 
 568 196 590 217 53 0.5046 
 616 56 641 79 53 0.4998 
 450 289 471 304 53 0.4854 
 554 619 579 644 53 0.4824 
 507 398 530 415 53 0.4812 
 242 86 261 103 53 0.4512 
 161 1 185 17 53 0.4485 
 353 382 375 397 53 0.4417 
 119 0 143 15 53 0.4321 
 51 223 78 252 53 0.4282 
 638 478 655 493 53 0.4146 
 266 319 285 338 53 0.4119 
 679 153 701 177 53 0.4082 
 195 441 218 463 53 0.4024 
 0 322 8 352 53 0.3933 
 551 232 571 248 53 0.3914 
 503 500 525 520 53 0.3857 
 608 22 628 47 53 0.3831 
 520 190 542 209 53 0.3794 
 289 636 317 658 53 0.373 
 274 661 291 681 53 0.3699 
 662 153 680 174 53 0.3592 
 606 590 625 616 53 0.3452 
 693 36 702 58 53 0.3441 
 442 201 456 216 53 0.3433 
 459 64 476 86 53 0.3425 
 575 608 593 632 53 0.332 
 340 1 356 14 53 0.332 
 193 571 224 601 53 0.3311 
 601 198 621 214 53 0.3276 
 494 519 516 538 53 0.3252 
 506 589 523 613 53 0.3252 
 356 45 376 60 53 0.3174 
 570 361 588 383 53 0.3149 
 267 149 287 168 53 0.3106 
 502 185 522 208 53 0.3098 
 581 591 604 613 53 0.3025 
 514 62 528 79 53 0.2974 
 340 430 357 446 53 0.2948 
 232 450 247 472 53 0.2925 
 624 189 645 208 53 0.2783 
 407 448 423 469 53 0.2744 
 321 1 359 19 53 0.2681 
 268 636 298 662 53 0.2605 
 486 376 499 392 53 0.2545 
