444 64 484 104 53 0.8619 
 484 415 530 456 53 0.8613 
 563 22 609 63 53 0.8604 
 44 414 90 458 53 0.8452 
 265 95 311 138 53 0.8394 
 346 145 385 184 53 0.8384 
 485 134 532 172 53 0.8306 
 323 365 369 403 53 0.8296 
 553 474 602 518 53 0.8271 
 633 125 682 164 53 0.8267 
 389 283 436 328 53 0.8267 
 635 161 684 203 53 0.8247 
 611 266 658 305 53 0.8232 
 296 521 331 562 53 0.8218 
 518 28 562 83 53 0.8184 
 482 651 529 691 53 0.8174 
 264 543 311 591 53 0.8169 
 257 337 300 372 53 0.8159 
 338 529 381 564 53 0.8154 
 370 515 408 559 53 0.814 
 285 182 329 223 53 0.814 
 540 268 584 304 53 0.8135 
 514 173 550 210 53 0.8121 
 182 173 229 212 53 0.8101 
 542 584 590 626 53 0.8101 
 334 411 379 454 53 0.8091 
 193 514 238 556 53 0.8091 
 317 36 361 72 53 0.8086 
 164 483 209 518 53 0.8086 
 51 456 100 497 53 0.8057 
 550 59 589 90 53 0.7984 
 490 501 536 540 53 0.7983 
 106 90 153 128 53 0.7969 
 266 280 314 326 53 0.7964 
 80 274 124 317 53 0.7964 
 413 515 461 557 53 0.7964 
 200 363 249 403 53 0.7925 
 599 421 645 461 53 0.7886 
 26 263 74 309 53 0.7837 
 165 250 208 287 53 0.7804 
 674 654 704 694 53 0.7754 
 406 168 453 216 53 0.7754 
 585 203 628 248 53 0.7739 
 86 506 130 551 53 0.7676 
 620 51 663 93 53 0.7671 
 598 70 647 113 53 0.7646 
 684 409 703 452 53 0.7642 
 244 252 276 285 53 0.7612 
 181 0 223 32 53 0.7485 
 681 21 704 59 53 0.7388 
 374 624 411 671 53 0.7319 
 183 626 227 665 53 0.7271 
 340 629 379 670 53 0.7184 
 106 19 145 57 53 0.7163 
 366 211 389 231 53 0.715 
 294 6 331 35 53 0.7051 
 592 637 640 681 53 0.7017 
 0 598 38 637 53 0.6978 
 283 463 314 497 53 0.6851 
 381 5 406 32 53 0.6711 
 690 475 703 511 53 0.6426 
 609 648 644 681 53 0.6104 
 685 234 704 262 53 0.6084 
 386 27 409 46 53 0.6071 
 226 40 258 67 53 0.605 
 210 38 232 66 53 0.5705 
 127 607 178 647 53 0.5703 
 475 62 495 89 53 0.458 
 422 686 471 704 53 0.4534 
 418 20 439 33 53 0.4341 
 286 1 309 12 53 0.4072 
 374 647 400 674 53 0.3989 
 286 0 303 16 53 0.3821 
 366 616 390 638 53 0.3108 
