126 153 160 189 53 0.8799 
 521 413 556 447 53 0.8799 
 193 293 228 325 53 0.873 
 57 24 90 57 53 0.8633 
 365 79 404 122 53 0.8535 
 77 49 117 82 53 0.8521 
 417 416 448 449 53 0.8511 
 652 426 692 460 53 0.8511 
 420 380 452 412 53 0.8491 
 54 444 92 482 53 0.8481 
 170 154 205 187 53 0.8472 
 575 260 612 292 53 0.8433 
 480 138 512 172 53 0.8428 
 371 387 412 421 53 0.835 
 537 529 572 562 53 0.8345 
 395 605 435 643 53 0.8345 
 673 353 704 386 53 0.833 
 644 265 681 298 53 0.8306 
 414 118 453 151 53 0.8302 
 441 453 474 482 53 0.8291 
 525 59 559 89 53 0.8267 
 447 123 485 159 53 0.8267 
 637 104 675 138 53 0.8233 
 671 392 704 429 53 0.8218 
 175 233 206 265 53 0.8208 
 196 551 220 582 53 0.8199 
 520 369 551 399 53 0.8174 
 148 525 183 556 53 0.8164 
 196 475 235 508 53 0.8126 
 427 18 460 46 53 0.8105 
 368 496 406 531 53 0.8081 
 210 180 249 215 53 0.8072 
 305 140 338 166 53 0.8057 
 344 163 382 197 53 0.8042 
 119 460 149 492 53 0.8042 
 459 191 496 230 53 0.8027 
 262 444 296 477 53 0.8008 
 590 283 621 315 53 0.7959 
 496 219 540 251 53 0.7955 
 663 120 689 147 53 0.7921 
 243 439 267 469 53 0.7921 
 262 383 294 417 53 0.7905 
 33 75 66 99 53 0.7866 
 523 472 558 505 53 0.7866 
 127 363 161 392 53 0.7857 
 21 31 59 62 53 0.7852 
 564 324 598 350 53 0.7847 
 488 113 514 141 53 0.7838 
 504 0 545 34 53 0.7832 
 205 215 237 245 53 0.7827 
 368 454 402 490 53 0.7808 
 295 462 317 491 53 0.7794 
 227 113 258 142 53 0.7793 
 163 550 201 582 53 0.7759 
 144 460 168 490 53 0.7721 
 395 451 431 484 53 0.771 
 383 656 422 694 53 0.771 
 349 409 379 432 53 0.7661 
 272 70 311 97 53 0.7622 
 449 383 483 422 53 0.7593 
 615 287 658 323 53 0.7583 
 529 155 562 182 53 0.7578 
 335 350 370 387 53 0.756 
 612 318 648 348 53 0.7544 
 421 158 459 193 53 0.7461 
 419 186 449 223 53 0.7407 
 338 382 377 411 53 0.7404 
 369 546 405 581 53 0.7363 
 518 264 549 296 53 0.7349 
 464 365 498 393 53 0.7319 
 508 396 539 426 53 0.7295 
 401 470 438 502 53 0.7295 
 519 323 553 358 53 0.7251 
 596 217 636 239 53 0.7148 
 678 275 703 302 53 0.7129 
 682 112 702 140 53 0.709 
 536 111 564 139 53 0.709 
 648 309 681 338 53 0.7065 
 323 172 346 203 53 0.7047 
 398 302 421 335 53 0.7038 
 638 333 675 359 53 0.7031 
 447 338 469 368 53 0.6982 
 368 350 394 380 53 0.6958 
 481 342 516 374 53 0.6953 
 270 154 294 183 53 0.6881 
 452 338 483 373 53 0.6875 
 512 112 543 143 53 0.6768 
 498 73 527 105 53 0.6704 
 624 252 650 288 53 0.6665 
 153 49 191 77 53 0.6655 
 494 249 532 281 53 0.6577 
 507 352 537 384 53 0.6436 
 459 148 488 172 53 0.6387 
 343 540 369 569 53 0.6343 
 141 385 164 405 53 0.634 
 556 287 582 322 53 0.6333 
 349 555 376 585 53 0.604 
 291 495 313 523 53 0.5957 
 420 511 450 550 53 0.5869 
 622 356 645 385 53 0.5815 
 537 288 564 316 53 0.5718 
 436 256 481 277 53 0.5332 
 648 377 681 405 53 0.5225 
 347 26 367 50 53 0.5193 
 690 173 703 200 53 0.5117 
 459 619 474 651 53 0.5098 
 332 326 362 349 53 0.5068 
 528 619 564 648 53 0.5029 
 338 386 357 407 53 0.4873 
 674 247 703 281 53 0.4834 
 61 197 90 222 53 0.4832 
 50 14 62 39 53 0.4697 
 148 400 182 430 53 0.4495 
 226 482 247 514 53 0.4387 
 433 147 462 172 53 0.41 
 528 225 553 252 53 0.4043 
 236 28 271 54 53 0.3999 
 639 353 667 376 53 0.3638 
 99 443 121 465 53 0.3582 
 254 27 281 57 53 0.3486 
 214 465 238 485 53 0.3477 
 555 239 582 272 53 0.3381 
 251 189 277 216 53 0.3364 
 339 182 373 212 53 0.314 
 327 362 341 387 53 0.3121 
 640 251 658 281 53 0.3074 
 524 0 549 31 53 0.2698 
 515 0 553 82 53 0.2664 
 314 35 339 62 53 0.2568 
 681 302 704 330 53 0.2561 
