487 390 526 421 53 0.8673 
 363 491 399 524 53 0.8457 
 502 317 540 351 53 0.8418 
 377 330 405 363 53 0.8354 
 397 230 437 272 53 0.8335 
 326 497 364 530 53 0.8335 
 380 291 416 325 53 0.8301 
 409 411 453 445 53 0.8297 
 468 292 506 323 53 0.8271 
 590 0 631 32 53 0.8262 
 214 526 257 564 53 0.8257 
 196 105 229 136 53 0.8233 
 646 3 686 34 53 0.8232 
 120 624 166 664 53 0.8232 
 256 491 296 530 53 0.8174 
 292 546 328 580 53 0.8174 
 534 71 576 113 53 0.813 
 436 22 482 61 53 0.8125 
 492 34 534 64 53 0.811 
 646 249 689 290 53 0.8105 
 503 496 545 533 53 0.8037 
 340 640 384 678 53 0.8037 
 287 634 328 676 53 0.8018 
 37 80 78 119 53 0.8018 
 62 471 100 503 53 0.8014 
 628 208 674 244 53 0.8013 
 159 644 193 682 53 0.7988 
 366 150 413 200 53 0.7969 
 33 528 64 560 53 0.7936 
 97 162 135 193 53 0.793 
 368 9 407 37 53 0.792 
 571 206 599 233 53 0.7842 
 472 264 512 293 53 0.7842 
 184 43 228 85 53 0.7822 
 569 82 607 123 53 0.7778 
 0 173 38 212 53 0.7778 
 460 51 500 85 53 0.7739 
 193 309 224 339 53 0.7705 
 467 604 512 650 53 0.7676 
 281 120 316 151 53 0.7618 
 563 181 595 212 53 0.7612 
 378 650 407 689 53 0.7598 
 1 85 42 124 53 0.7598 
 437 436 470 466 53 0.7583 
 485 137 533 178 53 0.7534 
 542 633 582 672 53 0.7529 
 178 337 215 363 53 0.7526 
 565 306 593 340 53 0.7441 
 327 445 369 492 53 0.7407 
 439 594 468 622 53 0.7295 
 648 34 689 62 53 0.7285 
 194 651 231 693 53 0.7231 
 115 597 148 630 53 0.7227 
 363 590 388 623 53 0.7217 
 141 302 187 338 53 0.7139 
 625 13 658 43 53 0.7114 
 372 430 400 462 53 0.7031 
 74 189 109 224 53 0.7031 
 320 25 357 56 53 0.6968 
 342 136 376 170 53 0.6929 
 431 179 451 204 53 0.6823 
 93 487 125 518 53 0.6802 
 128 576 155 611 53 0.6782 
 95 462 126 490 53 0.672 
 274 649 300 682 53 0.6704 
 135 258 175 296 53 0.668 
 113 199 134 226 53 0.6652 
 35 251 80 287 53 0.6582 
 507 273 539 300 53 0.6558 
 531 476 557 510 53 0.6523 
 563 558 609 590 53 0.6369 
 281 575 308 606 53 0.6353 
 117 281 153 320 53 0.6309 
 465 409 485 436 53 0.6286 
 95 603 124 632 53 0.6206 
 381 553 416 587 53 0.6123 
 89 677 128 701 53 0.6104 
 0 666 25 697 53 0.6074 
 8 396 36 419 53 0.606 
 447 333 469 364 53 0.603 
 107 77 143 113 53 0.5859 
 624 605 661 642 53 0.582 
 23 299 57 330 53 0.5806 
 0 458 37 495 53 0.5757 
 685 457 703 487 53 0.5688 
 1 508 20 530 53 0.5566 
 51 54 93 95 53 0.5532 
 679 170 704 196 53 0.5469 
 692 299 703 328 53 0.543 
 632 265 654 295 53 0.5361 
 340 425 383 452 53 0.5352 
 576 300 609 332 53 0.5127 
 674 426 704 459 53 0.4951 
 214 85 240 111 53 0.4834 
 450 526 482 552 53 0.4805 
 24 60 54 89 53 0.4746 
 148 96 178 124 53 0.4688 
 186 433 215 456 53 0.4678 
 370 473 400 494 53 0.4543 
 50 54 81 79 53 0.4387 
 349 423 400 460 53 0.4331 
 426 622 458 662 53 0.4158 
 315 29 341 58 53 0.4156 
 620 191 644 229 53 0.4121 
 574 373 608 402 53 0.4065 
 143 87 169 122 53 0.4026 
 307 493 328 520 53 0.3904 
 0 330 16 359 53 0.3857 
 81 579 104 605 53 0.355 
 427 492 461 524 53 0.3496 
 470 269 512 328 53 0.3381 
 288 47 316 71 53 0.3218 
 0 79 82 126 53 0.3154 
 1 455 24 486 53 0.3149 
 1 296 10 314 53 0.2983 
 606 539 657 580 53 0.2849 
 508 278 544 323 53 0.2698 
 226 451 258 472 53 0.2666 
 197 250 230 284 53 0.259 
 486 461 522 496 53 0.2568 
 274 635 382 681 53 0.2568 
 136 78 163 115 53 0.2502 
