242 157 274 188 53 0.832 
 375 292 406 318 53 0.7471 
 147 280 171 308 53 0.7388 
 308 311 335 334 53 0.7305 
 397 342 424 368 53 0.7208 
 246 224 275 252 53 0.715 
 21 309 56 334 53 0.7129 
 434 349 462 375 53 0.6953 
 132 347 160 372 53 0.687 
 445 399 475 429 53 0.6533 
 0 290 29 320 53 0.6479 
 81 435 110 466 53 0.644 
 125 261 157 289 53 0.6069 
 54 0 91 16 53 0.5449 
 110 336 138 365 53 0.5449 
 44 453 79 484 53 0.5098 
 245 125 272 148 53 0.4932 
 580 171 610 204 53 0.4697 
 560 316 592 352 53 0.4668 
 620 459 645 484 53 0.458 
 280 6 315 35 53 0.4312 
 399 365 423 384 53 0.4233 
 638 404 666 431 53 0.4197 
 492 363 524 388 53 0.4177 
 391 178 417 200 53 0.4167 
 452 291 478 315 53 0.4148 
 212 126 245 157 53 0.3647 
 622 226 653 252 53 0.3592 
 367 164 393 194 53 0.3503 
 118 404 146 426 53 0.3469 
 83 313 117 346 53 0.3403 
 614 0 637 16 53 0.3108 
 652 345 683 369 53 0.3066 
 645 432 663 454 53 0.2958 
 324 295 340 312 53 0.2711 
 344 336 362 357 53 0.259 
 0 414 14 444 53 0.2524 
