586 395 619 426 53 0.8457 
 249 333 285 362 53 0.8438 
 365 89 406 123 53 0.8428 
 646 473 683 506 53 0.8418 
 472 79 507 111 53 0.8398 
 593 530 629 564 53 0.8237 
 100 59 132 88 53 0.8233 
 443 310 473 344 53 0.8232 
 604 244 631 270 53 0.8066 
 674 553 704 585 53 0.7983 
 445 94 479 122 53 0.7969 
 436 49 462 79 53 0.7945 
 593 155 624 186 53 0.7944 
 260 259 296 289 53 0.7939 
 40 472 77 502 53 0.7798 
 677 156 704 186 53 0.7788 
 407 280 439 308 53 0.7744 
 490 417 524 443 53 0.7739 
 416 411 449 440 53 0.7701 
 141 180 172 205 53 0.7676 
 558 111 588 143 53 0.7637 
 165 203 197 228 53 0.7637 
 435 510 461 535 53 0.7623 
 453 522 478 545 53 0.7609 
 620 596 653 621 53 0.7607 
 355 360 378 382 53 0.7605 
 549 290 577 316 53 0.7598 
 369 334 402 369 53 0.7568 
 236 508 262 536 53 0.7545 
 31 512 69 546 53 0.7505 
 391 59 407 87 53 0.7449 
 567 260 593 285 53 0.7441 
 469 440 503 465 53 0.7407 
 435 486 461 511 53 0.7378 
 514 294 547 326 53 0.7378 
 435 345 470 371 53 0.7339 
 679 21 703 52 53 0.7316 
 120 556 143 581 53 0.7247 
 377 446 405 474 53 0.7231 
 408 95 433 125 53 0.7231 
 532 274 559 297 53 0.7217 
 629 252 654 278 53 0.7208 
 666 641 692 667 53 0.7192 
 209 130 233 158 53 0.7047 
 527 426 562 461 53 0.7023 
 286 442 318 467 53 0.6992 
 554 487 590 515 53 0.6982 
 155 35 188 59 53 0.6968 
 265 314 292 337 53 0.6958 
 55 118 84 141 53 0.6951 
 223 108 251 136 53 0.694 
 639 517 676 548 53 0.6895 
 467 503 491 527 53 0.6851 
 607 448 637 477 53 0.6768 
 643 17 678 49 53 0.6758 
 375 200 400 222 53 0.6582 
 645 50 683 72 53 0.6558 
 655 308 683 335 53 0.6535 
 628 229 649 255 53 0.6467 
 579 587 601 616 53 0.6467 
 613 140 634 166 53 0.6436 
 45 259 73 286 53 0.6406 
 453 635 485 665 53 0.626 
 354 309 379 337 53 0.6203 
 18 293 43 317 53 0.6167 
 202 402 237 432 53 0.6113 
 544 20 574 44 53 0.606 
 183 135 211 167 53 0.5972 
 676 430 703 459 53 0.5737 
 574 387 596 408 53 0.5735 
 259 516 279 544 53 0.5686 
 649 70 677 90 53 0.564 
 171 572 211 602 53 0.5566 
 608 428 640 452 53 0.5352 
 652 644 672 669 53 0.5303 
 685 453 704 478 53 0.5261 
 506 634 538 663 53 0.5254 
 523 205 549 234 53 0.5166 
 311 453 329 474 53 0.5029 
 38 91 62 116 53 0.4922 
 141 1 164 11 53 0.4912 
 437 2 458 25 53 0.4912 
 414 553 449 577 53 0.4854 
 598 675 622 697 53 0.4795 
 629 25 652 51 53 0.4717 
 3 641 29 660 53 0.4678 
 364 331 391 358 53 0.4646 
 123 48 143 67 53 0.4636 
 135 0 165 18 53 0.4629 
 536 632 553 655 53 0.4561 
 229 618 269 642 53 0.4446 
 290 501 324 521 53 0.4436 
 534 132 548 162 53 0.4414 
 101 470 131 492 53 0.4407 
 682 310 704 346 53 0.4187 
 1 679 26 704 53 0.4102 
 92 547 118 572 53 0.3857 
 248 483 271 504 53 0.3684 
 345 297 364 320 53 0.3557 
 425 497 440 516 53 0.3477 
 330 349 342 366 53 0.3442 
 448 571 474 593 53 0.3425 
 535 169 559 192 53 0.3364 
 0 657 19 689 53 0.3242 
 104 312 127 330 53 0.3167 
 687 325 703 348 53 0.3106 
 439 316 474 370 53 0.3044 
 506 540 523 557 53 0.3032 
 686 616 703 639 53 0.286 
 473 428 517 466 53 0.2805 
 13 511 23 534 53 0.2737 
 38 526 66 548 53 0.2637 
 696 519 702 547 53 0.2637 
 642 25 679 66 53 0.2603 
 693 285 703 313 53 0.2539 
