248 54 281 95 53 0.8706 
 90 349 123 384 53 0.8633 
 425 352 460 393 53 0.8447 
 326 400 369 437 53 0.8354 
 13 157 54 193 53 0.835 
 543 92 592 142 53 0.8345 
 393 350 423 382 53 0.8276 
 564 166 610 210 53 0.8237 
 94 226 121 258 53 0.8164 
 453 311 492 349 53 0.813 
 89 112 134 155 53 0.813 
 341 250 369 283 53 0.8091 
 610 463 662 511 53 0.8081 
 63 216 99 251 53 0.8033 
 6 258 41 287 53 0.7993 
 47 69 92 114 53 0.7983 
 153 405 185 439 53 0.7944 
 444 415 487 452 53 0.7939 
 367 239 404 278 53 0.7887 
 271 263 309 299 53 0.7862 
 597 289 644 332 53 0.7842 
 500 352 542 383 53 0.7832 
 158 296 192 327 53 0.7827 
 618 88 662 125 53 0.7789 
 49 661 96 700 53 0.775 
 246 346 289 386 53 0.7734 
 308 323 342 353 53 0.7725 
 166 544 208 577 53 0.7637 
 663 256 704 294 53 0.7598 
 580 448 622 487 53 0.7583 
 346 114 374 142 53 0.7568 
 275 0 321 24 53 0.7534 
 14 637 60 673 53 0.752 
 296 347 327 378 53 0.7505 
 57 561 91 596 53 0.7461 
 333 375 364 401 53 0.7446 
 440 450 479 482 53 0.7441 
 93 552 120 579 53 0.7428 
 185 410 231 453 53 0.7285 
 175 273 199 298 53 0.7208 
 358 390 389 426 53 0.7178 
 108 443 143 467 53 0.7168 
 83 80 105 115 53 0.716 
 8 0 51 19 53 0.7139 
 200 595 228 623 53 0.708 
 313 125 351 160 53 0.7056 
 154 631 186 662 53 0.7017 
 505 92 545 130 53 0.7002 
 25 184 70 224 53 0.6943 
 645 33 688 72 53 0.6909 
 0 467 15 498 53 0.6867 
 101 618 133 648 53 0.6758 
 79 340 101 366 53 0.6748 
 127 212 147 231 53 0.6714 
 118 388 147 417 53 0.6621 
 340 578 385 613 53 0.6548 
 583 302 600 326 53 0.6396 
 35 558 70 585 53 0.6323 
 90 592 125 624 53 0.6279 
 0 618 23 650 53 0.6245 
 46 214 71 248 53 0.6216 
 16 612 55 641 53 0.604 
 656 109 694 143 53 0.6037 
 0 1 16 42 53 0.5898 
 84 1 113 19 53 0.584 
 595 268 627 297 53 0.5708 
 329 310 355 333 53 0.5649 
 78 587 99 620 53 0.5537 
 257 466 296 492 53 0.5439 
 501 640 534 678 53 0.502 
 382 0 406 19 53 0.4988 
 235 240 258 273 53 0.4805 
 109 230 138 259 53 0.4785 
 647 238 698 276 53 0.4785 
 404 1 446 18 53 0.4746 
 85 574 112 597 53 0.4609 
 512 670 557 702 53 0.4551 
 0 615 50 648 53 0.4551 
 126 113 161 159 53 0.3904 
 53 633 78 661 53 0.3811 
 109 0 132 16 53 0.3757 
 219 133 236 164 53 0.3674 
 63 341 85 364 53 0.3452 
 614 41 648 71 53 0.3303 
 680 527 704 561 53 0.3252 
 244 211 259 236 53 0.3115 
 133 118 155 142 53 0.2998 
 525 636 549 667 53 0.2974 
 213 168 241 210 53 0.2959 
 357 4 383 36 53 0.2622 
 684 42 703 75 53 0.2531 
