568 148 603 179 53 0.8682 
 131 514 165 549 53 0.8428 
 200 252 234 283 53 0.8398 
 105 503 137 531 53 0.8398 
 516 57 542 87 53 0.8389 
 684 99 704 130 53 0.8336 
 628 38 651 67 53 0.8326 
 230 143 250 168 53 0.8311 
 457 53 491 77 53 0.8311 
 419 193 457 222 53 0.8306 
 574 642 607 674 53 0.8301 
 599 27 632 54 53 0.8287 
 119 280 150 308 53 0.8242 
 37 362 66 385 53 0.8188 
 614 114 647 142 53 0.8184 
 239 102 268 130 53 0.8174 
 632 355 665 383 53 0.814 
 454 412 490 438 53 0.813 
 547 73 576 99 53 0.8072 
 272 290 303 318 53 0.8032 
 212 182 239 205 53 0.7993 
 648 377 674 404 53 0.796 
 514 432 551 463 53 0.7949 
 641 248 673 270 53 0.7944 
 499 178 539 209 53 0.793 
 553 668 586 698 53 0.792 
 49 145 79 168 53 0.7852 
 473 531 503 560 53 0.7788 
 434 426 467 460 53 0.7775 
 6 205 37 230 53 0.7773 
 250 27 282 60 53 0.7759 
 70 305 91 327 53 0.7755 
 585 195 622 223 53 0.7734 
 264 59 285 85 53 0.7706 
 204 127 228 149 53 0.7671 
 4 276 33 298 53 0.7633 
 590 324 614 354 53 0.7545 
 574 247 610 279 53 0.7545 
 0 182 31 206 53 0.7534 
 610 500 641 529 53 0.7529 
 657 530 690 558 53 0.7505 
 610 650 630 672 53 0.7428 
 210 443 230 477 53 0.7355 
 292 128 324 153 53 0.7305 
 31 291 56 314 53 0.7247 
 205 156 229 181 53 0.7231 
 456 670 495 697 53 0.7163 
 268 454 306 486 53 0.7139 
 620 83 647 108 53 0.7135 
 414 398 444 434 53 0.71 
 0 435 31 463 53 0.71 
 73 610 106 641 53 0.7075 
 75 250 85 270 53 0.7072 
 230 262 253 283 53 0.7052 
 598 602 628 632 53 0.7031 
 605 363 638 388 53 0.7017 
 485 647 516 682 53 0.7017 
 585 612 615 642 53 0.6978 
 368 267 403 295 53 0.6899 
 341 122 364 151 53 0.6851 
 367 228 389 254 53 0.6792 
 478 489 509 518 53 0.6782 
 602 557 630 588 53 0.6704 
 363 293 393 330 53 0.6704 
 11 293 34 319 53 0.6683 
 68 3 100 26 53 0.6592 
 185 269 204 287 53 0.653 
 322 226 349 254 53 0.6494 
 512 562 547 590 53 0.6494 
 204 547 228 572 53 0.6479 
 0 292 19 312 53 0.647 
 406 271 437 304 53 0.6396 
 620 281 652 311 53 0.6318 
 170 215 186 234 53 0.6266 
 307 467 337 494 53 0.625 
 25 361 41 384 53 0.6167 
 223 320 240 339 53 0.6027 
 455 510 482 541 53 0.6018 
 176 546 204 575 53 0.5938 
 196 188 213 213 53 0.5905 
 133 548 159 566 53 0.5898 
 564 401 590 432 53 0.5889 
 196 512 222 531 53 0.5889 
 355 115 392 137 53 0.5718 
 481 154 508 182 53 0.5698 
 447 349 477 383 53 0.5669 
 601 633 622 657 53 0.562 
 21 430 44 457 53 0.562 
 438 301 466 326 53 0.561 
 25 286 50 310 53 0.5557 
 36 248 52 275 53 0.5515 
 662 681 704 703 53 0.5391 
 70 250 92 270 53 0.5176 
 143 617 176 644 53 0.5059 
 222 43 244 65 53 0.498 
 498 62 518 88 53 0.4902 
 561 658 600 699 53 0.4756 
 592 85 611 106 53 0.4727 
 328 484 351 508 53 0.4534 
 621 164 646 193 53 0.4436 
 121 422 142 438 53 0.4434 
 645 178 659 192 53 0.4292 
 43 343 58 360 53 0.4129 
 283 156 299 176 53 0.3989 
 660 397 681 420 53 0.3885 
 295 0 319 15 53 0.3831 
 650 0 668 15 53 0.3701 
 640 368 671 399 53 0.363 
 330 193 363 216 53 0.3594 
 203 364 240 385 53 0.3594 
 601 637 629 667 53 0.353 
 577 217 613 282 53 0.3386 
 385 273 432 310 53 0.3337 
 622 166 634 193 53 0.3167 
 1 523 21 547 53 0.3074 
 656 374 700 408 53 0.2942 
 103 504 158 539 53 0.2837 
 219 352 237 371 53 0.2822 
 60 414 92 440 53 0.2759 
 541 285 571 307 53 0.2751 
 299 554 325 574 53 0.2651 
 407 416 421 434 53 0.2643 
 627 171 661 196 53 0.2532 
 49 115 76 136 53 0.2524 
