309 301 336 331 53 0.7505 
 340 309 367 336 53 0.7393 
 444 296 474 317 53 0.7153 
 683 198 703 220 53 0.6916 
 666 178 685 202 53 0.6257 
 669 157 700 178 53 0.5889 
 641 162 668 185 53 0.5676 
 284 279 313 302 53 0.5571 
 406 252 424 276 53 0.5518 
 360 394 383 418 53 0.5398 
 430 207 459 231 53 0.5322 
 70 1 104 20 53 0.5283 
 402 214 426 236 53 0.5242 
 690 130 703 149 53 0.5234 
 288 330 316 350 53 0.5 
 432 249 448 268 53 0.4551 
 352 214 378 233 53 0.4492 
 276 316 294 340 53 0.4036 
 517 154 548 180 53 0.3694 
 608 353 632 376 53 0.332 
 71 74 94 99 53 0.3242 
 684 370 703 394 53 0.3218 
 541 268 567 287 53 0.3132 
