39 151 58 178 53 0.7789 
 421 349 443 375 53 0.7399 
 285 287 308 315 53 0.7301 
 218 146 251 172 53 0.7271 
 182 498 204 521 53 0.7217 
 402 392 428 411 53 0.708 
 149 515 180 539 53 0.7065 
 5 21 33 51 53 0.6857 
 86 300 110 324 53 0.6833 
 105 337 130 362 53 0.6735 
 660 432 683 452 53 0.6646 
 514 408 534 434 53 0.6633 
 406 364 430 385 53 0.6582 
 275 155 301 179 53 0.6567 
 117 457 141 482 53 0.647 
 207 386 233 408 53 0.645 
 312 351 335 371 53 0.645 
 248 137 276 161 53 0.6406 
 536 423 560 445 53 0.6343 
 252 327 276 348 53 0.634 
 205 487 222 511 53 0.632 
 287 139 313 162 53 0.6266 
 332 181 358 207 53 0.6242 
 572 412 593 430 53 0.6107 
 473 425 495 450 53 0.6091 
 631 326 660 351 53 0.5991 
 282 359 304 386 53 0.5954 
 142 451 163 475 53 0.5869 
 16 159 38 180 53 0.5837 
 311 175 330 202 53 0.5837 
 624 411 648 431 53 0.5735 
 163 393 185 410 53 0.5722 
 111 394 130 413 53 0.5578 
 370 263 388 283 53 0.5486 
 380 360 402 383 53 0.5417 
 496 316 525 339 53 0.5391 
 91 463 108 483 53 0.5193 
 688 486 703 511 53 0.5088 
 293 344 317 372 53 0.5039 
 663 214 684 233 53 0.4717 
 562 430 585 449 53 0.4675 
 185 276 205 293 53 0.46 
 616 482 642 504 53 0.4407 
 226 368 244 385 53 0.4251 
 642 515 664 535 53 0.409 
 457 392 476 413 53 0.3887 
 455 320 478 346 53 0.384 
 426 214 445 239 53 0.3831 
 431 248 448 267 53 0.3804 
 693 251 701 277 53 0.3719 
 286 349 315 381 53 0.3701 
 678 230 699 254 53 0.3667 
 624 616 646 646 53 0.3567 
 645 598 680 627 53 0.3269 
 644 277 664 294 53 0.3131 
 442 214 463 231 53 0.2942 
 510 221 533 240 53 0.2847 
 361 176 376 197 53 0.2837 
 481 294 493 315 53 0.2568 
 398 178 428 198 53 0.251 
