253 42 287 74 53 0.8481 
 225 383 264 413 53 0.8403 
 522 61 552 87 53 0.8354 
 591 115 628 146 53 0.8267 
 19 169 53 198 53 0.8262 
 314 180 339 209 53 0.8257 
 404 170 432 199 53 0.8233 
 365 133 400 163 53 0.8189 
 557 221 584 253 53 0.8174 
 308 312 338 337 53 0.8115 
 404 89 437 118 53 0.8086 
 390 150 421 180 53 0.8057 
 575 272 612 303 53 0.8042 
 373 107 406 135 53 0.7988 
 1 190 21 225 53 0.7984 
 92 442 119 472 53 0.7983 
 145 381 174 412 53 0.7959 
 450 323 484 352 53 0.7959 
 217 440 253 475 53 0.793 
 523 240 551 266 53 0.7906 
 576 382 609 414 53 0.7905 
 411 297 444 325 53 0.7852 
 547 194 577 220 53 0.7827 
 297 229 325 254 53 0.7812 
 457 196 489 224 53 0.7759 
 339 191 364 214 53 0.7642 
 110 420 143 445 53 0.7549 
 401 44 434 70 53 0.7544 
 168 450 199 477 53 0.752 
 502 181 530 206 53 0.7487 
 334 314 367 344 53 0.7441 
 362 386 397 413 53 0.7422 
 60 157 94 185 53 0.7393 
 59 449 91 481 53 0.7363 
 30 500 70 530 53 0.731 
 88 311 116 338 53 0.7305 
 622 384 663 422 53 0.7295 
 547 381 573 411 53 0.7259 
 374 455 407 483 53 0.7256 
 113 561 141 593 53 0.7238 
 248 469 270 494 53 0.7228 
 192 373 218 396 53 0.7223 
 425 277 458 297 53 0.7202 
 0 35 21 61 53 0.7153 
 635 165 667 190 53 0.7139 
 525 360 558 390 53 0.7129 
 460 163 479 195 53 0.7052 
 435 77 461 109 53 0.7051 
 194 439 225 468 53 0.6968 
 519 650 553 675 53 0.6968 
 312 16 341 38 53 0.6946 
 176 7 207 29 53 0.6899 
 350 441 381 467 53 0.6836 
 310 408 337 439 53 0.6826 
 634 377 667 407 53 0.6807 
 321 0 353 18 53 0.6792 
 508 79 540 104 53 0.6792 
 620 273 652 302 53 0.6792 
 281 418 304 444 53 0.6755 
 301 426 333 454 53 0.6724 
 140 490 175 514 53 0.6724 
 173 37 202 60 53 0.6665 
 424 650 459 677 53 0.6567 
 198 53 224 72 53 0.6558 
 44 211 74 236 53 0.6479 
 537 219 559 247 53 0.6479 
 211 234 244 261 53 0.647 
 55 424 82 450 53 0.644 
 453 630 479 662 53 0.6359 
 265 228 292 248 53 0.6353 
 47 625 80 652 53 0.6318 
 20 312 45 345 53 0.6289 
 473 195 497 226 53 0.6081 
 77 609 118 643 53 0.604 
 387 625 414 657 53 0.5981 
 65 181 95 203 53 0.5938 
 0 112 14 137 53 0.5928 
 436 257 454 277 53 0.5764 
 134 179 168 209 53 0.563 
 290 176 316 205 53 0.561 
 20 646 50 670 53 0.5566 
 619 139 638 165 53 0.5495 
 662 429 685 457 53 0.5447 
 294 247 310 269 53 0.5408 
 417 71 445 99 53 0.5391 
 604 379 630 411 53 0.5371 
 43 153 71 180 53 0.5264 
 540 356 570 388 53 0.5254 
 0 241 13 258 53 0.5254 
 218 406 235 424 53 0.4883 
 529 208 547 228 53 0.4834 
 462 294 480 318 53 0.4785 
 485 2 526 17 53 0.4668 
 37 34 72 63 53 0.4668 
 650 629 683 651 53 0.4639 
 439 608 470 644 53 0.4629 
 0 8 9 33 53 0.4549 
 376 578 410 605 53 0.4358 
 41 301 72 337 53 0.4331 
 333 655 369 680 53 0.4253 
 446 539 475 571 53 0.4197 
 92 252 118 270 53 0.4111 
 454 225 471 243 53 0.4065 
 296 0 320 16 53 0.397 
 19 687 50 704 53 0.384 
 410 149 428 178 53 0.3831 
 395 76 420 103 53 0.3809 
 158 206 190 229 53 0.3784 
 470 654 498 675 53 0.3767 
 554 394 583 425 53 0.3757 
 6 419 27 437 53 0.363 
 504 0 528 16 53 0.355 
 408 565 455 606 53 0.3079 
 465 0 487 15 53 0.2983 
 632 439 659 460 53 0.2886 
 350 538 389 565 53 0.2869 
 106 288 130 312 53 0.2815 
 71 136 95 155 53 0.2815 
 73 465 100 488 53 0.269 
 51 615 118 651 53 0.2568 
 147 208 169 230 53 0.2539 
