164 132 194 162 53 0.8052 
 234 237 260 268 53 0.798 
 102 200 133 233 53 0.7959 
 244 354 279 385 53 0.7959 
 140 289 169 323 53 0.7897 
 177 371 208 398 53 0.771 
 183 279 216 306 53 0.769 
 339 484 370 511 53 0.7646 
 15 420 49 449 53 0.7549 
 469 425 505 453 53 0.7544 
 18 199 52 235 53 0.7531 
 305 9 339 40 53 0.733 
 131 121 166 150 53 0.7319 
 0 308 18 337 53 0.7277 
 118 294 146 319 53 0.7075 
 101 26 136 56 53 0.7056 
 465 536 498 566 53 0.7051 
 589 261 621 296 53 0.7026 
 59 50 91 77 53 0.7007 
 499 244 537 273 53 0.6982 
 506 524 541 552 53 0.6979 
 378 442 409 470 53 0.6943 
 82 93 108 120 53 0.6833 
 101 83 134 107 53 0.6826 
 218 0 256 21 53 0.6772 
 200 79 234 107 53 0.6748 
 568 250 599 279 53 0.667 
 294 309 322 342 53 0.6655 
 677 643 703 674 53 0.6602 
 511 161 542 192 53 0.6533 
 332 230 367 260 53 0.6343 
 53 347 86 374 53 0.6196 
 51 573 83 604 53 0.6167 
 177 346 205 372 53 0.6113 
 87 183 115 208 53 0.606 
 519 419 553 448 53 0.605 
 442 424 470 452 53 0.5928 
 54 442 86 471 53 0.5859 
 601 103 642 138 53 0.5762 
 251 455 281 487 53 0.5718 
 333 90 368 118 53 0.5581 
 528 354 562 381 53 0.5518 
 637 268 667 294 53 0.5508 
 237 418 270 448 53 0.5498 
 685 542 704 571 53 0.5381 
 263 383 280 408 53 0.5312 
 284 57 318 87 53 0.5205 
 415 333 444 359 53 0.4951 
 533 397 559 424 53 0.4912 
 400 5 433 33 53 0.4902 
 434 130 467 156 53 0.4717 
 356 418 379 439 53 0.46 
 549 1 578 23 53 0.4534 
 237 169 275 195 53 0.4514 
 192 35 223 65 53 0.4495 
 48 160 77 190 53 0.4377 
 341 562 376 587 53 0.4243 
 613 578 636 599 53 0.4146 
 579 454 611 480 53 0.4024 
 0 472 11 499 53 0.4014 
 664 193 695 219 53 0.3757 
 439 226 467 249 53 0.3621 
 634 162 669 189 53 0.3433 
 515 125 541 148 53 0.3218 
 529 76 559 102 53 0.3089 
 582 185 616 211 53 0.3049 
 634 397 669 426 53 0.3025 
 405 85 438 122 53 0.2886 
 194 477 220 506 53 0.2805 
 83 270 113 295 53 0.2791 
 554 549 590 575 53 0.2783 
 618 510 650 534 53 0.2727 
 166 570 203 599 53 0.272 
 573 254 612 290 53 0.2582 
 636 488 666 513 53 0.2532 
