313 213 347 245 53 0.8765 
 455 108 491 142 53 0.8662 
 193 74 225 107 53 0.8569 
 464 435 494 465 53 0.8481 
 276 81 312 113 53 0.8457 
 642 201 678 235 53 0.8438 
 445 291 485 318 53 0.8408 
 322 136 356 169 53 0.837 
 545 114 580 144 53 0.8335 
 426 353 461 385 53 0.8311 
 652 333 697 370 53 0.8301 
 645 279 685 309 53 0.8224 
 196 25 230 54 53 0.8194 
 283 44 317 73 53 0.8188 
 136 249 170 277 53 0.8188 
 647 112 677 143 53 0.8161 
 144 292 178 322 53 0.813 
 85 415 108 444 53 0.8097 
 600 12 637 46 53 0.8081 
 0 422 22 447 53 0.8081 
 674 463 703 495 53 0.8057 
 515 423 539 447 53 0.8032 
 63 491 102 529 53 0.8032 
 497 124 532 158 53 0.8027 
 672 100 703 129 53 0.793 
 89 220 123 250 53 0.7905 
 244 180 272 203 53 0.7881 
 584 431 603 458 53 0.7867 
 610 136 642 165 53 0.7827 
 397 97 428 125 53 0.7798 
 371 16 402 47 53 0.7759 
 295 493 326 522 53 0.7759 
 655 620 690 658 53 0.7705 
 4 123 40 151 53 0.7661 
 637 464 673 495 53 0.7583 
 578 344 602 377 53 0.7545 
 33 376 67 404 53 0.7534 
 439 57 461 82 53 0.7438 
 38 466 67 493 53 0.7285 
 259 357 282 381 53 0.7212 
 342 452 372 482 53 0.7192 
 550 352 572 380 53 0.7188 
 269 475 305 509 53 0.6896 
 99 76 122 100 53 0.6851 
 449 230 487 261 53 0.6836 
 84 72 106 101 53 0.603 
 444 402 470 426 53 0.5962 
 72 413 92 435 53 0.541 
 186 474 220 503 53 0.5391 
 126 540 153 571 53 0.5378 
 82 340 106 365 53 0.5349 
 187 214 204 234 53 0.5261 
 398 390 422 413 53 0.5076 
 635 533 670 556 53 0.4658 
 185 13 199 35 53 0.4475 
 74 336 98 364 53 0.4167 
 197 149 220 174 53 0.4111 
 600 277 624 300 53 0.353 
 210 157 228 176 53 0.3486 
 282 486 319 521 53 0.3433 
 0 458 11 483 53 0.3172 
 241 302 263 323 53 0.2959 
 485 668 510 697 53 0.2935 
 490 547 525 573 53 0.2925 
 0 71 16 98 53 0.2798 
 428 52 442 63 53 0.2783 
 365 18 379 43 53 0.251 
