22 59 56 90 53 0.8579 
 376 396 406 425 53 0.8521 
 245 333 270 361 53 0.8409 
 456 57 489 86 53 0.8399 
 101 325 130 352 53 0.8364 
 36 376 62 402 53 0.8355 
 117 525 144 553 53 0.8355 
 193 383 222 405 53 0.8345 
 423 188 456 217 53 0.8335 
 434 230 465 261 53 0.8282 
 216 242 248 270 53 0.8262 
 259 379 287 406 53 0.8219 
 628 154 661 182 53 0.8184 
 77 314 105 340 53 0.8159 
 584 514 617 541 53 0.8154 
 173 462 203 489 53 0.8121 
 210 333 240 362 53 0.8081 
 13 469 49 499 53 0.8027 
 398 333 433 368 53 0.8018 
 237 393 266 416 53 0.8018 
 57 41 87 74 53 0.8009 
 550 293 581 322 53 0.7993 
 261 539 292 566 53 0.7988 
 59 500 86 526 53 0.7936 
 610 489 641 516 53 0.7921 
 43 540 73 565 53 0.7891 
 246 523 274 556 53 0.7882 
 358 388 381 420 53 0.7843 
 162 370 192 398 53 0.7842 
 580 445 613 475 53 0.7823 
 202 407 222 432 53 0.7794 
 447 1 480 30 53 0.7759 
 153 585 184 610 53 0.7734 
 195 68 226 98 53 0.7734 
 608 181 630 205 53 0.7731 
 236 314 259 336 53 0.7721 
 416 47 448 74 53 0.772 
 197 514 222 534 53 0.772 
 259 113 285 138 53 0.7661 
 128 139 160 169 53 0.7637 
 631 276 655 303 53 0.7623 
 0 78 30 105 53 0.7598 
 114 497 142 527 53 0.7578 
 78 347 111 373 53 0.7534 
 97 523 114 549 53 0.7526 
 52 343 76 366 53 0.7516 
 84 41 112 64 53 0.7467 
 421 375 449 401 53 0.7413 
 22 337 44 359 53 0.7384 
 533 172 561 198 53 0.7358 
 85 1 122 25 53 0.7324 
 295 346 314 374 53 0.7282 
 556 422 588 451 53 0.7271 
 139 626 169 656 53 0.7252 
 220 69 238 99 53 0.7111 
 358 1 393 19 53 0.7104 
 108 625 135 656 53 0.71 
 496 340 529 362 53 0.7065 
 537 280 560 307 53 0.7052 
 427 0 448 24 53 0.6902 
 320 67 350 94 53 0.6899 
 682 419 704 443 53 0.6748 
 650 115 673 138 53 0.668 
 595 472 623 502 53 0.6662 
 609 433 631 457 53 0.6652 
 163 108 189 136 53 0.6548 
 661 180 689 201 53 0.6538 
 505 260 532 282 53 0.6523 
 196 283 221 307 53 0.6501 
 283 437 293 457 53 0.6349 
 628 250 659 273 53 0.6333 
 1 134 27 158 53 0.613 
 30 654 66 679 53 0.6123 
 42 40 63 67 53 0.612 
 688 71 703 98 53 0.611 
 625 2 654 29 53 0.605 
 87 483 104 505 53 0.5915 
 21 125 44 149 53 0.5796 
 0 187 13 210 53 0.5715 
 563 537 581 561 53 0.5534 
 158 441 174 465 53 0.5368 
 48 629 76 654 53 0.5303 
 238 223 254 245 53 0.5293 
 21 35 43 63 53 0.5225 
 572 476 597 504 53 0.5205 
 312 366 337 389 53 0.5176 
 414 0 430 16 53 0.4795 
 349 601 365 627 53 0.4724 
 245 416 264 431 53 0.4695 
 531 670 562 698 53 0.4648 
 618 314 643 336 53 0.4627 
 669 322 704 343 53 0.4561 
 633 562 664 587 53 0.4543 
 507 662 537 691 53 0.4351 
 654 331 682 359 53 0.4243 
 72 181 87 203 53 0.3923 
 414 0 445 17 53 0.3877 
 643 256 669 277 53 0.3767 
 198 390 220 429 53 0.3694 
 631 352 659 370 53 0.3636 
 411 546 440 579 53 0.3611 
 466 248 483 265 53 0.3584 
 481 215 516 238 53 0.3577 
 425 253 442 273 53 0.355 
 198 533 216 548 53 0.3425 
 544 32 570 53 53 0.3328 
 693 6 704 28 53 0.332 
 564 518 588 543 53 0.3074 
 0 666 28 686 53 0.2942 
 341 453 358 471 53 0.2814 
 212 575 232 596 53 0.2789 
 531 486 551 508 53 0.2757 
 116 506 151 543 53 0.2698 
 486 320 516 347 53 0.2681 
 525 178 540 195 53 0.2651 
 474 619 495 642 53 0.2635 
 297 351 333 381 53 0.2524 
