243 316 277 352 53 0.856 
 39 442 75 477 53 0.8496 
 28 301 60 336 53 0.8408 
 300 240 338 276 53 0.8408 
 147 433 192 470 53 0.8403 
 98 219 133 261 53 0.8398 
 110 432 146 471 53 0.8345 
 197 404 229 441 53 0.8292 
 560 170 605 213 53 0.8286 
 290 206 329 239 53 0.8271 
 31 532 70 559 53 0.8267 
 274 107 308 143 53 0.8267 
 592 386 626 418 53 0.8267 
 228 64 264 99 53 0.8242 
 200 501 232 531 53 0.8242 
 538 223 583 259 53 0.8237 
 18 182 60 218 53 0.8233 
 243 240 288 293 53 0.8223 
 669 400 704 439 53 0.8218 
 15 492 51 524 53 0.8198 
 132 241 179 281 53 0.8193 
 169 623 212 674 53 0.8169 
 112 490 143 523 53 0.8164 
 208 429 251 465 53 0.8164 
 0 323 26 368 53 0.8159 
 452 188 495 226 53 0.8145 
 406 369 442 403 53 0.814 
 362 321 409 367 53 0.8105 
 136 576 187 611 53 0.8105 
 181 9 212 39 53 0.8102 
 148 64 193 101 53 0.8101 
 319 30 354 60 53 0.8091 
 57 243 89 273 53 0.8081 
 128 283 166 316 53 0.8081 
 112 559 149 590 53 0.8066 
 24 22 57 53 53 0.8042 
 528 410 576 451 53 0.8042 
 134 352 173 384 53 0.8037 
 187 111 226 156 53 0.8032 
 88 350 119 379 53 0.7999 
 34 214 73 248 53 0.7989 
 241 600 290 636 53 0.7955 
 81 584 118 614 53 0.7944 
 217 338 249 368 53 0.7939 
 86 466 128 498 53 0.7939 
 149 520 193 558 53 0.791 
 64 18 112 65 53 0.791 
 0 206 25 241 53 0.7906 
 388 644 427 674 53 0.79 
 107 81 142 111 53 0.7886 
 29 337 70 369 53 0.7881 
 65 118 107 152 53 0.7881 
 244 113 291 164 53 0.7881 
 209 619 260 661 53 0.7852 
 89 513 123 542 53 0.7812 
 496 24 548 66 53 0.7812 
 210 371 246 406 53 0.7808 
 251 462 288 496 53 0.7808 
 115 624 151 652 53 0.7808 
 275 667 316 700 53 0.7804 
 534 379 569 408 53 0.7789 
 559 394 593 427 53 0.7784 
 452 330 493 367 53 0.7775 
 112 592 146 623 53 0.7754 
 495 300 523 335 53 0.7735 
 595 57 639 92 53 0.7706 
 145 669 187 703 53 0.7706 
 548 340 590 381 53 0.769 
 177 229 218 276 53 0.769 
 640 301 686 338 53 0.7686 
 82 644 112 673 53 0.7686 
 180 542 211 574 53 0.7676 
 63 190 94 223 53 0.7671 
 240 368 277 401 53 0.7656 
 106 180 147 208 53 0.7642 
 514 268 549 301 53 0.7638 
 341 238 372 273 53 0.7623 
 476 345 512 376 53 0.7578 
 245 670 277 702 53 0.7563 
 517 445 555 470 53 0.7544 
 55 481 81 510 53 0.7544 
 260 58 292 88 53 0.7534 
 165 112 196 150 53 0.7534 
 412 291 459 323 53 0.7534 
 496 356 541 402 53 0.7534 
 145 546 180 577 53 0.749 
 314 1 349 28 53 0.7476 
 419 61 463 100 53 0.7476 
 678 213 704 251 53 0.7461 
 264 202 289 237 53 0.7438 
 6 526 36 555 53 0.7422 
 107 154 139 180 53 0.7417 
 354 610 390 639 53 0.7417 
 0 367 16 406 53 0.7378 
 254 164 293 203 53 0.7334 
 116 380 162 421 53 0.7334 
 198 54 228 79 53 0.7282 
 523 66 564 98 53 0.728 
 28 0 70 26 53 0.7251 
 324 223 356 251 53 0.7241 
 183 352 215 381 53 0.7227 
 142 318 176 354 53 0.7212 
 95 1 143 24 53 0.7202 
 554 0 601 31 53 0.7192 
 185 587 226 625 53 0.7192 
 150 11 180 37 53 0.7178 
 370 86 402 117 53 0.7153 
 276 394 304 424 53 0.7139 
 232 514 264 543 53 0.7124 
 0 45 31 75 53 0.71 
 556 80 601 120 53 0.71 
 266 442 304 481 53 0.709 
 397 161 439 195 53 0.708 
 278 50 309 82 53 0.7075 
 380 113 416 142 53 0.7007 
 73 276 106 317 53 0.6992 
 92 299 131 339 53 0.6982 
 472 100 500 129 53 0.6958 
 494 102 517 130 53 0.694 
 642 472 691 511 53 0.6938 
 610 405 659 444 53 0.6919 
 34 667 69 704 53 0.6909 
 159 372 194 403 53 0.6909 
 467 304 503 338 53 0.6813 
 19 89 54 123 53 0.6807 
 345 580 387 612 53 0.6807 
 173 187 206 215 53 0.6792 
 47 507 70 533 53 0.6724 
 128 12 155 45 53 0.6686 
 214 559 245 589 53 0.668 
 498 275 535 304 53 0.6514 
 417 182 449 208 53 0.6504 
 69 436 107 473 53 0.6494 
 572 468 619 512 53 0.6489 
 185 333 215 356 53 0.647 
 438 255 474 289 53 0.645 
 289 360 322 394 53 0.6426 
 436 204 461 233 53 0.6406 
 358 650 391 680 53 0.6406 
 92 670 132 704 53 0.6353 
 629 15 663 44 53 0.6353 
 0 240 15 266 53 0.6299 
 656 337 704 370 53 0.6279 
 608 502 655 550 53 0.6265 
 300 392 326 418 53 0.6245 
 389 212 425 244 53 0.6133 
 546 31 592 62 53 0.6123 
 453 75 483 106 53 0.6113 
 546 187 571 218 53 0.6047 
 349 192 389 223 53 0.604 
 0 19 25 47 53 0.6001 
 14 235 43 270 53 0.5969 
 176 306 207 333 53 0.5969 
 245 494 271 517 53 0.5962 
 566 470 594 511 53 0.5947 
 107 374 126 409 53 0.5925 
 66 612 94 638 53 0.5879 
 141 641 168 674 53 0.5869 
 328 644 363 668 53 0.584 
 0 0 24 22 53 0.5796 
 360 306 386 334 53 0.5776 
 399 619 434 651 53 0.5747 
 637 49 664 84 53 0.5718 
 275 241 301 271 53 0.562 
 231 18 258 44 53 0.5459 
 104 412 126 440 53 0.54 
 596 507 625 548 53 0.5234 
 0 172 22 206 53 0.5195 
 357 430 391 459 53 0.5127 
 165 36 193 60 53 0.5117 
 274 636 304 664 53 0.4951 
 257 21 278 44 53 0.4941 
 137 152 166 182 53 0.4941 
 283 66 312 94 53 0.4883 
 200 529 222 555 53 0.4883 
 328 623 363 652 53 0.4883 
 385 229 421 273 53 0.4844 
 585 36 609 62 53 0.4795 
 568 571 604 604 53 0.4785 
 416 27 450 58 53 0.4756 
 55 106 75 129 53 0.4717 
 241 350 267 375 53 0.46 
 60 630 90 660 53 0.458 
 592 249 629 276 53 0.4561 
 146 218 173 241 53 0.4331 
 188 40 213 65 53 0.4302 
 149 415 178 435 53 0.4233 
 572 341 601 382 53 0.4226 
 345 272 372 291 53 0.4216 
 431 326 456 369 53 0.4187 
 654 113 691 141 53 0.4167 
 538 312 582 344 53 0.4131 
 2 141 18 164 53 0.4111 
 361 242 391 279 53 0.4045 
 444 170 474 193 53 0.3804 
 654 49 685 83 53 0.3784 
 432 67 479 102 53 0.3738 
 356 220 390 246 53 0.3674 
 292 368 328 416 53 0.3667 
 581 667 621 689 53 0.3604 
 598 335 633 368 53 0.3584 
 563 537 599 569 53 0.355 
 607 410 634 445 53 0.3389 
 216 287 241 314 53 0.3364 
 580 81 606 114 53 0.332 
 606 34 637 60 53 0.332 
 452 667 494 702 53 0.3218 
 206 15 229 43 53 0.3174 
 518 569 557 597 53 0.3157 
 132 8 176 46 53 0.3115 
 209 99 231 118 53 0.3025 
 630 329 658 372 53 0.3025 
 656 1 701 28 53 0.2983 
 101 410 130 457 53 0.2959 
 555 386 619 426 53 0.2935 
 275 37 291 57 53 0.283 
 381 447 410 470 53 0.2712 
 214 599 295 654 53 0.2659 
 173 225 200 262 53 0.2629 
 363 3 397 27 53 0.259 
 422 250 450 272 53 0.2561 
 169 497 196 521 53 0.2554 
