442 317 469 345 53 0.8033 
 388 303 420 329 53 0.7959 
 621 375 650 399 53 0.7959 
 410 244 441 270 53 0.7905 
 601 253 630 282 53 0.7891 
 321 177 351 206 53 0.7778 
 262 351 291 382 53 0.7755 
 439 227 474 256 53 0.7734 
 216 272 248 294 53 0.7471 
 498 415 524 440 53 0.7446 
 206 13 236 40 53 0.7438 
 535 309 557 332 53 0.736 
 342 243 368 267 53 0.7334 
 534 483 566 511 53 0.7227 
 281 341 316 368 53 0.7168 
 317 118 339 145 53 0.715 
 230 379 259 403 53 0.7075 
 178 306 202 333 53 0.7017 
 290 112 318 143 53 0.6978 
 434 184 466 214 53 0.6978 
 182 47 209 72 53 0.6934 
 652 318 678 342 53 0.6857 
 341 337 364 364 53 0.6837 
 166 382 192 408 53 0.6748 
 335 99 364 123 53 0.6699 
 180 222 213 250 53 0.6646 
 214 399 246 423 53 0.6646 
 292 174 316 199 53 0.6636 
 577 11 610 40 53 0.644 
 232 30 262 51 53 0.626 
 328 311 352 337 53 0.6213 
 604 0 629 26 53 0.606 
 515 20 547 48 53 0.605 
 166 48 183 72 53 0.6047 
 116 308 136 334 53 0.6037 
 642 505 674 531 53 0.5981 
 442 437 469 460 53 0.5962 
 407 356 428 379 53 0.5896 
 164 451 199 475 53 0.584 
 516 596 543 620 53 0.584 
 340 560 378 587 53 0.583 
 456 453 484 474 53 0.5806 
 98 389 129 417 53 0.5737 
 466 335 494 361 53 0.5659 
 615 473 645 497 53 0.5601 
 369 196 394 217 53 0.5564 
 469 294 499 317 53 0.5498 
 514 296 539 324 53 0.5498 
 479 596 512 624 53 0.542 
 223 370 236 390 53 0.5359 
 222 58 244 79 53 0.5293 
 410 137 444 163 53 0.5273 
 344 405 369 425 53 0.5234 
 678 405 697 421 53 0.522 
 646 356 670 374 53 0.5098 
 397 422 422 449 53 0.5039 
 292 510 327 537 53 0.5039 
 381 321 395 343 53 0.4998 
 157 435 180 459 53 0.4873 
 553 1 584 25 53 0.4834 
 340 369 359 390 53 0.4832 
 379 540 394 569 53 0.4795 
 378 181 395 200 53 0.4793 
 303 559 344 590 53 0.4736 
 374 373 395 399 53 0.4561 
 151 390 167 416 53 0.4495 
 194 434 220 462 53 0.4465 
 430 496 444 515 53 0.4251 
 129 361 148 385 53 0.4146 
 176 398 204 421 53 0.397 
 285 86 299 107 53 0.3819 
 344 123 358 138 53 0.369 
 216 63 238 81 53 0.3667 
 400 558 432 586 53 0.3667 
 385 39 408 62 53 0.3584 
 463 50 480 72 53 0.3557 
 212 189 241 214 53 0.354 
 337 631 356 654 53 0.3408 
 523 387 542 409 53 0.3326 
 221 369 253 395 53 0.3167 
 605 356 624 373 53 0.2925 
 138 390 150 416 53 0.2744 
 353 401 381 422 53 0.2659 
 493 62 525 86 53 0.2576 
 610 534 643 564 53 0.2561 
 397 192 408 207 53 0.2524 
