98 165 128 194 53 0.8589 
 511 30 547 66 53 0.854 
 623 658 660 695 53 0.8491 
 38 178 75 210 53 0.8452 
 470 15 506 49 53 0.8433 
 304 115 339 146 53 0.8408 
 357 482 390 512 53 0.8296 
 410 5 446 42 53 0.8291 
 499 117 537 151 53 0.8287 
 429 130 470 163 53 0.8262 
 643 142 680 173 53 0.8257 
 492 523 532 555 53 0.8233 
 71 69 107 98 53 0.8223 
 487 499 522 525 53 0.8223 
 434 70 473 103 53 0.8214 
 0 190 34 221 53 0.8208 
 197 75 234 107 53 0.8199 
 564 97 601 136 53 0.8198 
 341 138 385 170 53 0.8184 
 594 282 631 316 53 0.8174 
 387 102 425 133 53 0.8169 
 263 297 296 326 53 0.8155 
 209 0 250 29 53 0.8154 
 154 305 191 335 53 0.8105 
 328 409 363 440 53 0.8081 
 197 396 235 425 53 0.8062 
 263 211 295 240 53 0.8062 
 275 559 308 591 53 0.8057 
 42 139 77 171 53 0.8028 
 402 316 431 347 53 0.8023 
 519 452 548 485 53 0.7988 
 306 57 341 84 53 0.7969 
 443 569 477 608 53 0.7964 
 40 290 72 320 53 0.7959 
 613 611 653 647 53 0.7959 
 170 257 209 289 53 0.7886 
 410 211 441 235 53 0.7871 
 408 242 435 267 53 0.7861 
 150 431 185 460 53 0.7861 
 69 159 94 192 53 0.7857 
 313 190 353 227 53 0.7827 
 26 351 59 390 53 0.7812 
 325 479 360 512 53 0.7798 
 148 465 178 493 53 0.7793 
 7 1 39 25 53 0.7788 
 536 131 575 165 53 0.7788 
 127 18 158 47 53 0.7773 
 375 282 415 319 53 0.7773 
 635 288 664 316 53 0.7773 
 472 449 507 486 53 0.771 
 452 249 489 283 53 0.7705 
 532 332 568 365 53 0.7695 
 202 184 239 218 53 0.7692 
 259 394 293 424 53 0.7686 
 526 218 565 251 53 0.7672 
 575 372 610 402 53 0.7637 
 659 86 692 120 53 0.7583 
 564 279 594 313 53 0.7568 
 354 208 374 233 53 0.7565 
 630 202 664 227 53 0.7544 
 213 447 249 476 53 0.7511 
 35 392 53 421 53 0.7482 
 224 306 259 336 53 0.7456 
 374 587 410 618 53 0.7443 
 49 37 79 61 53 0.7388 
 443 478 472 503 53 0.7363 
 659 26 692 52 53 0.7363 
 571 641 607 673 53 0.7324 
 536 179 573 209 53 0.731 
 417 266 453 295 53 0.7295 
 185 420 218 445 53 0.7256 
 347 348 374 379 53 0.7238 
 274 455 302 481 53 0.7202 
 547 508 584 538 53 0.7096 
 406 649 438 679 53 0.7065 
 262 86 282 115 53 0.7028 
 310 1 348 22 53 0.7026 
 595 649 628 682 53 0.7017 
 279 373 307 397 53 0.6982 
 404 54 431 83 53 0.6978 
 388 174 426 207 53 0.6964 
 134 394 169 430 53 0.6964 
 99 358 137 386 53 0.687 
 270 242 293 266 53 0.6847 
 240 281 266 308 53 0.6792 
 608 186 637 217 53 0.6768 
 282 122 307 150 53 0.6748 
 621 315 641 335 53 0.6724 
 335 38 357 64 53 0.6655 
 629 557 663 590 53 0.6655 
 680 139 704 174 53 0.6646 
 645 346 677 377 53 0.6621 
 307 541 334 568 53 0.6567 
 434 442 465 466 53 0.6558 
 220 526 247 554 53 0.6523 
 132 467 155 498 53 0.652 
 675 652 704 693 53 0.6514 
 652 308 683 333 53 0.6489 
 245 208 266 230 53 0.6423 
 492 207 531 227 53 0.6387 
 501 372 527 400 53 0.6377 
 598 12 628 37 53 0.6318 
 202 475 237 508 53 0.627 
 327 548 361 579 53 0.6226 
 0 85 24 111 53 0.6203 
 252 356 278 384 53 0.6187 
 501 632 537 667 53 0.6143 
 430 649 461 686 53 0.6143 
 653 602 690 628 53 0.6133 
 14 73 46 94 53 0.6069 
 476 92 507 114 53 0.603 
 310 568 328 593 53 0.5938 
 496 666 525 697 53 0.5928 
 248 344 264 367 53 0.5922 
 617 27 652 57 53 0.5859 
 562 254 582 280 53 0.5847 
 596 316 623 348 53 0.584 
 293 181 316 203 53 0.5806 
 367 554 387 577 53 0.5757 
 452 15 477 41 53 0.5718 
 681 392 704 424 53 0.5581 
 487 242 514 270 53 0.5566 
 448 95 476 118 53 0.5564 
 525 683 566 704 53 0.5557 
 547 39 570 70 53 0.5537 
 681 8 699 34 53 0.5525 
 310 300 341 322 53 0.5488 
 118 192 141 215 53 0.5439 
 471 432 492 455 53 0.542 
 607 251 632 278 53 0.5361 
 680 624 704 658 53 0.5283 
 622 531 645 560 53 0.5156 
 596 1 633 17 53 0.5146 
 542 367 573 386 53 0.5098 
 691 241 704 269 53 0.4805 
 258 482 289 511 53 0.4766 
 276 591 313 630 53 0.459 
 253 513 291 548 53 0.4561 
 620 91 646 119 53 0.4465 
 166 62 198 89 53 0.4456 
 504 429 532 460 53 0.4387 
 657 576 695 603 53 0.4321 
 31 312 70 330 53 0.4272 
 271 2 318 31 53 0.4082 
 584 262 604 281 53 0.4055 
 302 247 326 271 53 0.4006 
 679 496 704 527 53 0.3999 
 81 189 106 211 53 0.3999 
 187 391 199 414 53 0.3943 
 501 280 533 305 53 0.3923 
 438 376 451 399 53 0.3865 
 690 625 703 650 53 0.3821 
 318 69 356 102 53 0.3811 
 292 306 318 327 53 0.3804 
 632 65 647 94 53 0.3757 
 657 1 685 27 53 0.3738 
 162 10 193 39 53 0.373 
 179 604 216 641 53 0.3711 
 491 502 530 546 53 0.3689 
 230 97 264 133 53 0.3674 
 573 176 603 204 53 0.3647 
 472 1 511 16 53 0.3621 
 70 392 94 414 53 0.3604 
 0 274 9 303 53 0.354 
 282 587 313 610 53 0.3469 
 98 356 117 382 53 0.3398 
 572 313 591 329 53 0.3381 
 382 32 400 48 53 0.3149 
 561 91 578 111 53 0.3032 
 179 59 216 82 53 0.2998 
 548 427 568 450 53 0.2901 
 5 469 40 497 53 0.2893 
 322 670 357 698 53 0.2886 
 43 135 78 203 53 0.2825 
 360 357 384 379 53 0.2822 
 131 194 165 212 53 0.2791 
 335 361 355 382 53 0.2666 
 132 153 149 176 53 0.2665 
 649 14 671 37 53 0.2651 
 222 187 243 216 53 0.2629 
 646 518 677 547 53 0.2612 
 0 176 10 196 53 0.2502 
