596 346 626 371 53 0.8199 
 581 328 611 350 53 0.793 
 489 72 518 105 53 0.7593 
 300 59 327 89 53 0.7227 
 429 82 455 107 53 0.6989 
 311 390 336 414 53 0.6396 
 276 71 302 95 53 0.6387 
 379 438 406 462 53 0.6226 
 199 311 225 333 53 0.6226 
 463 5 492 31 53 0.6167 
 52 163 82 192 53 0.605 
 468 109 493 136 53 0.5909 
 59 481 88 502 53 0.5708 
 493 203 516 228 53 0.561 
 2 268 25 287 53 0.5349 
 20 195 39 211 53 0.5124 
 662 158 688 182 53 0.5029 
 639 23 661 42 53 0.5017 
 445 425 478 450 53 0.5 
 316 27 338 46 53 0.4995 
 631 0 652 30 53 0.4893 
 373 679 399 701 53 0.4893 
 352 365 384 395 53 0.46 
 609 0 628 19 53 0.4549 
 291 518 314 542 53 0.4473 
 275 466 295 488 53 0.4444 
 63 208 81 226 53 0.4348 
 458 3 479 31 53 0.4321 
 458 294 483 319 53 0.4187 
 80 362 98 380 53 0.4119 
 156 327 179 352 53 0.4014 
 645 5 670 25 53 0.3867 
 623 232 643 249 53 0.3831 
 637 185 664 211 53 0.3784 
 332 378 361 415 53 0.3757 
 585 334 619 368 53 0.3535 
 90 442 115 465 53 0.3459 
 292 649 320 674 53 0.3286 
 353 413 372 431 53 0.3242 
 458 142 483 164 53 0.3172 
 686 73 702 96 53 0.3038 
 675 137 694 156 53 0.2948 
 568 101 590 121 53 0.2917 
 373 635 388 657 53 0.2681 
 377 493 393 508 53 0.2681 
 487 0 511 22 53 0.2622 
 606 1 646 21 53 0.2583 
 456 434 488 459 53 0.2554 
 217 39 251 73 53 0.2546 
