465 321 503 357 53 0.8569 
 453 368 497 405 53 0.8564 
 493 6 533 42 53 0.8467 
 271 328 308 369 53 0.8438 
 278 10 315 46 53 0.8398 
 344 72 381 112 53 0.8398 
 647 334 685 365 53 0.8398 
 505 166 549 207 53 0.8364 
 417 0 458 32 53 0.8345 
 144 232 180 271 53 0.833 
 307 96 351 139 53 0.8296 
 583 335 620 368 53 0.8291 
 400 232 439 271 53 0.8276 
 492 98 530 131 53 0.8237 
 180 103 224 138 53 0.8204 
 539 275 582 308 53 0.8193 
 490 444 533 486 53 0.8169 
 573 117 613 153 53 0.816 
 630 175 666 207 53 0.8154 
 67 221 114 261 53 0.8105 
 461 52 500 92 53 0.8091 
 247 0 284 28 53 0.8081 
 366 153 410 189 53 0.8081 
 129 446 176 485 53 0.8081 
 417 65 460 112 53 0.8081 
 19 229 55 263 53 0.8072 
 538 408 583 445 53 0.8066 
 593 641 629 674 53 0.8037 
 548 164 582 195 53 0.8027 
 606 292 652 332 53 0.8027 
 130 182 170 222 53 0.8018 
 639 71 675 104 53 0.8014 
 206 397 246 433 53 0.7993 
 146 494 178 526 53 0.7983 
 331 370 376 407 53 0.7974 
 118 234 148 263 53 0.7969 
 45 571 87 606 53 0.791 
 676 286 704 328 53 0.7891 
 0 609 45 645 53 0.7891 
 229 476 272 514 53 0.7891 
 639 576 680 611 53 0.7891 
 470 122 506 154 53 0.7887 
 310 533 356 577 53 0.7886 
 642 199 677 234 53 0.7881 
 98 463 128 496 53 0.7881 
 646 288 679 321 53 0.7871 
 660 86 697 116 53 0.7798 
 428 481 474 516 53 0.7793 
 0 157 47 190 53 0.7788 
 608 441 646 473 53 0.7775 
 497 245 531 279 53 0.7769 
 363 425 401 454 53 0.7765 
 486 512 526 544 53 0.7744 
 3 644 35 675 53 0.7744 
 97 339 138 373 53 0.7734 
 569 18 608 53 53 0.7725 
 38 117 79 156 53 0.7656 
 221 112 263 148 53 0.7598 
 176 196 214 229 53 0.7563 
 70 7 106 43 53 0.7555 
 89 576 128 609 53 0.7544 
 541 463 575 497 53 0.7505 
 395 175 439 209 53 0.75 
 356 198 408 242 53 0.75 
 528 531 571 573 53 0.7485 
 601 551 646 596 53 0.7485 
 289 353 326 384 53 0.7441 
 109 545 152 580 53 0.7417 
 408 595 453 638 53 0.7358 
 523 105 544 132 53 0.733 
 195 613 235 645 53 0.7324 
 47 228 74 258 53 0.731 
 524 51 556 82 53 0.7241 
 376 299 413 334 53 0.7217 
 434 280 477 318 53 0.7207 
 325 591 363 623 53 0.7178 
 225 514 263 546 53 0.7129 
 506 373 535 399 53 0.7101 
 588 79 632 112 53 0.7056 
 44 404 79 430 53 0.7026 
 205 47 251 82 53 0.7017 
 263 270 308 306 53 0.6919 
 376 0 410 28 53 0.6895 
 244 608 289 644 53 0.687 
 476 432 511 458 53 0.6803 
 579 452 615 480 53 0.6772 
 53 349 79 380 53 0.6738 
 387 125 421 152 53 0.6738 
 349 122 385 157 53 0.6689 
 393 535 429 569 53 0.667 
 29 664 63 688 53 0.6665 
 412 643 451 673 53 0.6626 
 0 182 20 207 53 0.6387 
 107 647 131 678 53 0.6333 
 483 636 520 666 53 0.6333 
 81 668 124 702 53 0.6279 
 98 0 124 26 53 0.5938 
 503 44 542 79 53 0.5757 
 333 1 369 15 53 0.5679 
 10 488 51 518 53 0.5659 
 233 227 265 254 53 0.5381 
 404 318 431 342 53 0.5361 
 580 661 611 694 53 0.5342 
 15 546 57 574 53 0.5342 
 296 463 311 487 53 0.5332 
 65 499 104 530 53 0.5254 
 332 679 370 703 53 0.5205 
 71 658 99 681 53 0.5203 
 692 194 703 224 53 0.5156 
 359 289 390 316 53 0.5088 
 561 625 597 657 53 0.5068 
 694 419 701 451 53 0.5039 
 89 356 108 381 53 0.4854 
 323 646 354 676 53 0.4785 
 80 1 123 34 53 0.4766 
 531 26 573 55 53 0.4688 
 404 684 448 703 53 0.458 
 483 145 519 165 53 0.457 
 326 488 352 517 53 0.4495 
 38 401 63 430 53 0.4377 
 603 42 637 64 53 0.4358 
 441 686 486 704 53 0.4341 
 0 633 17 658 53 0.4177 
 227 688 273 704 53 0.4167 
 442 24 490 51 53 0.4082 
 531 461 547 486 53 0.4045 
 613 682 653 704 53 0.4016 
 494 368 520 399 53 0.3887 
 613 592 632 611 53 0.3885 
 132 138 172 163 53 0.3857 
 1 361 7 382 53 0.3829 
 474 106 522 157 53 0.3826 
 565 446 583 470 53 0.3774 
 172 121 191 154 53 0.3523 
 586 620 606 651 53 0.3416 
 520 603 537 628 53 0.3293 
 150 676 175 701 53 0.3074 
 253 1 319 41 53 0.302 
 687 418 704 451 53 0.2886 
 482 433 522 473 53 0.2744 
 133 229 160 267 53 0.2659 
 344 490 364 514 53 0.2605 
