256 416 291 447 53 0.8359 
 513 388 554 423 53 0.8336 
 502 272 545 309 53 0.8286 
 598 345 625 375 53 0.8267 
 132 351 175 385 53 0.8252 
 103 406 146 439 53 0.8214 
 521 186 557 222 53 0.8198 
 420 398 447 423 53 0.8141 
 453 411 497 446 53 0.8111 
 308 341 346 373 53 0.8101 
 553 240 594 273 53 0.8086 
 461 445 500 475 53 0.8082 
 305 438 345 469 53 0.8066 
 121 243 162 274 53 0.8062 
 130 534 170 567 53 0.8062 
 202 136 238 167 53 0.8048 
 309 274 346 301 53 0.8013 
 665 352 702 382 53 0.7983 
 551 405 591 437 53 0.7969 
 232 289 268 323 53 0.793 
 228 189 267 222 53 0.7886 
 343 432 371 464 53 0.7847 
 514 576 554 608 53 0.7832 
 334 177 379 217 53 0.7827 
 292 135 331 172 53 0.7794 
 97 490 125 523 53 0.7775 
 648 326 678 354 53 0.7769 
 180 158 220 191 53 0.7759 
 507 317 535 337 53 0.7739 
 440 127 477 157 53 0.7739 
 439 92 478 129 53 0.7661 
 212 351 246 382 53 0.7643 
 642 451 674 477 53 0.7642 
 12 438 49 470 53 0.7627 
 629 361 655 396 53 0.7618 
 596 456 618 479 53 0.7609 
 89 597 128 627 53 0.7578 
 352 121 393 154 53 0.7565 
 437 275 480 305 53 0.7563 
 595 513 632 540 53 0.7563 
 499 506 538 538 53 0.754 
 554 297 585 322 53 0.7529 
 316 182 337 213 53 0.7516 
 654 184 682 212 53 0.749 
 48 321 85 352 53 0.7407 
 199 444 243 475 53 0.7355 
 591 238 632 268 53 0.7319 
 261 320 292 345 53 0.7285 
 65 670 96 699 53 0.728 
 82 291 114 325 53 0.7256 
 444 351 483 381 53 0.7252 
 449 557 483 587 53 0.6816 
 275 300 313 328 53 0.6738 
 388 582 429 614 53 0.6724 
 378 82 413 111 53 0.6689 
 530 526 559 553 53 0.668 
 511 470 534 485 53 0.6636 
 58 452 86 471 53 0.6592 
 277 493 296 523 53 0.6582 
 37 587 72 616 53 0.647 
 285 481 311 500 53 0.6377 
 74 153 104 183 53 0.6362 
 514 180 532 201 53 0.6359 
 373 559 400 586 53 0.6353 
 495 605 526 635 53 0.6299 
 315 243 331 266 53 0.613 
 0 590 15 620 53 0.604 
 571 592 605 621 53 0.5928 
 371 638 406 669 53 0.5859 
 64 603 95 631 53 0.542 
 324 541 366 570 53 0.541 
 612 279 638 304 53 0.5408 
 75 533 93 561 53 0.529 
 2 392 17 409 53 0.5261 
 263 671 303 702 53 0.5225 
 635 478 670 499 53 0.5146 
 669 182 699 208 53 0.4912 
 556 103 594 131 53 0.4658 
 5 317 33 339 53 0.4639 
 686 237 704 262 53 0.459 
 102 293 121 322 53 0.4263 
 615 176 635 204 53 0.4082 
 84 540 110 566 53 0.3896 
 179 158 199 185 53 0.3811 
 369 80 399 109 53 0.3757 
 190 644 229 673 53 0.3513 
 111 201 148 222 53 0.3191 
 364 388 373 412 53 0.3123 
 126 268 157 290 53 0.3091 
 238 597 263 615 53 0.304 
 372 319 393 338 53 0.2665 
 341 239 370 266 53 0.2659 
 208 374 239 393 53 0.259 
 397 84 417 112 53 0.2554 
