402 276 431 304 53 0.7778 
 457 370 482 393 53 0.7467 
 456 288 482 316 53 0.728 
 448 449 479 478 53 0.6875 
 550 303 577 330 53 0.6611 
 511 424 542 455 53 0.6133 
 574 410 605 434 53 0.6074 
 468 511 484 536 53 0.5735 
 345 401 359 423 53 0.5725 
 463 486 481 508 53 0.563 
 343 658 372 685 53 0.5293 
 503 119 529 153 53 0.5137 
 472 102 510 131 53 0.4814 
 560 668 585 699 53 0.4685 
 540 670 557 693 53 0.4578 
 492 4 513 34 53 0.4456 
 685 460 703 487 53 0.4312 
 543 333 572 357 53 0.4302 
 406 170 435 201 53 0.4253 
 691 459 702 482 53 0.4214 
 531 97 551 123 53 0.4204 
 431 43 461 66 53 0.4016 
 374 219 406 249 53 0.3999 
 311 506 344 531 53 0.3867 
 479 19 501 44 53 0.3767 
 414 334 427 349 53 0.3709 
 584 624 614 657 53 0.3638 
 435 191 466 216 53 0.3584 
 686 306 704 331 53 0.3311 
 424 456 446 480 53 0.3293 
 344 325 362 345 53 0.2783 
 439 63 467 91 53 0.2568 
 492 200 527 229 53 0.2546 
