472 2 509 31 53 0.8408 
 228 400 253 423 53 0.7866 
 500 13 535 42 53 0.772 
 139 380 161 414 53 0.7574 
 23 382 47 412 53 0.7565 
 612 2 640 30 53 0.7555 
 400 75 431 105 53 0.7256 
 167 194 199 222 53 0.7188 
 265 354 293 379 53 0.7031 
 227 328 255 354 53 0.6802 
 553 383 587 413 53 0.6748 
 506 125 537 164 53 0.6724 
 62 25 95 58 53 0.6686 
 327 8 357 33 53 0.6621 
 21 30 39 56 53 0.6618 
 262 388 295 419 53 0.6577 
 26 419 59 450 53 0.6533 
 535 43 567 67 53 0.6489 
 477 35 505 65 53 0.6457 
 20 330 50 357 53 0.644 
 2 388 24 411 53 0.6374 
 610 340 633 368 53 0.634 
 320 163 364 195 53 0.6279 
 18 260 49 283 53 0.626 
 428 3 464 31 53 0.625 
 110 396 139 423 53 0.6177 
 54 109 84 140 53 0.6174 
 97 381 120 411 53 0.6174 
 177 2 211 30 53 0.6074 
 609 219 641 247 53 0.6021 
 186 316 216 338 53 0.5908 
 633 27 669 55 53 0.5908 
 124 358 148 386 53 0.5869 
 114 31 148 70 53 0.585 
 344 35 378 63 53 0.584 
 164 236 190 262 53 0.583 
 19 284 37 312 53 0.5817 
 45 33 66 60 53 0.5815 
 325 396 344 416 53 0.5783 
 308 140 330 170 53 0.5715 
 78 332 103 361 53 0.5688 
 134 199 161 227 53 0.561 
 581 338 608 366 53 0.561 
 9 511 39 538 53 0.5601 
 408 18 439 56 53 0.5571 
 5 114 30 150 53 0.5537 
 281 168 304 199 53 0.5498 
 686 7 704 35 53 0.5495 
 153 253 170 276 53 0.5479 
 212 239 235 264 53 0.5398 
 508 58 543 85 53 0.5391 
 60 303 92 333 53 0.5342 
 142 42 168 70 53 0.5293 
 252 329 268 355 53 0.529 
 18 84 46 113 53 0.5273 
 29 482 54 510 53 0.5273 
 182 370 221 402 53 0.5264 
 215 261 242 284 53 0.5186 
 36 115 59 142 53 0.5166 
 145 209 176 243 53 0.5117 
 62 81 86 114 53 0.5078 
 473 52 502 76 53 0.5068 
 531 16 553 40 53 0.5017 
 181 230 214 262 53 0.4932 
 1 470 34 504 53 0.4805 
 591 53 607 78 53 0.4763 
 597 307 621 336 53 0.4727 
 638 5 663 29 53 0.4707 
 368 97 395 134 53 0.4668 
 215 322 239 351 53 0.4668 
 99 367 128 388 53 0.4658 
 601 203 627 223 53 0.4617 
 0 53 19 77 53 0.4609 
 301 367 328 399 53 0.459 
 60 352 92 384 53 0.4561 
 551 66 583 92 53 0.4551 
 0 342 15 366 53 0.4524 
 643 368 673 393 53 0.4485 
 25 310 48 333 53 0.4387 
 439 165 475 189 53 0.4387 
 365 379 387 406 53 0.4375 
 50 448 76 473 53 0.4351 
 581 220 614 239 53 0.4341 
 432 52 454 83 53 0.4331 
 118 330 150 362 53 0.4292 
 270 311 295 332 53 0.4282 
 280 431 308 458 53 0.4233 
 582 54 611 90 53 0.4233 
 21 140 41 168 53 0.4195 
 590 173 616 205 53 0.4187 
 677 27 704 55 53 0.4082 
 55 57 82 78 53 0.4072 
 558 269 596 299 53 0.3979 
 170 0 194 28 53 0.3941 
 550 0 578 17 53 0.3867 
 300 52 319 73 53 0.3865 
 487 80 512 103 53 0.3857 
 37 268 64 295 53 0.3821 
 283 96 309 122 53 0.3804 
 578 0 602 16 53 0.3794 
 382 335 404 362 53 0.3748 
 452 228 478 259 53 0.3721 
 668 80 692 104 53 0.3701 
 472 225 502 256 53 0.3699 
 99 319 118 345 53 0.3577 
 94 84 120 114 53 0.3567 
 646 24 673 48 53 0.3557 
 47 78 72 107 53 0.353 
 13 354 30 376 53 0.3494 
 229 230 256 268 53 0.3345 
 232 466 249 489 53 0.332 
 190 436 223 460 53 0.3293 
 692 293 703 319 53 0.3235 
 373 26 390 50 53 0.3201 
 506 348 531 373 53 0.3157 
 83 55 111 90 53 0.314 
 523 102 555 129 53 0.3132 
 371 30 408 54 53 0.3098 
 453 118 484 141 53 0.3081 
 554 243 576 271 53 0.3057 
 415 32 441 62 53 0.304 
 431 390 467 415 53 0.3015 
 120 9 139 31 53 0.2959 
 527 0 548 13 53 0.2949 
 0 544 20 579 53 0.2925 
 93 288 135 324 53 0.2925 
 510 366 538 389 53 0.2903 
 413 0 426 16 53 0.2837 
 303 299 314 322 53 0.2791 
 89 661 104 689 53 0.2766 
 90 286 113 319 53 0.2759 
 525 117 559 148 53 0.2737 
 117 335 153 384 53 0.2737 
 0 240 20 278 53 0.2705 
 96 448 146 495 53 0.2629 
 593 209 622 243 53 0.2583 
 340 325 363 350 53 0.2531 
