591 462 627 496 53 0.855 
 620 28 660 58 53 0.8443 
 295 379 334 417 53 0.8418 
 677 244 704 279 53 0.8399 
 662 442 699 474 53 0.8398 
 337 257 373 286 53 0.8311 
 92 416 131 453 53 0.8296 
 641 489 673 523 53 0.8232 
 652 4 690 35 53 0.8223 
 615 258 648 289 53 0.8208 
 536 489 572 520 53 0.8189 
 445 75 483 100 53 0.8188 
 425 128 458 161 53 0.8188 
 366 393 404 431 53 0.8164 
 589 213 619 247 53 0.8145 
 270 391 299 420 53 0.8115 
 169 140 203 169 53 0.8087 
 421 357 463 393 53 0.8087 
 175 11 203 46 53 0.8058 
 438 229 473 260 53 0.8042 
 643 251 676 283 53 0.8028 
 548 136 582 167 53 0.8023 
 467 655 508 688 53 0.7939 
 354 173 382 198 53 0.792 
 436 627 468 661 53 0.792 
 621 218 655 251 53 0.7916 
 458 135 489 165 53 0.7905 
 349 531 380 562 53 0.7881 
 455 298 496 336 53 0.7866 
 24 60 54 90 53 0.7852 
 490 467 525 495 53 0.7847 
 584 359 623 392 53 0.7823 
 656 117 682 141 53 0.777 
 420 440 447 475 53 0.7725 
 453 602 491 633 53 0.7687 
 505 279 539 313 53 0.752 
 497 639 530 676 53 0.752 
 411 638 439 671 53 0.7505 
 676 31 704 64 53 0.749 
 157 0 184 33 53 0.7467 
 492 349 535 384 53 0.7461 
 346 238 371 263 53 0.741 
 483 197 522 230 53 0.7407 
 524 183 544 214 53 0.7404 
 129 22 154 47 53 0.7335 
 0 236 18 270 53 0.7335 
 364 497 401 529 53 0.7319 
 575 492 610 522 53 0.7282 
 551 164 579 185 53 0.7231 
 127 437 166 471 53 0.7192 
 433 6 459 37 53 0.7184 
 575 133 598 164 53 0.7174 
 567 448 597 481 53 0.7148 
 208 580 245 614 53 0.7148 
 93 461 137 498 53 0.7124 
 509 660 543 692 53 0.7051 
 407 11 436 41 53 0.7031 
 672 289 703 319 53 0.6992 
 164 594 202 627 53 0.6992 
 392 7 423 41 53 0.6958 
 575 298 602 332 53 0.6837 
 26 0 64 23 53 0.6782 
 111 16 133 40 53 0.6696 
 254 322 281 351 53 0.6665 
 210 471 247 500 53 0.6646 
 221 192 245 220 53 0.6621 
 127 518 157 555 53 0.6611 
 177 105 214 137 53 0.6377 
 286 287 326 314 53 0.6362 
 388 245 431 275 53 0.625 
 448 349 478 371 53 0.6245 
 463 8 491 35 53 0.6074 
 328 573 360 605 53 0.6069 
 583 138 605 167 53 0.5962 
 218 261 251 292 53 0.5962 
 473 549 504 576 53 0.5938 
 526 535 551 560 53 0.5928 
 85 406 113 427 53 0.5925 
 625 60 642 85 53 0.5918 
 665 589 704 630 53 0.5801 
 378 286 409 316 53 0.5796 
 189 475 217 510 53 0.5737 
 289 531 315 559 53 0.5659 
 529 230 549 254 53 0.5649 
 242 17 255 40 53 0.5557 
 250 593 287 619 53 0.5557 
 312 106 335 129 53 0.5 
 322 220 352 250 53 0.4951 
 278 364 301 389 53 0.4912 
 246 172 272 198 53 0.4619 
 253 620 285 653 53 0.4619 
 610 57 637 82 53 0.4504 
 429 294 449 311 53 0.4444 
 449 263 475 289 53 0.4341 
 45 282 72 307 53 0.4331 
 606 207 631 241 53 0.4243 
 243 581 268 608 53 0.4233 
 241 279 265 302 53 0.4214 
 689 60 702 82 53 0.4167 
 0 1 13 24 53 0.4158 
 342 315 390 353 53 0.4153 
 411 247 436 278 53 0.4045 
 452 312 469 337 53 0.4034 
 639 421 665 447 53 0.3774 
 99 423 154 463 53 0.3716 
 127 321 153 348 53 0.3701 
 658 310 681 327 53 0.3629 
 392 243 411 272 53 0.3485 
 337 230 371 256 53 0.332 
 617 252 674 290 53 0.2949 
 196 139 220 166 53 0.2935 
 226 354 245 375 53 0.2854 
 228 191 259 218 53 0.2783 
 557 527 592 556 53 0.2727 
 526 464 559 485 53 0.259 
