197 123 229 155 53 0.856 
 459 286 486 314 53 0.8531 
 508 175 541 204 53 0.8423 
 299 254 327 285 53 0.8419 
 557 320 587 351 53 0.8364 
 232 212 262 239 53 0.8326 
 145 65 169 90 53 0.8214 
 591 181 625 209 53 0.8208 
 3 606 36 636 53 0.8208 
 517 32 550 61 53 0.8203 
 554 445 585 477 53 0.8199 
 524 252 554 278 53 0.8174 
 564 373 597 398 53 0.8154 
 358 242 386 268 53 0.8145 
 388 404 418 429 53 0.8105 
 276 190 305 214 53 0.8066 
 216 117 245 140 53 0.8042 
 184 233 213 256 53 0.8008 
 207 236 236 269 53 0.7999 
 411 431 430 463 53 0.797 
 644 188 674 213 53 0.7939 
 669 181 689 209 53 0.7936 
 624 455 656 479 53 0.792 
 268 552 295 578 53 0.7881 
 360 152 388 179 53 0.7871 
 651 319 677 343 53 0.7867 
 549 309 570 326 53 0.7866 
 67 608 101 637 53 0.7798 
 143 430 172 458 53 0.7788 
 151 103 166 128 53 0.7771 
 485 29 518 62 53 0.7759 
 682 287 703 316 53 0.775 
 198 495 219 520 53 0.7721 
 613 58 645 85 53 0.7692 
 688 374 703 403 53 0.7667 
 291 503 322 530 53 0.7598 
 402 384 428 408 53 0.7544 
 595 211 621 235 53 0.7531 
 590 308 613 333 53 0.7516 
 660 385 689 411 53 0.7505 
 442 337 463 363 53 0.7482 
 118 55 145 75 53 0.7476 
 634 518 666 544 53 0.7461 
 257 605 275 629 53 0.7457 
 168 426 193 453 53 0.7452 
 6 463 36 490 53 0.7407 
 387 247 404 275 53 0.7404 
 562 493 589 520 53 0.7404 
 261 205 280 232 53 0.736 
 273 605 299 634 53 0.733 
 631 120 650 142 53 0.7316 
 650 96 673 116 53 0.7249 
 494 234 521 257 53 0.7241 
 535 158 563 187 53 0.7148 
 19 632 51 665 53 0.7124 
 353 323 384 349 53 0.7114 
 54 146 91 177 53 0.71 
 618 205 639 232 53 0.7086 
 671 549 697 574 53 0.7072 
 477 175 491 201 53 0.7062 
 454 373 476 392 53 0.7038 
 122 439 146 461 53 0.6989 
 157 168 182 198 53 0.6982 
 478 375 493 397 53 0.6916 
 228 316 253 339 53 0.6909 
 520 454 557 485 53 0.6899 
 192 427 210 456 53 0.6851 
 543 0 561 18 53 0.6847 
 345 110 378 137 53 0.6816 
 178 485 199 513 53 0.6764 
 12 15 34 38 53 0.6745 
 400 356 429 380 53 0.6699 
 78 31 99 56 53 0.6589 
 121 388 138 413 53 0.6577 
 673 146 695 178 53 0.6538 
 624 402 654 424 53 0.6523 
 354 420 372 446 53 0.6467 
 592 249 620 273 53 0.6372 
 690 58 703 90 53 0.6309 
 309 87 334 110 53 0.6232 
 620 253 644 278 53 0.6101 
 596 278 614 298 53 0.6074 
 339 497 364 525 53 0.5991 
 64 25 83 51 53 0.5928 
 50 216 81 249 53 0.5898 
 48 13 70 42 53 0.5813 
 337 327 353 352 53 0.5803 
 513 209 533 222 53 0.5803 
 679 604 703 628 53 0.5774 
 94 668 120 697 53 0.5774 
 658 3 687 27 53 0.5737 
 577 294 594 320 53 0.5679 
 470 217 479 238 53 0.5554 
 3 646 20 673 53 0.5527 
 4 0 31 21 53 0.5508 
 441 655 461 681 53 0.5505 
 0 518 18 544 53 0.5417 
 326 205 358 224 53 0.5312 
 382 108 417 132 53 0.5293 
 434 630 464 657 53 0.5195 
 182 603 216 630 53 0.5049 
 682 147 703 177 53 0.501 
 500 198 517 220 53 0.4785 
 475 356 497 371 53 0.4746 
 213 441 225 459 53 0.4685 
 305 359 329 382 53 0.4646 
 637 299 651 320 53 0.4578 
 28 221 54 248 53 0.4426 
 677 45 701 64 53 0.4407 
 135 643 157 664 53 0.4397 
 663 489 681 508 53 0.4331 
 669 673 702 700 53 0.4331 
 478 239 490 262 53 0.4282 
 38 688 74 703 53 0.4282 
 559 553 588 583 53 0.4187 
 541 495 560 515 53 0.4146 
 183 642 203 667 53 0.4141 
 101 32 118 56 53 0.4119 
 487 528 506 553 53 0.4092 
 685 533 701 554 53 0.4063 
 76 685 92 704 53 0.4055 
 504 0 530 15 53 0.3914 
 119 360 136 386 53 0.3857 
 58 651 82 676 53 0.3804 
 429 463 448 477 53 0.3765 
 654 127 676 151 53 0.3611 
 374 427 390 449 53 0.3602 
 459 397 479 416 53 0.3469 
 260 70 281 90 53 0.3452 
 113 388 132 406 53 0.3364 
 173 490 217 516 53 0.3364 
 267 641 286 662 53 0.3326 
 689 150 702 171 53 0.3123 
 32 621 57 646 53 0.3123 
 514 294 531 311 53 0.3108 
 501 208 538 224 53 0.304 
 197 650 224 676 53 0.2942 
 446 522 477 546 53 0.2854 
 339 135 364 149 53 0.2735 
 70 436 98 459 53 0.2712 
 639 298 662 327 53 0.2705 
 451 427 467 447 53 0.2666 
 73 672 98 704 53 0.2637 
