211 355 244 381 53 0.8218 
 549 466 576 491 53 0.8072 
 343 210 373 235 53 0.8008 
 487 579 522 606 53 0.8003 
 285 215 315 241 53 0.7974 
 556 381 587 411 53 0.793 
 497 248 529 273 53 0.7866 
 329 436 350 457 53 0.7789 
 168 373 197 398 53 0.7773 
 90 353 120 377 53 0.7695 
 229 302 259 328 53 0.7656 
 519 644 544 667 53 0.7656 
 145 435 178 459 53 0.7515 
 43 407 70 428 53 0.7446 
 489 271 518 295 53 0.7407 
 285 341 315 363 53 0.7393 
 165 103 194 125 53 0.7319 
 0 390 23 417 53 0.7295 
 266 136 294 161 53 0.7291 
 162 638 191 665 53 0.7241 
 580 268 609 292 53 0.7202 
 595 452 626 474 53 0.7178 
 339 277 365 300 53 0.7168 
 326 190 356 213 53 0.7153 
 70 223 94 248 53 0.7114 
 444 484 473 509 53 0.71 
 403 520 425 543 53 0.7098 
 207 405 228 428 53 0.7072 
 204 546 233 574 53 0.7026 
 285 403 313 428 53 0.6992 
 6 638 36 667 53 0.6968 
 9 2 45 30 53 0.6958 
 379 497 404 523 53 0.6943 
 503 340 526 364 53 0.6925 
 468 312 493 334 53 0.6841 
 13 352 37 376 53 0.6837 
 531 521 554 542 53 0.6836 
 540 2 569 27 53 0.6758 
 410 295 441 316 53 0.6699 
 604 49 630 72 53 0.6665 
 38 50 71 75 53 0.6636 
 0 25 39 45 53 0.6626 
 241 134 267 158 53 0.6623 
 479 534 508 559 53 0.6611 
 331 581 364 605 53 0.6567 
 104 612 138 638 53 0.6523 
 548 161 574 187 53 0.6514 
 471 26 498 44 53 0.6504 
 455 184 484 209 53 0.6299 
 385 405 412 429 53 0.6184 
 484 660 507 684 53 0.6074 
 315 138 348 164 53 0.6069 
 407 98 435 120 53 0.5889 
 191 672 224 702 53 0.5879 
 0 612 21 640 53 0.5698 
 470 171 501 197 53 0.5659 
 573 686 607 703 53 0.5649 
 350 526 375 549 53 0.5588 
 158 578 187 603 53 0.5466 
 621 14 655 40 53 0.5322 
 154 533 173 555 53 0.5088 
 25 356 49 384 53 0.5085 
 1 125 19 152 53 0.5068 
 331 19 358 47 53 0.4932 
 223 595 250 618 53 0.4824 
 504 189 532 209 53 0.4766 
 433 659 461 682 53 0.4339 
 391 520 409 541 53 0.4312 
 82 125 116 148 53 0.4292 
 187 280 205 295 53 0.4231 
 213 405 236 424 53 0.4111 
 111 62 139 86 53 0.409 
 390 649 419 674 53 0.397 
 61 28 91 49 53 0.3831 
 548 597 564 614 53 0.3773 
 374 264 407 290 53 0.3694 
 564 447 587 469 53 0.3638 
 27 460 43 476 53 0.3629 
 89 581 106 602 53 0.3604 
 346 394 369 415 53 0.3414 
 188 195 217 223 53 0.3408 
 460 174 497 209 53 0.3303 
 219 435 245 455 53 0.3286 
 569 242 584 267 53 0.3157 
 576 446 600 468 53 0.3008 
 102 236 131 258 53 0.2942 
 184 632 197 649 53 0.2869 
 380 115 397 133 53 0.2821 
 22 391 40 416 53 0.2561 
 493 129 523 151 53 0.2517 
