438 420 474 460 53 0.8154 
 292 335 324 365 53 0.7959 
 356 382 390 412 53 0.7627 
 370 446 404 487 53 0.7593 
 590 147 626 177 53 0.7568 
 425 378 449 402 53 0.7413 
 143 377 174 406 53 0.7388 
 312 303 340 329 53 0.7305 
 636 78 662 110 53 0.7217 
 264 449 297 478 53 0.7075 
 320 367 348 393 53 0.7031 
 432 396 467 423 53 0.6968 
 677 128 704 165 53 0.6646 
 144 311 169 335 53 0.6538 
 3 385 22 417 53 0.614 
 617 134 646 162 53 0.6104 
 668 90 699 124 53 0.6084 
 50 435 79 460 53 0.5981 
 576 121 604 146 53 0.5962 
 6 300 33 324 53 0.5928 
 129 380 148 401 53 0.5859 
 205 324 247 355 53 0.5796 
 165 356 196 374 53 0.5708 
 624 32 653 63 53 0.5705 
 372 295 401 316 53 0.5469 
 518 299 539 329 53 0.54 
 127 398 154 423 53 0.5359 
 333 336 359 359 53 0.5264 
 57 302 70 322 53 0.5107 
 613 264 645 297 53 0.5059 
 102 397 124 430 53 0.5029 
 0 422 31 456 53 0.4971 
 274 345 295 370 53 0.4929 
 538 222 569 254 53 0.4766 
 0 509 17 538 53 0.458 
 673 55 704 83 53 0.458 
 253 2 298 31 53 0.4543 
 6 487 37 522 53 0.4495 
 686 466 704 494 53 0.4426 
 33 487 70 518 53 0.4351 
 686 158 704 181 53 0.4327 
 39 16 71 34 53 0.4148 
 693 406 703 432 53 0.4016 
 568 396 585 425 53 0.396 
 142 337 169 360 53 0.3774 
 361 285 378 310 53 0.354 
 421 2 448 26 53 0.3381 
 403 168 431 200 53 0.3184 
 407 492 437 516 53 0.3157 
 131 283 156 310 53 0.2983 
 23 287 49 315 53 0.2847 
 225 420 256 447 53 0.2847 
 6 323 20 343 53 0.2822 
 68 12 87 36 53 0.2783 
 419 275 447 298 53 0.2576 
 286 271 308 295 53 0.2524 
