599 50 637 84 53 0.8589 
 403 432 443 467 53 0.8511 
 523 315 557 347 53 0.8501 
 365 481 406 516 53 0.8501 
 223 286 249 310 53 0.8481 
 351 565 388 592 53 0.8457 
 159 358 199 392 53 0.8428 
 272 579 308 615 53 0.8394 
 268 90 309 127 53 0.8267 
 181 6 214 36 53 0.8242 
 291 611 330 643 53 0.8223 
 379 114 423 147 53 0.8198 
 579 261 622 295 53 0.8189 
 371 447 408 480 53 0.8184 
 484 438 525 474 53 0.817 
 203 298 241 330 53 0.8111 
 556 299 596 330 53 0.8106 
 31 149 67 183 53 0.8091 
 147 412 185 443 53 0.8081 
 464 8 499 40 53 0.8014 
 668 416 704 449 53 0.8003 
 660 353 701 388 53 0.7881 
 603 198 642 232 53 0.7828 
 602 329 634 364 53 0.7812 
 93 71 121 95 53 0.7759 
 421 5 458 36 53 0.7744 
 502 102 536 128 53 0.7734 
 415 489 449 516 53 0.7646 
 131 70 169 103 53 0.7612 
 136 335 177 366 53 0.7583 
 369 605 395 637 53 0.7545 
 651 273 689 303 53 0.7529 
 634 577 675 611 53 0.7485 
 6 374 35 399 53 0.7456 
 1 443 35 472 53 0.7373 
 349 124 383 146 53 0.7339 
 366 541 394 571 53 0.731 
 556 412 580 437 53 0.7086 
 39 425 67 447 53 0.7086 
 465 165 491 192 53 0.7017 
 546 499 583 531 53 0.6982 
 325 179 348 201 53 0.694 
 215 368 247 398 53 0.686 
 360 650 386 679 53 0.6802 
 202 368 227 398 53 0.6768 
 189 668 221 699 53 0.667 
 510 129 535 151 53 0.6667 
 477 114 509 141 53 0.6636 
 447 232 481 260 53 0.6582 
 691 606 702 635 53 0.6574 
 144 311 166 334 53 0.6554 
 449 515 479 539 53 0.645 
 341 661 365 691 53 0.632 
 636 301 659 327 53 0.6299 
 214 348 232 372 53 0.6094 
 435 555 469 587 53 0.6074 
 73 5 109 33 53 0.6011 
 409 73 441 105 53 0.5962 
 583 27 609 52 53 0.5905 
 208 656 243 687 53 0.5889 
 199 621 233 651 53 0.585 
 376 525 400 547 53 0.582 
 544 531 576 556 53 0.5688 
 277 453 304 477 53 0.5554 
 394 530 418 553 53 0.5391 
 65 675 102 703 53 0.5254 
 94 474 118 495 53 0.5251 
 0 514 30 541 53 0.5244 
 379 438 445 479 53 0.4775 
 481 400 506 432 53 0.4551 
 589 334 607 362 53 0.3755 
 0 352 12 378 53 0.3647 
 128 304 144 322 53 0.3594 
 24 148 41 167 53 0.3269 
 635 0 663 16 53 0.3184 
 163 354 199 428 53 0.3169 
 85 676 113 703 53 0.2798 
 639 131 660 151 53 0.272 
 66 345 82 367 53 0.2659 
 27 141 43 179 53 0.2622 
 413 2 490 39 53 0.259 
 173 619 200 649 53 0.2502 
