252 252 281 285 53 0.8345 
 499 188 532 216 53 0.8267 
 291 199 323 229 53 0.8014 
 196 342 228 373 53 0.7993 
 120 129 156 157 53 0.7969 
 161 140 189 171 53 0.7852 
 363 13 388 43 53 0.7716 
 321 11 356 40 53 0.771 
 234 121 268 151 53 0.7687 
 653 325 689 352 53 0.7534 
 446 168 475 195 53 0.7446 
 156 89 187 117 53 0.7441 
 167 226 202 256 53 0.7417 
 314 41 349 72 53 0.7404 
 535 217 567 245 53 0.7358 
 209 129 237 160 53 0.7349 
 409 421 445 453 53 0.7349 
 483 146 513 176 53 0.7339 
 626 497 659 527 53 0.731 
 270 219 297 247 53 0.7295 
 191 314 214 341 53 0.7238 
 168 394 204 421 53 0.7227 
 10 1 48 20 53 0.7168 
 274 4 308 31 53 0.7168 
 537 11 572 38 53 0.7148 
 97 148 131 174 53 0.7139 
 181 504 214 535 53 0.7129 
 549 123 581 148 53 0.7056 
 596 428 626 454 53 0.7007 
 413 99 444 130 53 0.6968 
 158 122 186 145 53 0.6934 
 143 354 168 383 53 0.6813 
 489 119 525 149 53 0.6807 
 675 112 704 146 53 0.6792 
 500 217 529 242 53 0.6748 
 449 268 479 297 53 0.6649 
 689 306 704 338 53 0.6646 
 14 474 52 495 53 0.6577 
 215 173 256 201 53 0.6567 
 60 337 98 368 53 0.6533 
 1 413 18 444 53 0.651 
 565 437 594 464 53 0.647 
 519 369 552 393 53 0.6436 
 144 567 184 598 53 0.6406 
 408 266 435 294 53 0.6403 
 145 40 178 62 53 0.6353 
 88 215 111 238 53 0.6343 
 462 129 483 155 53 0.633 
 436 119 461 143 53 0.6276 
 490 324 518 345 53 0.626 
 365 238 397 266 53 0.6216 
 414 39 444 69 53 0.6196 
 106 370 135 398 53 0.6143 
 305 367 337 396 53 0.6113 
 107 1 138 30 53 0.5979 
 637 211 662 238 53 0.5947 
 20 443 55 467 53 0.5908 
 424 438 456 467 53 0.5889 
 99 402 120 425 53 0.5847 
 692 240 702 268 53 0.5793 
 333 238 364 277 53 0.5767 
 666 389 692 411 53 0.5747 
 402 241 429 270 53 0.5718 
 468 198 492 233 53 0.5688 
 533 104 559 132 53 0.561 
 628 287 661 315 53 0.5601 
 213 481 247 509 53 0.5571 
 124 443 155 475 53 0.5566 
 607 453 631 472 53 0.5564 
 150 539 186 566 53 0.5557 
 331 383 361 409 53 0.5518 
 113 432 135 456 53 0.5505 
 268 149 300 174 53 0.5449 
 663 424 688 446 53 0.542 
 49 512 78 537 53 0.5408 
 497 354 524 378 53 0.5329 
 26 635 62 664 53 0.5244 
 189 109 218 135 53 0.5234 
 497 421 525 449 53 0.5146 
 228 239 252 263 53 0.5117 
 136 18 173 41 53 0.4961 
 518 452 546 477 53 0.4961 
 612 211 639 236 53 0.4932 
 299 488 325 509 53 0.4873 
 632 399 658 424 53 0.4824 
 693 156 703 186 53 0.4678 
 207 2 250 43 53 0.4529 
 236 566 268 592 53 0.4524 
 276 509 313 536 53 0.4514 
 412 330 437 353 53 0.4465 
 641 165 660 196 53 0.4368 
 473 98 497 119 53 0.4187 
 142 155 163 186 53 0.4111 
 0 260 8 288 53 0.4072 
 212 370 239 390 53 0.4072 
 353 50 374 72 53 0.407 
 430 610 470 639 53 0.3989 
 275 474 304 504 53 0.3857 
 92 470 121 497 53 0.3667 
 87 186 105 204 53 0.3621 
 428 646 463 673 53 0.3557 
 169 326 192 350 53 0.345 
 257 354 283 380 53 0.3424 
 475 420 502 441 53 0.3381 
 504 450 521 476 53 0.3286 
 552 382 580 402 53 0.3189 
 615 0 637 13 53 0.3123 
 277 387 301 410 53 0.3032 
 695 472 701 493 53 0.3032 
 595 63 623 92 53 0.2998 
 294 392 322 416 53 0.2935 
 451 152 469 168 53 0.2917 
 691 473 703 490 53 0.2644 
 145 437 174 470 53 0.2532 
 233 268 259 293 53 0.2524 
