217 492 249 522 53 0.8188 
 119 291 151 324 53 0.8164 
 128 32 161 59 53 0.8131 
 164 285 185 311 53 0.805 
 1 157 34 186 53 0.8018 
 234 347 260 376 53 0.7993 
 213 379 244 408 53 0.797 
 372 222 404 251 53 0.7955 
 105 263 136 287 53 0.7891 
 334 331 375 364 53 0.7857 
 629 157 658 190 53 0.7852 
 99 39 126 66 53 0.7812 
 189 83 221 112 53 0.7686 
 372 437 404 469 53 0.7671 
 238 81 273 120 53 0.7637 
 120 180 140 210 53 0.7604 
 175 130 201 157 53 0.7579 
 267 150 291 180 53 0.7556 
 214 84 241 117 53 0.7441 
 116 51 143 75 53 0.7349 
 363 8 388 31 53 0.7266 
 595 169 628 194 53 0.7266 
 362 357 386 384 53 0.7228 
 486 251 515 278 53 0.7213 
 0 297 37 334 53 0.7148 
 260 466 291 496 53 0.708 
 55 281 96 315 53 0.7026 
 352 433 380 466 53 0.6955 
 680 72 704 104 53 0.695 
 156 457 186 486 53 0.695 
 232 616 275 647 53 0.6899 
 341 223 375 253 53 0.6895 
 242 529 271 553 53 0.6875 
 129 393 167 427 53 0.6851 
 551 295 579 321 53 0.6836 
 280 266 305 287 53 0.6798 
 88 196 112 219 53 0.6772 
 183 364 212 384 53 0.6714 
 502 376 533 406 53 0.6714 
 305 370 333 393 53 0.6683 
 24 38 45 61 53 0.6667 
 609 311 640 337 53 0.6655 
 148 130 173 159 53 0.6655 
 0 31 33 60 53 0.6538 
 643 73 671 107 53 0.6523 
 267 549 295 568 53 0.6504 
 112 666 145 695 53 0.647 
 180 465 204 487 53 0.645 
 49 335 76 361 53 0.6444 
 612 280 642 306 53 0.644 
 159 179 184 210 53 0.6432 
 176 179 204 206 53 0.6377 
 462 302 484 333 53 0.6343 
 404 242 427 266 53 0.6333 
 277 225 302 247 53 0.626 
 630 129 658 159 53 0.6177 
 163 84 188 123 53 0.6113 
 681 441 702 474 53 0.5991 
 658 469 693 502 53 0.5962 
 558 349 584 375 53 0.5954 
 318 0 350 23 53 0.5918 
 337 431 357 456 53 0.5915 
 657 155 685 186 53 0.5783 
 307 215 330 241 53 0.5783 
 164 154 192 178 53 0.5767 
 662 407 699 435 53 0.5747 
 469 133 488 160 53 0.5744 
 343 389 365 412 53 0.5737 
 668 195 702 225 53 0.564 
 636 266 670 295 53 0.564 
 214 48 234 65 53 0.561 
 584 245 616 271 53 0.5581 
 229 584 257 610 53 0.5566 
 139 443 167 476 53 0.5547 
 675 273 697 299 53 0.5515 
 619 240 648 270 53 0.5449 
 144 0 168 32 53 0.5449 
 480 144 508 172 53 0.5437 
 617 127 635 156 53 0.5244 
 197 54 217 79 53 0.5176 
 626 394 658 424 53 0.5137 
 694 310 702 335 53 0.5105 
 608 151 636 180 53 0.5098 
 72 201 95 229 53 0.5027 
 0 228 18 254 53 0.501 
 119 626 154 657 53 0.501 
 609 353 637 383 53 0.4961 
 203 563 232 591 53 0.4932 
 181 0 209 16 53 0.4844 
 538 339 569 368 53 0.4814 
 72 346 100 369 53 0.4775 
 584 22 618 47 53 0.4766 
 103 573 140 603 53 0.4727 
 606 116 624 141 53 0.4705 
 253 221 278 245 53 0.4551 
 159 369 184 395 53 0.4407 
 447 333 481 358 53 0.4312 
 176 422 203 445 53 0.43 
 465 358 480 372 53 0.4272 
 420 96 449 119 53 0.4243 
 610 1 642 25 53 0.4187 
 231 523 253 550 53 0.4102 
 414 0 449 15 53 0.4055 
 665 57 689 80 53 0.3979 
 685 452 704 477 53 0.396 
 644 260 674 287 53 0.3943 
 46 1 70 13 53 0.384 
 288 511 308 533 53 0.3711 
 230 83 255 118 53 0.3621 
 47 181 70 201 53 0.3619 
 550 436 581 462 53 0.353 
 332 352 354 371 53 0.3511 
 616 376 643 401 53 0.3441 
 645 453 668 484 53 0.3433 
 601 373 617 402 53 0.3425 
 562 152 580 175 53 0.3311 
 688 311 704 335 53 0.3303 
 322 671 351 696 53 0.3276 
 82 662 115 695 53 0.3218 
 143 308 159 329 53 0.3208 
 391 239 415 266 53 0.3201 
 342 408 363 433 53 0.314 
 581 436 605 462 53 0.2903 
 454 78 488 106 53 0.2783 
 203 49 237 70 53 0.272 
 359 413 382 436 53 0.2651 
 164 371 198 398 53 0.2644 
 264 484 296 510 53 0.2598 
 43 0 65 19 53 0.2517 
