345 24 382 62 53 0.856 
 606 100 642 142 53 0.8491 
 489 189 529 234 53 0.8433 
 64 28 104 69 53 0.8413 
 269 638 311 680 53 0.8311 
 18 5 61 48 53 0.8271 
 99 30 146 70 53 0.8223 
 511 95 547 137 53 0.8198 
 18 43 60 74 53 0.8141 
 434 8 475 53 53 0.8052 
 99 559 133 596 53 0.8037 
 26 294 69 329 53 0.797 
 108 654 151 693 53 0.7959 
 218 509 261 551 53 0.793 
 664 403 704 451 53 0.792 
 71 167 106 210 53 0.7852 
 638 259 676 294 53 0.7852 
 664 217 703 256 53 0.7842 
 128 582 165 621 53 0.7808 
 239 0 275 31 53 0.7778 
 566 0 598 30 53 0.7744 
 143 43 181 81 53 0.7686 
 188 4 224 44 53 0.7671 
 124 189 165 233 53 0.7671 
 645 391 682 435 53 0.7661 
 179 613 217 649 53 0.7612 
 137 239 181 283 53 0.7598 
 171 669 222 704 53 0.7593 
 339 0 384 24 53 0.7583 
 370 58 414 97 53 0.7563 
 548 27 587 71 53 0.7559 
 245 262 288 301 53 0.7559 
 508 428 546 469 53 0.7515 
 599 394 635 431 53 0.7485 
 215 240 249 270 53 0.7476 
 592 230 631 266 53 0.7461 
 441 219 487 258 53 0.7422 
 527 541 575 583 53 0.7393 
 451 403 486 438 53 0.7388 
 663 618 701 658 53 0.7363 
 544 0 569 31 53 0.7267 
 468 380 513 420 53 0.7266 
 118 141 152 163 53 0.7256 
 130 279 168 309 53 0.7217 
 127 63 169 103 53 0.7217 
 634 234 668 266 53 0.7212 
 146 660 179 700 53 0.7188 
 480 7 516 39 53 0.7139 
 593 541 640 583 53 0.6968 
 407 24 434 56 53 0.6953 
 685 299 703 333 53 0.6934 
 522 320 557 359 53 0.6919 
 475 307 518 355 53 0.6885 
 128 541 178 582 53 0.6875 
 458 306 475 345 53 0.687 
 226 23 260 56 53 0.686 
 160 103 185 139 53 0.6755 
 175 188 213 231 53 0.6689 
 220 168 259 208 53 0.6646 
 397 429 442 474 53 0.6538 
 455 182 495 219 53 0.6523 
 581 29 613 64 53 0.6489 
 352 308 392 346 53 0.6489 
 474 577 504 601 53 0.644 
 494 562 523 592 53 0.6353 
 590 205 621 233 53 0.6223 
 620 266 652 292 53 0.6216 
 352 172 370 204 53 0.6196 
 71 268 113 294 53 0.6084 
 465 544 505 579 53 0.5972 
 234 626 271 657 53 0.5938 
 572 320 613 361 53 0.5903 
 131 2 171 38 53 0.5898 
 124 540 152 579 53 0.5718 
 572 189 613 222 53 0.5508 
 414 509 460 544 53 0.5371 
 660 322 690 348 53 0.5264 
 417 456 445 487 53 0.5205 
 582 618 625 661 53 0.5142 
 680 652 704 679 53 0.502 
 495 524 517 552 53 0.457 
 90 272 118 295 53 0.4331 
 162 10 188 42 53 0.4204 
 310 19 346 56 53 0.4131 
 61 26 151 72 53 0.396 
 56 0 89 14 53 0.3933 
 451 373 473 400 53 0.3877 
 243 177 273 207 53 0.3857 
 95 156 125 178 53 0.3857 
 95 679 137 704 53 0.384 
 407 595 444 628 53 0.3774 
 380 539 427 572 53 0.3762 
 448 181 492 263 53 0.3562 
 447 54 492 83 53 0.3513 
 511 295 540 327 53 0.3486 
 412 97 441 129 53 0.3252 
 457 186 537 231 53 0.3218 
 554 172 592 196 53 0.3208 
 148 2 187 47 53 0.3208 
 179 233 203 259 53 0.3167 
 689 533 704 571 53 0.3123 
 308 299 342 331 53 0.3008 
 467 266 513 301 53 0.269 
 633 223 704 265 53 0.2629 
 268 217 310 254 53 0.2595 
 191 626 236 661 53 0.2524 
