382 453 413 482 53 0.8672 
 422 322 457 355 53 0.8662 
 419 404 453 432 53 0.8643 
 206 148 241 179 53 0.8555 
 75 212 109 241 53 0.8541 
 538 196 573 225 53 0.8521 
 459 369 489 402 53 0.8448 
 642 498 672 525 53 0.8428 
 606 16 640 51 53 0.8428 
 480 244 511 272 53 0.8389 
 520 315 553 344 53 0.8316 
 650 27 677 61 53 0.8292 
 454 153 486 184 53 0.8292 
 325 528 354 559 53 0.8232 
 524 280 555 307 53 0.8228 
 363 145 398 175 53 0.8203 
 410 136 443 169 53 0.8198 
 289 104 324 134 53 0.8184 
 329 251 365 280 53 0.816 
 222 107 256 142 53 0.814 
 565 174 597 206 53 0.8135 
 144 351 177 380 53 0.813 
 567 104 591 133 53 0.8121 
 423 257 457 285 53 0.8101 
 400 88 432 122 53 0.8082 
 659 283 693 311 53 0.8082 
 627 433 660 462 53 0.8081 
 306 514 339 545 53 0.8081 
 570 455 603 485 53 0.8066 
 251 629 284 657 53 0.8057 
 514 35 546 60 53 0.8052 
 8 515 41 548 53 0.8042 
 290 219 320 245 53 0.8038 
 324 458 357 487 53 0.8018 
 558 501 586 530 53 0.8018 
 669 603 704 633 53 0.7993 
 537 630 570 657 53 0.7993 
 128 208 163 240 53 0.7988 
 173 505 209 535 53 0.798 
 587 369 625 403 53 0.7964 
 646 185 679 214 53 0.7949 
 231 499 263 525 53 0.791 
 487 422 517 449 53 0.7905 
 264 79 295 110 53 0.79 
 488 650 522 679 53 0.7891 
 498 577 527 609 53 0.7843 
 578 340 614 368 53 0.7822 
 198 566 224 594 53 0.7818 
 191 174 222 203 53 0.7788 
 378 256 411 286 53 0.7759 
 599 188 632 215 53 0.7734 
 45 117 80 147 53 0.7725 
 317 664 347 691 53 0.7646 
 292 292 326 317 53 0.7646 
 628 661 662 689 53 0.7646 
 501 91 537 118 53 0.7627 
 194 335 222 366 53 0.7583 
 609 598 645 635 53 0.7529 
 547 325 570 350 53 0.7527 
 463 301 499 330 53 0.752 
 220 255 245 284 53 0.7515 
 450 597 476 626 53 0.7507 
 50 480 85 508 53 0.75 
 527 570 565 596 53 0.7485 
 673 161 702 186 53 0.7402 
 647 236 666 265 53 0.7389 
 458 632 493 669 53 0.7388 
 615 49 647 79 53 0.7378 
 682 444 704 472 53 0.7306 
 628 550 661 579 53 0.7305 
 250 289 277 315 53 0.7291 
 435 92 459 116 53 0.7271 
 185 443 218 474 53 0.7251 
 282 639 313 662 53 0.7241 
 385 602 420 628 53 0.7051 
 107 16 133 45 53 0.7041 
 578 49 607 79 53 0.7003 
 270 1 306 19 53 0.687 
 269 297 292 327 53 0.668 
 201 97 222 124 53 0.6592 
 293 607 313 634 53 0.6561 
 281 130 301 155 53 0.6318 
 408 1 449 18 53 0.6226 
 254 28 283 55 53 0.6196 
 551 393 571 414 53 0.6133 
 482 4 514 32 53 0.605 
 184 605 206 638 53 0.6021 
 57 1 89 21 53 0.5928 
 653 390 670 408 53 0.4919 
 185 157 199 169 53 0.4102 
 582 38 611 55 53 0.3577 
 271 294 319 321 53 0.3557 
 461 619 491 642 53 0.3286 
 268 628 287 658 53 0.3235 
 281 241 300 262 53 0.2751 
 36 117 51 141 53 0.259 
