558 118 597 149 53 0.8491 
 294 20 326 51 53 0.8418 
 557 64 597 95 53 0.8398 
 291 84 325 122 53 0.8354 
 34 1 74 31 53 0.8267 
 670 420 703 455 53 0.8219 
 436 13 468 44 53 0.8198 
 679 514 704 546 53 0.818 
 467 4 499 32 53 0.8091 
 421 215 459 246 53 0.8091 
 198 349 228 378 53 0.8082 
 652 260 687 293 53 0.8058 
 383 507 417 540 53 0.8032 
 161 588 197 625 53 0.8027 
 39 514 68 545 53 0.8023 
 193 183 233 217 53 0.8014 
 505 258 537 288 53 0.8003 
 374 110 408 142 53 0.7974 
 146 484 188 515 53 0.79 
 432 186 474 215 53 0.7852 
 144 518 184 552 53 0.7798 
 445 302 490 337 53 0.7769 
 357 266 399 303 53 0.7765 
 458 238 490 268 53 0.7744 
 164 305 200 341 53 0.7695 
 243 597 286 629 53 0.7686 
 657 447 688 474 53 0.7671 
 136 368 167 397 53 0.7656 
 484 284 527 319 53 0.7653 
 321 194 365 229 53 0.7612 
 147 337 188 374 53 0.7607 
 409 354 445 391 53 0.7559 
 666 57 701 88 53 0.7472 
 177 555 219 595 53 0.7461 
 175 127 207 154 53 0.7446 
 238 134 257 164 53 0.7384 
 602 508 633 537 53 0.7378 
 323 468 354 501 53 0.7373 
 493 169 517 192 53 0.7321 
 224 255 254 285 53 0.7251 
 89 148 123 172 53 0.7231 
 202 639 242 676 53 0.7212 
 216 34 250 70 53 0.7139 
 314 257 352 289 53 0.708 
 318 70 346 97 53 0.7075 
 135 554 167 579 53 0.7026 
 579 632 618 663 53 0.7026 
 630 569 654 595 53 0.6974 
 330 124 362 167 53 0.6895 
 531 111 560 140 53 0.6875 
 645 482 678 508 53 0.6841 
 202 607 239 640 53 0.6772 
 626 0 663 31 53 0.6772 
 287 478 317 514 53 0.6724 
 164 197 196 226 53 0.6626 
 457 224 487 248 53 0.6611 
 247 206 270 238 53 0.6533 
 139 615 180 648 53 0.6504 
 437 158 464 186 53 0.6501 
 208 123 238 162 53 0.6501 
 688 95 703 126 53 0.6387 
 685 339 704 376 53 0.6279 
 230 642 258 677 53 0.6167 
 241 239 267 258 53 0.6113 
 438 373 463 396 53 0.6074 
 435 671 470 703 53 0.6057 
 78 577 114 606 53 0.6027 
 170 214 201 241 53 0.6001 
 648 524 680 553 53 0.5972 
 479 156 516 184 53 0.5908 
 59 497 94 529 53 0.5908 
 672 555 699 582 53 0.5783 
 119 580 142 600 53 0.564 
 373 437 402 466 53 0.5581 
 470 679 510 704 53 0.5479 
 570 447 607 480 53 0.54 
 690 133 703 160 53 0.5361 
 517 668 552 701 53 0.5361 
 633 42 663 70 53 0.5352 
 208 556 235 587 53 0.5293 
 11 7 33 27 53 0.5222 
 499 337 538 365 53 0.5166 
 371 463 397 481 53 0.4883 
 162 341 194 381 53 0.4805 
 636 321 667 352 53 0.4785 
 160 462 182 486 53 0.4707 
 387 261 405 285 53 0.4639 
 306 449 332 472 53 0.4504 
 503 123 535 149 53 0.4321 
 359 492 376 517 53 0.4282 
 181 350 207 386 53 0.4082 
 421 652 456 684 53 0.4036 
 688 58 703 88 53 0.3904 
 681 605 703 634 53 0.3856 
 271 365 300 398 53 0.353 
 540 676 572 703 53 0.3149 
 492 0 520 14 53 0.314 
 2 31 15 53 53 0.3098 
 365 138 390 164 53 0.3032 
 65 506 98 539 53 0.2966 
 437 5 499 41 53 0.2849 
 642 643 665 661 53 0.2775 
 315 489 336 513 53 0.2666 
 565 88 585 110 53 0.256 
 330 471 366 507 53 0.2546 
 216 596 297 636 53 0.2542 
 152 312 197 380 53 0.2539 
