148 221 177 248 53 0.8276 
 17 321 51 360 53 0.8145 
 449 191 484 223 53 0.8037 
 145 349 176 387 53 0.7969 
 174 423 203 454 53 0.7936 
 46 178 74 209 53 0.7897 
 189 475 221 503 53 0.7881 
 31 387 61 421 53 0.7863 
 96 321 124 354 53 0.7857 
 191 295 222 324 53 0.7842 
 257 365 285 397 53 0.7604 
 81 367 118 400 53 0.7583 
 455 392 482 425 53 0.7574 
 73 465 100 490 53 0.7563 
 65 180 95 217 53 0.7505 
 166 340 192 366 53 0.7378 
 257 399 288 425 53 0.709 
 604 389 627 413 53 0.708 
 94 211 126 237 53 0.6909 
 60 442 89 477 53 0.686 
 485 495 516 516 53 0.686 
 367 248 396 276 53 0.6851 
 29 414 57 441 53 0.6841 
 236 221 253 246 53 0.6833 
 257 281 279 310 53 0.6813 
 58 397 83 426 53 0.6792 
 434 272 458 294 53 0.6741 
 0 490 32 518 53 0.6699 
 493 466 524 493 53 0.668 
 382 377 408 400 53 0.6623 
 6 391 35 419 53 0.6589 
 51 546 80 568 53 0.644 
 11 286 32 315 53 0.6353 
 136 253 155 269 53 0.6343 
 116 228 139 252 53 0.6323 
 484 538 517 562 53 0.627 
 176 267 203 292 53 0.6235 
 140 389 170 420 53 0.6167 
 211 281 233 307 53 0.6162 
 45 301 76 320 53 0.6094 
 121 328 152 347 53 0.5591 
 188 387 214 414 53 0.5591 
 76 342 103 362 53 0.542 
 176 359 196 384 53 0.5408 
 189 250 206 273 53 0.5368 
 112 368 128 394 53 0.5303 
 514 493 533 513 53 0.5242 
 103 469 123 489 53 0.5095 
 47 419 75 444 53 0.5078 
 73 257 92 271 53 0.5049 
 0 308 22 338 53 0.4971 
 411 465 426 491 53 0.49 
 316 272 339 297 53 0.4561 
 162 310 196 334 53 0.4543 
 250 157 266 181 53 0.4397 
 582 2 595 16 53 0.409 
 471 110 489 137 53 0.3999 
 625 396 638 416 53 0.3867 
 260 649 294 677 53 0.3804 
 256 226 273 246 53 0.3738 
 172 618 197 640 53 0.3721 
 79 539 103 571 53 0.3486 
 177 315 198 338 53 0.3389 
 0 265 15 287 53 0.3354 
 71 257 104 277 53 0.3108 
 26 595 42 621 53 0.3049 
 577 2 603 20 53 0.3015 
 148 304 179 329 53 0.2983 
 260 568 291 597 53 0.2815 
 241 393 262 428 53 0.2759 
