31 246 68 277 53 0.8608 
 354 228 388 257 53 0.855 
 410 246 444 276 53 0.855 
 625 181 659 211 53 0.8472 
 667 340 702 373 53 0.8364 
 662 415 701 443 53 0.8297 
 156 301 187 334 53 0.8267 
 513 44 554 77 53 0.8232 
 289 242 327 272 53 0.8208 
 645 12 685 47 53 0.8154 
 367 446 404 481 53 0.8154 
 501 199 538 230 53 0.8154 
 214 142 248 170 53 0.8131 
 187 44 221 79 53 0.813 
 177 191 211 225 53 0.8125 
 159 156 198 184 53 0.8102 
 568 254 608 288 53 0.8081 
 117 231 144 263 53 0.8058 
 493 28 528 61 53 0.8053 
 471 96 506 124 53 0.8018 
 616 449 661 478 53 0.8018 
 217 371 246 399 53 0.7988 
 452 531 483 560 53 0.7988 
 0 188 31 218 53 0.7984 
 450 45 482 77 53 0.7959 
 355 196 378 227 53 0.7945 
 46 375 69 409 53 0.7936 
 589 351 623 384 53 0.793 
 391 401 416 430 53 0.7921 
 588 321 624 352 53 0.7891 
 260 249 293 277 53 0.7886 
 158 191 182 225 53 0.7871 
 584 125 619 154 53 0.7862 
 269 338 311 368 53 0.7861 
 404 13 430 44 53 0.7857 
 413 374 438 402 53 0.7857 
 245 433 281 464 53 0.7843 
 0 313 36 344 53 0.7838 
 400 144 437 175 53 0.7832 
 76 443 108 477 53 0.7812 
 132 181 163 209 53 0.7812 
 119 558 160 592 53 0.7798 
 234 165 267 202 53 0.7793 
 608 401 643 433 53 0.7773 
 610 249 647 279 53 0.7769 
 204 229 234 258 53 0.7759 
 495 304 532 336 53 0.7759 
 489 404 519 431 53 0.7744 
 517 163 555 189 53 0.7734 
 584 167 622 193 53 0.771 
 252 190 286 219 53 0.7695 
 442 496 472 526 53 0.7676 
 273 644 305 676 53 0.7627 
 596 471 637 503 53 0.7622 
 414 55 452 86 53 0.7568 
 383 340 418 367 53 0.7559 
 647 236 681 265 53 0.7526 
 145 375 178 404 53 0.7471 
 264 404 294 435 53 0.7456 
 236 378 275 419 53 0.7441 
 587 33 625 62 53 0.7393 
 116 295 148 320 53 0.7378 
 561 298 589 322 53 0.7373 
 613 1 645 29 53 0.7339 
 144 53 183 87 53 0.7319 
 290 191 318 220 53 0.7305 
 341 102 378 132 53 0.728 
 409 221 435 249 53 0.7278 
 682 30 704 58 53 0.7277 
 429 518 455 548 53 0.7247 
 190 122 220 151 53 0.7212 
 1 479 15 508 53 0.7208 
 304 20 342 51 53 0.7202 
 212 350 238 374 53 0.7188 
 359 411 394 437 53 0.7188 
 106 143 138 172 53 0.7153 
 245 306 271 327 53 0.709 
 160 540 197 571 53 0.709 
 504 263 539 289 53 0.708 
 302 363 330 389 53 0.7056 
 106 530 138 560 53 0.7056 
 160 16 186 41 53 0.6989 
 429 161 466 193 53 0.6953 
 550 105 575 129 53 0.6916 
 30 43 61 71 53 0.6857 
 456 468 485 492 53 0.6772 
 573 404 598 430 53 0.6748 
 227 249 262 279 53 0.6704 
 575 26 598 53 53 0.6699 
 38 316 70 347 53 0.667 
 615 68 643 93 53 0.6602 
 546 402 576 428 53 0.6567 
 551 623 590 654 53 0.6514 
 214 185 246 209 53 0.6504 
 469 215 490 241 53 0.645 
 683 454 701 481 53 0.6413 
 465 510 497 536 53 0.6396 
 375 200 393 226 53 0.6333 
 659 190 691 218 53 0.627 
 511 642 547 672 53 0.6216 
 165 414 195 442 53 0.6152 
 465 19 492 39 53 0.6098 
 22 23 53 44 53 0.6094 
 196 168 228 198 53 0.6094 
 346 671 383 701 53 0.605 
 195 354 213 380 53 0.5998 
 300 437 337 474 53 0.5972 
 544 655 579 682 53 0.5869 
 25 294 56 316 53 0.585 
 677 563 702 593 53 0.582 
 334 47 367 76 53 0.5786 
 559 180 585 205 53 0.5686 
 393 56 422 84 53 0.5679 
 541 436 581 467 53 0.5649 
 534 342 562 367 53 0.5439 
 389 522 415 553 53 0.5391 
 68 578 111 611 53 0.5352 
 581 604 618 635 53 0.5342 
 444 450 470 479 53 0.5303 
 155 80 179 102 53 0.5283 
 204 534 234 562 53 0.5225 
 201 434 241 464 53 0.5215 
 182 78 216 103 53 0.5205 
 168 475 209 504 53 0.5195 
 71 5 103 31 53 0.5146 
 252 508 288 540 53 0.5098 
 34 0 55 16 53 0.499 
 442 284 467 312 53 0.4883 
 9 518 47 545 53 0.4873 
 98 108 130 136 53 0.4834 
 579 430 615 455 53 0.4824 
 264 368 290 390 53 0.4785 
 271 526 307 557 53 0.4697 
 363 3 383 21 53 0.4522 
 562 0 590 17 53 0.4514 
 230 622 260 648 53 0.4475 
 244 588 278 615 53 0.4465 
 648 410 667 430 53 0.4331 
 559 242 578 260 53 0.4321 
 515 337 547 362 53 0.4302 
 0 443 14 460 53 0.4272 
 432 394 465 419 53 0.4167 
 504 34 547 68 53 0.4131 
 642 349 664 371 53 0.3999 
 429 544 468 577 53 0.3831 
 316 519 349 550 53 0.3784 
 527 130 545 150 53 0.3684 
 16 361 48 384 53 0.3674 
 431 650 468 678 53 0.3567 
 9 415 28 429 53 0.3523 
 195 614 232 638 53 0.3513 
 612 148 639 178 53 0.3398 
 621 530 659 559 53 0.3372 
 201 177 242 207 53 0.3286 
 435 0 463 16 53 0.3235 
 318 326 333 346 53 0.3235 
 417 83 450 111 53 0.3201 
 419 48 478 85 53 0.3149 
 380 377 399 399 53 0.3148 
 351 648 385 671 53 0.3098 
 22 562 40 576 53 0.2974 
 149 679 187 702 53 0.2847 
 223 1 256 15 53 0.283 
 688 280 702 298 53 0.2821 
 159 233 182 258 53 0.2783 
 676 249 697 269 53 0.265 
 116 7 145 34 53 0.2629 
 328 111 343 138 53 0.2612 
 26 588 64 613 53 0.2539 
