634 347 664 378 53 0.818 
 492 307 526 336 53 0.7925 
 228 0 254 26 53 0.7609 
 182 460 210 485 53 0.7534 
 301 64 329 93 53 0.7461 
 338 14 372 37 53 0.7441 
 434 5 463 34 53 0.7417 
 223 399 243 425 53 0.7291 
 524 467 551 498 53 0.7252 
 493 234 527 265 53 0.7227 
 129 370 161 400 53 0.708 
 0 332 15 364 53 0.6989 
 78 1 107 31 53 0.6916 
 25 350 55 396 53 0.6895 
 233 385 259 413 53 0.6872 
 252 31 287 59 53 0.6816 
 292 14 326 36 53 0.6548 
 688 387 703 418 53 0.6514 
 76 332 103 359 53 0.6377 
 0 402 19 434 53 0.6353 
 123 0 147 21 53 0.632 
 158 465 183 491 53 0.625 
 113 371 134 392 53 0.6247 
 208 163 239 188 53 0.6094 
 95 0 124 21 53 0.6037 
 497 471 521 499 53 0.6027 
 6 287 36 315 53 0.5981 
 244 141 273 174 53 0.5947 
 179 33 204 58 53 0.5806 
 213 106 238 135 53 0.5786 
 303 32 326 54 53 0.5744 
 277 106 309 131 53 0.5728 
 561 226 589 254 53 0.5601 
 566 345 593 366 53 0.5578 
 50 460 85 482 53 0.5571 
 254 2 297 37 53 0.5547 
 4 238 28 262 53 0.5312 
 178 11 202 37 53 0.5173 
 294 437 322 458 53 0.5078 
 286 292 304 312 53 0.4939 
 490 218 511 240 53 0.4922 
 425 0 446 18 53 0.488 
 371 403 406 428 53 0.4834 
 196 372 216 399 53 0.4714 
 211 132 236 162 53 0.4707 
 19 459 51 498 53 0.4668 
 42 277 71 300 53 0.4668 
 0 101 11 129 53 0.4617 
 213 378 239 403 53 0.4485 
 70 29 106 56 53 0.4475 
 277 244 302 263 53 0.4465 
 405 5 425 32 53 0.4302 
 397 56 424 80 53 0.4292 
 61 185 92 208 53 0.4282 
 480 471 499 495 53 0.4272 
 265 266 293 295 53 0.4207 
 239 460 271 484 53 0.4187 
 310 343 333 370 53 0.4121 
 0 283 11 311 53 0.4055 
 121 141 158 171 53 0.4055 
 138 344 159 367 53 0.4014 
 604 343 625 368 53 0.3978 
 316 242 352 272 53 0.397 
 356 51 379 74 53 0.395 
 320 55 343 81 53 0.3948 
 421 106 452 133 53 0.3943 
 236 136 266 163 53 0.3887 
 81 376 101 397 53 0.3821 
 158 72 183 94 53 0.3811 
 145 411 179 444 53 0.3784 
 89 354 119 378 53 0.3767 
 286 389 312 415 53 0.3721 
 534 263 561 281 53 0.3721 
 155 333 185 359 53 0.353 
 558 548 598 572 53 0.3469 
 460 418 486 439 53 0.3459 
 331 400 364 428 53 0.3425 
 394 99 423 124 53 0.3381 
 53 236 79 271 53 0.3364 
 65 156 95 187 53 0.332 
 102 436 128 462 53 0.3201 
 0 500 19 522 53 0.3174 
 0 63 16 87 53 0.3091 
 206 431 229 451 53 0.2854 
 272 332 297 363 53 0.2837 
 452 117 477 147 53 0.2837 
 518 439 548 464 53 0.2751 
 413 27 445 42 53 0.2673 
 472 8 495 31 53 0.2659 
 196 114 218 138 53 0.2612 
 3 280 25 309 53 0.2612 
