489 453 524 488 53 0.855 
 639 265 674 304 53 0.8481 
 435 283 465 317 53 0.8472 
 97 150 132 180 53 0.8447 
 567 3 611 42 53 0.8384 
 310 295 350 330 53 0.837 
 245 270 274 299 53 0.8355 
 592 43 632 77 53 0.8291 
 0 357 20 385 53 0.8282 
 397 268 429 297 53 0.8267 
 460 262 496 298 53 0.8232 
 214 314 248 344 53 0.8199 
 410 31 444 62 53 0.8188 
 67 30 95 56 53 0.818 
 372 84 404 109 53 0.8169 
 620 301 660 326 53 0.8155 
 288 210 325 242 53 0.814 
 655 418 689 446 53 0.814 
 452 100 483 129 53 0.813 
 548 272 581 303 53 0.8115 
 356 435 389 468 53 0.8101 
 196 370 221 394 53 0.8057 
 468 553 505 588 53 0.8057 
 214 49 252 79 53 0.8027 
 156 283 192 313 53 0.8023 
 636 367 676 401 53 0.8008 
 658 70 692 101 53 0.8003 
 245 298 278 322 53 0.7988 
 111 521 146 553 53 0.7906 
 503 0 542 22 53 0.7798 
 258 499 290 532 53 0.7793 
 407 635 434 669 53 0.7789 
 423 123 453 145 53 0.7759 
 371 471 405 505 53 0.7731 
 471 186 499 211 53 0.7705 
 53 176 90 204 53 0.7695 
 196 603 234 639 53 0.7676 
 497 313 525 337 53 0.7661 
 685 164 704 194 53 0.7609 
 589 277 611 305 53 0.7568 
 93 478 127 505 53 0.7559 
 259 226 288 258 53 0.7529 
 149 651 180 678 53 0.749 
 553 423 581 455 53 0.7471 
 480 480 517 506 53 0.7441 
 575 453 607 479 53 0.7417 
 337 270 372 303 53 0.7373 
 469 310 495 337 53 0.7358 
 456 11 476 39 53 0.7316 
 128 153 155 183 53 0.7251 
 47 466 87 501 53 0.7178 
 0 28 18 59 53 0.7145 
 92 226 110 250 53 0.7121 
 540 1 568 29 53 0.7052 
 587 389 609 417 53 0.7038 
 117 643 152 673 53 0.7031 
 310 66 350 97 53 0.6929 
 309 27 339 55 53 0.6748 
 34 665 70 695 53 0.6724 
 387 18 414 46 53 0.6699 
 439 20 459 44 53 0.6642 
 74 156 101 172 53 0.6582 
 347 76 372 102 53 0.6582 
 251 395 284 426 53 0.645 
 223 497 261 524 53 0.6377 
 18 639 48 664 53 0.6235 
 280 333 308 364 53 0.6187 
 637 0 678 15 53 0.5859 
 246 629 285 658 53 0.5718 
 622 269 652 295 53 0.5571 
 563 206 586 229 53 0.5527 
 123 204 140 228 53 0.5495 
 412 103 430 119 53 0.5193 
 174 540 208 564 53 0.5088 
 692 85 703 114 53 0.5046 
 689 503 703 525 53 0.5015 
 37 519 76 550 53 0.4927 
 628 247 649 272 53 0.4783 
 47 170 76 199 53 0.4775 
 297 464 325 494 53 0.4609 
 296 553 322 576 53 0.4407 
 451 171 463 193 53 0.4351 
 113 0 137 16 53 0.4187 
 364 443 398 502 53 0.3914 
 303 135 324 158 53 0.3887 
 174 199 193 218 53 0.3738 
 322 556 350 584 53 0.355 
 444 312 465 335 53 0.3529 
 115 1 135 11 53 0.3267 
 458 308 481 333 53 0.3225 
 339 567 376 593 53 0.291 
 632 172 651 190 53 0.2903 
 617 15 647 43 53 0.2903 
 344 367 365 384 53 0.2854 
 664 667 702 702 53 0.2783 
 40 641 66 663 53 0.2783 
 655 569 684 598 53 0.2759 
