584 240 617 270 53 0.8389 
 280 179 312 205 53 0.8037 
 6 358 36 388 53 0.8027 
 467 269 498 293 53 0.7983 
 35 370 65 397 53 0.7944 
 581 165 612 192 53 0.791 
 99 182 130 207 53 0.791 
 181 146 211 170 53 0.7861 
 570 32 600 58 53 0.7857 
 130 170 163 197 53 0.7808 
 559 244 586 269 53 0.7695 
 438 323 473 349 53 0.7627 
 143 218 171 241 53 0.7598 
 92 406 122 430 53 0.75 
 179 292 207 318 53 0.7487 
 180 259 208 283 53 0.7413 
 633 432 662 462 53 0.7407 
 626 296 659 323 53 0.7393 
 503 17 533 43 53 0.7373 
 261 428 293 453 53 0.7339 
 448 435 482 460 53 0.7271 
 503 355 535 378 53 0.7251 
 382 244 405 268 53 0.7199 
 343 79 375 107 53 0.7178 
 403 201 435 230 53 0.7163 
 244 306 276 332 53 0.7124 
 118 326 147 352 53 0.7065 
 378 314 411 340 53 0.6953 
 285 84 318 109 53 0.6841 
 563 82 587 109 53 0.6813 
 21 248 52 271 53 0.6802 
 189 87 214 107 53 0.6755 
 111 371 147 396 53 0.6704 
 577 372 600 393 53 0.6696 
 439 0 468 21 53 0.6626 
 620 25 644 50 53 0.6623 
 462 27 493 51 53 0.6489 
 39 492 69 515 53 0.6479 
 128 49 154 74 53 0.6467 
 646 398 676 421 53 0.6123 
 625 252 652 274 53 0.606 
 415 126 447 154 53 0.5991 
 230 281 253 305 53 0.5944 
 637 0 670 16 53 0.585 
 36 550 72 585 53 0.5737 
 599 478 628 504 53 0.5537 
 63 426 88 445 53 0.5388 
 183 565 199 587 53 0.5352 
 23 63 46 87 53 0.5283 
 5 136 40 162 53 0.5264 
 268 391 294 416 53 0.5225 
 595 179 628 204 53 0.5156 
 146 363 166 384 53 0.4968 
 374 46 406 72 53 0.4766 
 7 284 34 306 53 0.4717 
 599 215 625 233 53 0.4688 
 69 57 97 81 53 0.4534 
 314 470 348 494 53 0.4407 
 121 397 146 425 53 0.4312 
 468 1 489 14 53 0.4268 
 63 344 85 364 53 0.4129 
 435 204 453 230 53 0.397 
 332 279 361 301 53 0.3867 
 354 614 378 637 53 0.3755 
 102 644 131 668 53 0.3674 
 609 179 625 201 53 0.3638 
 496 445 515 471 53 0.3584 
 240 659 264 679 53 0.3565 
 451 1 493 18 53 0.3523 
 389 128 412 148 53 0.3184 
 514 627 546 651 53 0.3174 
 371 208 387 229 53 0.314 
 482 287 502 306 53 0.3098 
 517 221 535 240 53 0.3031 
 497 269 512 291 53 0.2917 
 254 63 281 85 53 0.2886 
 73 350 90 371 53 0.2878 
