223 205 258 238 53 0.8672 
 275 30 312 59 53 0.8447 
 459 241 497 277 53 0.8398 
 505 98 543 131 53 0.8369 
 268 180 307 211 53 0.835 
 309 195 343 226 53 0.8345 
 138 35 179 72 53 0.8336 
 177 91 214 126 53 0.8301 
 407 282 441 310 53 0.8267 
 180 180 210 211 53 0.8267 
 150 3 188 36 53 0.8242 
 521 70 561 108 53 0.8237 
 429 441 466 471 53 0.8194 
 516 389 548 419 53 0.8193 
 422 529 457 557 53 0.8164 
 283 59 325 96 53 0.8154 
 206 65 242 97 53 0.8145 
 439 293 471 318 53 0.8101 
 404 553 441 586 53 0.8066 
 264 373 301 404 53 0.8052 
 467 457 501 485 53 0.8037 
 387 40 416 73 53 0.8032 
 332 164 356 193 53 0.7945 
 434 103 464 134 53 0.7944 
 93 24 129 56 53 0.794 
 130 313 158 344 53 0.7905 
 168 539 204 568 53 0.7881 
 102 101 138 130 53 0.7881 
 196 660 221 686 53 0.7843 
 428 391 457 418 53 0.7812 
 156 489 192 517 53 0.7793 
 218 31 247 54 53 0.7773 
 304 531 340 570 53 0.7759 
 42 284 66 312 53 0.7735 
 299 168 336 194 53 0.7725 
 236 387 278 423 53 0.772 
 328 260 361 287 53 0.7705 
 318 469 358 497 53 0.7686 
 337 566 366 592 53 0.7637 
 375 111 415 145 53 0.7622 
 85 49 117 77 53 0.7612 
 526 319 561 350 53 0.7563 
 329 339 370 367 53 0.7563 
 222 516 251 548 53 0.7545 
 330 634 366 666 53 0.7531 
 78 565 108 599 53 0.7515 
 89 663 124 695 53 0.7476 
 375 171 402 193 53 0.7461 
 442 269 471 291 53 0.7417 
 507 137 524 163 53 0.7369 
 616 267 649 295 53 0.7363 
 549 443 581 469 53 0.7363 
 398 592 431 624 53 0.7358 
 128 441 158 470 53 0.7301 
 389 346 424 369 53 0.7285 
 470 555 497 581 53 0.7241 
 52 98 85 121 53 0.7227 
 121 664 155 692 53 0.7217 
 394 159 418 190 53 0.7114 
 125 485 155 510 53 0.7031 
 161 668 189 697 53 0.7017 
 163 618 197 648 53 0.7017 
 349 254 374 284 53 0.6955 
 142 267 173 295 53 0.6909 
 518 14 542 35 53 0.6895 
 233 472 267 497 53 0.6611 
 321 439 347 466 53 0.6598 
 415 245 440 270 53 0.6574 
 564 156 585 177 53 0.644 
 307 243 335 268 53 0.6436 
 498 450 523 477 53 0.6416 
 53 469 86 493 53 0.6377 
 132 171 165 199 53 0.6372 
 343 447 364 467 53 0.6323 
 205 118 233 146 53 0.6299 
 384 512 418 544 53 0.6216 
 184 406 205 428 53 0.5979 
 106 460 122 483 53 0.5915 
 228 105 251 132 53 0.5908 
 141 603 171 630 53 0.5908 
 447 573 470 596 53 0.5889 
 487 31 509 55 53 0.5708 
 524 607 562 640 53 0.5425 
 337 400 379 421 53 0.5361 
 46 21 84 49 53 0.5205 
 149 71 176 101 53 0.4795 
 340 517 363 538 53 0.4282 
 371 332 387 349 53 0.4175 
 0 2 20 30 53 0.4141 
 233 680 247 702 53 0.4055 
 247 342 265 358 53 0.3433 
 41 107 56 130 53 0.332 
 418 323 435 336 53 0.3184 
 335 689 373 704 53 0.3049 
 233 354 252 381 53 0.2847 
