209 86 244 117 53 0.8687 
 278 80 319 114 53 0.8369 
 225 280 262 314 53 0.8248 
 263 464 299 493 53 0.8218 
 116 264 148 296 53 0.8194 
 285 258 323 289 53 0.8164 
 0 147 27 177 53 0.814 
 379 211 413 241 53 0.814 
 3 316 38 347 53 0.814 
 87 272 120 301 53 0.8081 
 174 219 215 250 53 0.8057 
 83 351 118 381 53 0.7993 
 174 150 213 184 53 0.7989 
 322 77 351 109 53 0.796 
 172 61 211 96 53 0.7881 
 115 210 151 240 53 0.7871 
 6 223 40 253 53 0.7852 
 91 233 128 264 53 0.7818 
 266 385 301 413 53 0.7769 
 302 57 339 90 53 0.7653 
 214 26 251 57 53 0.7637 
 57 396 88 425 53 0.7607 
 244 488 276 518 53 0.7565 
 15 50 52 82 53 0.752 
 30 107 63 142 53 0.7476 
 314 404 352 434 53 0.7446 
 64 476 101 506 53 0.7441 
 120 426 143 458 53 0.7413 
 244 322 276 347 53 0.7324 
 179 391 215 421 53 0.7319 
 34 213 60 239 53 0.7241 
 181 126 213 152 53 0.7227 
 153 449 182 474 53 0.7212 
 307 212 338 241 53 0.7202 
 355 371 393 402 53 0.7163 
 397 274 424 298 53 0.7104 
 98 497 134 524 53 0.71 
 247 32 275 61 53 0.708 
 523 405 557 434 53 0.7065 
 133 489 172 519 53 0.6982 
 22 466 58 502 53 0.6958 
 70 64 108 95 53 0.6929 
 8 80 40 111 53 0.6836 
 343 427 377 453 53 0.6826 
 328 229 356 260 53 0.6701 
 203 3 238 30 53 0.6626 
 0 623 36 654 53 0.6133 
 522 152 553 181 53 0.5981 
 129 375 167 403 53 0.5898 
 73 434 108 458 53 0.5806 
 280 193 315 219 53 0.5776 
 370 190 398 215 53 0.5649 
 0 189 22 220 53 0.5627 
 128 556 168 588 53 0.5615 
 277 336 295 360 53 0.5608 
 230 578 264 607 53 0.5518 
 549 422 583 446 53 0.5459 
 447 458 483 489 53 0.5381 
 465 353 500 384 53 0.5186 
 26 610 63 639 53 0.4863 
 0 558 27 589 53 0.4619 
 419 117 451 143 53 0.4609 
 396 445 434 475 53 0.4292 
 493 263 532 286 53 0.3979 
 523 1 558 15 53 0.3794 
 480 449 512 480 53 0.3774 
 454 100 491 125 53 0.3721 
 257 679 297 703 53 0.3557 
 411 281 446 308 53 0.3513 
 177 0 213 19 53 0.3066 
 104 56 145 88 53 0.2878 
 334 564 375 596 53 0.2854 
 0 360 6 386 53 0.2574 
 514 551 555 589 53 0.2532 
