617 406 648 435 53 0.8633 
 218 98 248 129 53 0.857 
 56 27 89 58 53 0.8447 
 585 538 619 575 53 0.8438 
 227 134 253 159 53 0.8365 
 359 104 392 141 53 0.8354 
 458 282 492 311 53 0.8346 
 243 364 272 393 53 0.8336 
 82 643 117 670 53 0.8335 
 332 432 363 462 53 0.8311 
 153 35 186 59 53 0.8311 
 455 172 486 204 53 0.8311 
 622 234 655 266 53 0.8311 
 587 398 619 426 53 0.8311 
 568 440 598 467 53 0.8286 
 106 165 137 193 53 0.8271 
 149 259 186 287 53 0.8271 
 520 436 553 462 53 0.8257 
 42 109 78 137 53 0.8228 
 234 507 267 538 53 0.8223 
 646 171 678 202 53 0.8214 
 255 355 290 385 53 0.8164 
 83 182 119 213 53 0.8159 
 47 476 77 507 53 0.8154 
 387 84 422 114 53 0.814 
 425 54 461 86 53 0.8121 
 244 291 277 321 53 0.8115 
 665 342 699 372 53 0.8115 
 218 5 251 35 53 0.8105 
 662 110 695 142 53 0.8076 
 484 319 519 348 53 0.8062 
 103 95 126 121 53 0.8058 
 409 253 446 287 53 0.8042 
 115 210 149 235 53 0.8037 
 167 394 202 424 53 0.7969 
 292 118 325 148 53 0.7944 
 245 181 278 211 53 0.7925 
 581 251 610 275 53 0.7881 
 481 3 509 31 53 0.7866 
 487 181 516 209 53 0.7852 
 204 152 237 182 53 0.7832 
 220 503 242 527 53 0.7788 
 450 90 481 117 53 0.7773 
 281 261 305 293 53 0.775 
 134 540 167 571 53 0.7739 
 339 315 371 346 53 0.7739 
 56 157 90 181 53 0.7739 
 330 510 361 542 53 0.772 
 307 249 341 279 53 0.7695 
 306 455 339 480 53 0.7671 
 11 454 42 483 53 0.7656 
 179 188 214 221 53 0.7646 
 340 143 379 178 53 0.7646 
 623 296 662 331 53 0.7618 
 54 454 93 484 53 0.7607 
 380 67 422 95 53 0.7593 
 664 536 693 570 53 0.7559 
 612 596 646 628 53 0.7549 
 533 93 569 126 53 0.7549 
 60 379 98 409 53 0.7516 
 672 444 704 476 53 0.7515 
 420 417 454 446 53 0.7505 
 40 185 80 218 53 0.75 
 242 628 272 663 53 0.7471 
 151 416 180 443 53 0.7441 
 78 83 101 110 53 0.7428 
 278 499 311 526 53 0.7407 
 478 94 512 124 53 0.7404 
 631 422 666 454 53 0.7393 
 277 570 305 595 53 0.7285 
 335 391 369 423 53 0.7267 
 267 444 299 476 53 0.7266 
 196 420 219 447 53 0.7255 
 0 515 27 542 53 0.7251 
 27 58 53 84 53 0.7212 
 657 459 680 485 53 0.7208 
 165 372 190 399 53 0.7199 
 227 443 257 472 53 0.7163 
 186 463 218 496 53 0.7139 
 647 578 682 605 53 0.7129 
 189 524 213 560 53 0.7114 
 268 49 304 77 53 0.708 
 531 176 560 208 53 0.708 
 124 408 155 432 53 0.7041 
 595 620 625 649 53 0.6979 
 564 171 599 198 53 0.6929 
 525 480 557 508 53 0.6909 
 357 302 377 333 53 0.6807 
 661 675 699 702 53 0.6807 
 547 462 580 489 53 0.6748 
 397 335 418 363 53 0.6686 
 105 371 125 398 53 0.6564 
 566 636 595 664 53 0.6548 
 626 277 648 297 53 0.653 
 385 432 416 461 53 0.6504 
 290 337 323 368 53 0.646 
 131 640 155 660 53 0.646 
 473 521 506 553 53 0.644 
 594 238 626 269 53 0.6426 
 168 214 188 234 53 0.6423 
 618 1 654 30 53 0.6377 
 204 132 224 157 53 0.6374 
 214 417 245 438 53 0.6318 
 168 1 203 23 53 0.6299 
 605 480 633 501 53 0.6289 
 555 293 574 310 53 0.6276 
 0 449 17 481 53 0.6206 
 27 278 61 302 53 0.6167 
 120 182 151 203 53 0.6094 
 615 127 651 169 53 0.6074 
 1 263 17 285 53 0.6057 
 551 665 582 700 53 0.604 
 294 190 312 213 53 0.5966 
 0 561 19 592 53 0.5938 
 169 677 205 701 53 0.5889 
 572 358 596 385 53 0.5854 
 127 367 155 391 53 0.585 
 606 180 638 203 53 0.5786 
 131 50 169 71 53 0.5649 
 173 466 196 494 53 0.5518 
 330 339 362 363 53 0.5488 
 491 115 518 137 53 0.543 
 293 1 320 21 53 0.5391 
 307 674 340 701 53 0.5342 
 93 53 109 72 53 0.531 
 376 482 403 512 53 0.5234 
 31 439 48 464 53 0.5195 
 333 611 375 642 53 0.5068 
 281 132 300 154 53 0.5029 
 689 663 703 692 53 0.499 
 252 475 281 497 53 0.4971 
 408 522 444 552 53 0.4834 
 384 461 422 500 53 0.4814 
 548 123 584 149 53 0.4756 
 356 383 377 406 53 0.4668 
 240 440 261 465 53 0.4609 
 342 66 362 91 53 0.457 
 3 434 34 456 53 0.4543 
 589 1 620 13 53 0.4534 
 619 414 659 449 53 0.4495 
 570 6 597 32 53 0.4453 
 389 512 417 541 53 0.4436 
 684 523 702 548 53 0.4251 
 302 208 319 228 53 0.4129 
 531 1 574 16 53 0.4121 
 572 673 596 702 53 0.4092 
 669 433 692 457 53 0.4065 
 445 235 461 259 53 0.4034 
 684 621 703 646 53 0.3895 
 351 350 378 370 53 0.3684 
 122 390 146 411 53 0.3646 
 362 682 390 704 53 0.3594 
 687 605 704 633 53 0.3513 
 106 622 131 642 53 0.3372 
 242 440 283 472 53 0.3303 
 66 291 100 319 53 0.3303 
 674 0 699 14 53 0.3218 
 122 373 154 407 53 0.3191 
 333 345 378 367 53 0.3008 
 449 0 474 13 53 0.2959 
 571 0 618 23 53 0.2925 
 598 231 620 258 53 0.2893 
 85 79 108 107 53 0.2869 
 259 205 286 227 53 0.2805 
 293 112 320 127 53 0.272 
 79 182 92 201 53 0.272 
 490 468 516 487 53 0.2705 
 287 341 309 364 53 0.2681 
 174 158 186 178 53 0.2666 
 34 65 65 89 53 0.2629 
 336 266 350 283 53 0.2612 
 304 145 323 158 53 0.2576 
 508 230 520 249 53 0.2568 
