521 67 546 101 53 0.8155 
 232 653 261 680 53 0.7441 
 448 173 476 198 53 0.7202 
 297 2 339 38 53 0.7163 
 623 314 648 341 53 0.716 
 409 203 443 230 53 0.709 
 520 178 557 215 53 0.7041 
 528 45 560 68 53 0.7031 
 599 428 625 449 53 0.6847 
 558 296 587 324 53 0.6836 
 321 285 351 308 53 0.6646 
 582 366 608 386 53 0.6538 
 472 367 497 391 53 0.6479 
 371 165 408 202 53 0.6426 
 531 252 563 288 53 0.6406 
 551 340 579 366 53 0.6362 
 552 53 572 77 53 0.6286 
 179 593 203 617 53 0.6123 
 423 167 453 194 53 0.6094 
 593 305 626 332 53 0.605 
 330 652 352 681 53 0.6008 
 499 66 526 93 53 0.5981 
 538 48 573 73 53 0.585 
 404 256 427 282 53 0.5751 
 212 607 241 632 53 0.5747 
 277 285 305 307 53 0.5659 
 558 443 584 459 53 0.5649 
 480 429 496 454 53 0.5527 
 295 81 328 103 53 0.5391 
 22 452 50 473 53 0.5312 
 128 436 160 461 53 0.5225 
 213 634 229 657 53 0.5203 
 409 434 426 452 53 0.5183 
 527 337 552 363 53 0.5176 
 459 436 477 455 53 0.4998 
 553 439 573 461 53 0.4863 
 613 372 637 394 53 0.4814 
 362 299 383 321 53 0.4744 
 473 296 493 318 53 0.4714 
 558 362 579 382 53 0.4707 
 565 108 588 132 53 0.4524 
 583 297 602 319 53 0.4377 
 427 440 444 458 53 0.43 
 326 189 352 214 53 0.4243 
 5 518 32 539 53 0.4197 
 640 263 660 286 53 0.4175 
 446 256 468 280 53 0.4082 
 377 339 394 357 53 0.395 
 615 229 639 251 53 0.3887 
 437 388 462 416 53 0.3811 
 157 146 187 166 53 0.3701 
 583 241 610 264 53 0.3694 
 169 474 192 499 53 0.3594 
 446 312 475 331 53 0.3523 
 54 36 84 57 53 0.3503 
 610 168 633 186 53 0.3485 
 410 383 436 414 53 0.3469 
 262 647 285 669 53 0.3442 
 56 11 76 35 53 0.3425 
 160 84 190 106 53 0.3424 
 238 588 259 607 53 0.3408 
 108 507 130 526 53 0.3364 
 35 143 58 165 53 0.3345 
 229 631 250 657 53 0.3337 
 0 81 11 103 53 0.3174 
 307 553 324 578 53 0.3149 
 448 525 472 553 53 0.314 
 480 232 507 255 53 0.308 
 348 430 366 448 53 0.3072 
 506 295 529 315 53 0.3031 
 119 669 139 693 53 0.3008 
 280 2 304 23 53 0.2998 
 108 148 124 167 53 0.2997 
 364 2 382 14 53 0.2982 
 5 408 28 432 53 0.2974 
 11 358 43 381 53 0.2974 
 242 182 271 205 53 0.2917 
 303 445 326 467 53 0.2886 
 358 347 381 368 53 0.2861 
 75 548 92 570 53 0.2837 
 292 214 313 238 53 0.283 
 76 404 95 422 53 0.2828 
 573 226 595 249 53 0.2727 
 50 368 72 388 53 0.2689 
 46 419 70 440 53 0.2673 
 410 296 428 313 53 0.2583 
 261 0 277 11 53 0.2583 
 581 140 599 156 53 0.2501 
