466 189 500 223 53 0.8662 
 20 290 53 321 53 0.8623 
 529 487 564 522 53 0.855 
 371 349 406 385 53 0.8487 
 66 289 102 323 53 0.8477 
 509 370 548 404 53 0.8448 
 271 336 307 370 53 0.8428 
 634 301 662 331 53 0.8364 
 171 260 200 290 53 0.8354 
 322 316 356 351 53 0.8262 
 200 325 225 346 53 0.8258 
 517 51 550 81 53 0.8257 
 371 1 405 26 53 0.8232 
 434 1 468 33 53 0.8232 
 614 36 646 64 53 0.8154 
 22 394 59 422 53 0.8125 
 309 465 349 499 53 0.8086 
 453 93 490 129 53 0.8081 
 504 98 542 128 53 0.8057 
 627 196 664 225 53 0.8052 
 402 163 435 192 53 0.8033 
 344 143 387 179 53 0.7964 
 328 371 360 400 53 0.793 
 412 316 447 346 53 0.792 
 229 49 262 74 53 0.792 
 367 399 405 430 53 0.7905 
 39 519 69 548 53 0.7878 
 194 526 227 560 53 0.7861 
 53 288 72 321 53 0.7857 
 168 347 191 372 53 0.7857 
 401 415 431 443 53 0.7798 
 103 439 122 466 53 0.7775 
 675 456 704 486 53 0.7775 
 89 18 122 44 53 0.7759 
 469 406 506 438 53 0.771 
 0 359 24 393 53 0.7687 
 563 260 592 283 53 0.7682 
 671 396 703 428 53 0.7646 
 646 4 678 36 53 0.7646 
 528 151 563 179 53 0.7642 
 474 2 509 27 53 0.7612 
 547 460 578 490 53 0.7593 
 103 403 127 428 53 0.7568 
 557 214 593 244 53 0.7534 
 116 445 149 475 53 0.752 
 99 226 132 254 53 0.7446 
 30 245 64 270 53 0.7407 
 263 492 296 520 53 0.7378 
 321 44 349 77 53 0.7355 
 432 29 468 64 53 0.7349 
 429 139 456 167 53 0.7349 
 529 411 565 443 53 0.7349 
 416 479 443 506 53 0.7291 
 640 51 670 78 53 0.7285 
 188 294 211 323 53 0.728 
 581 5 605 32 53 0.7262 
 670 6 704 38 53 0.7256 
 370 99 396 133 53 0.7228 
 499 498 534 534 53 0.7212 
 349 442 381 465 53 0.7188 
 85 547 122 574 53 0.7188 
 391 106 408 138 53 0.7135 
 654 234 682 267 53 0.71 
 300 50 324 80 53 0.7056 
 494 219 518 242 53 0.6925 
 126 289 163 320 53 0.6895 
 500 130 541 162 53 0.6875 
 388 326 415 351 53 0.6875 
 272 0 303 18 53 0.6807 
 616 562 649 590 53 0.6802 
 132 426 156 450 53 0.6792 
 53 398 78 424 53 0.6782 
 205 12 230 36 53 0.6764 
 253 334 277 360 53 0.673 
 100 365 118 391 53 0.672 
 506 261 527 291 53 0.6699 
 461 329 497 356 53 0.6689 
 46 465 61 489 53 0.6649 
 213 401 247 424 53 0.6636 
 305 76 332 97 53 0.6608 
 511 518 546 540 53 0.6548 
 203 31 233 58 53 0.6514 
 98 309 123 332 53 0.6479 
 486 434 505 457 53 0.633 
 656 309 681 336 53 0.6279 
 241 327 265 351 53 0.6184 
 355 391 378 413 53 0.6137 
 219 286 235 319 53 0.612 
 313 131 344 159 53 0.6094 
 592 178 625 206 53 0.6094 
 560 154 596 177 53 0.5962 
 282 387 318 409 53 0.5938 
 435 116 463 142 53 0.5859 
 637 662 678 701 53 0.5854 
 295 22 317 50 53 0.5776 
 222 546 263 578 53 0.5381 
 548 138 582 162 53 0.5381 
 662 189 696 221 53 0.5371 
 112 366 140 391 53 0.5349 
 645 469 676 497 53 0.529 
 232 484 262 511 53 0.5215 
 84 0 117 17 53 0.5098 
 151 236 175 270 53 0.5049 
 236 176 268 208 53 0.4922 
 680 172 704 199 53 0.4805 
 692 156 704 181 53 0.4766 
 604 92 638 124 53 0.4717 
 107 390 125 406 53 0.4639 
 622 180 647 202 53 0.459 
 604 233 634 255 53 0.457 
 544 355 565 380 53 0.4524 
 325 349 348 379 53 0.4446 
 674 198 700 223 53 0.4243 
 382 531 419 559 53 0.3923 
 643 580 673 607 53 0.3887 
 640 551 670 581 53 0.385 
 506 490 560 530 53 0.3821 
 500 317 521 341 53 0.3774 
 167 484 191 508 53 0.3701 
 469 283 489 303 53 0.3655 
 101 389 126 414 53 0.354 
 190 310 205 337 53 0.353 
 640 598 684 629 53 0.3523 
 643 244 663 269 53 0.3442 
 556 431 574 454 53 0.338 
 186 0 232 27 53 0.3364 
 356 393 399 422 53 0.3286 
 348 308 367 335 53 0.3233 
 210 33 237 70 53 0.3225 
 583 30 604 51 53 0.3167 
 496 395 524 421 53 0.3098 
 152 350 170 367 53 0.3049 
 278 186 300 211 53 0.3032 
 216 44 232 68 53 0.2681 
 425 602 463 631 53 0.2568 
