119 319 152 346 53 0.855 
 328 0 365 31 53 0.8428 
 42 340 78 369 53 0.8408 
 459 249 491 277 53 0.8389 
 439 301 473 330 53 0.8364 
 583 466 620 496 53 0.8354 
 68 329 97 358 53 0.8267 
 487 226 523 256 53 0.8267 
 653 220 684 257 53 0.8199 
 627 250 658 282 53 0.8198 
 392 333 424 363 53 0.8188 
 563 272 596 301 53 0.8188 
 366 576 394 608 53 0.8184 
 319 153 357 183 53 0.8136 
 431 235 463 267 53 0.813 
 223 277 259 300 53 0.8115 
 341 440 373 469 53 0.8091 
 378 217 413 249 53 0.8066 
 123 484 158 517 53 0.8057 
 567 487 597 516 53 0.8032 
 180 128 211 159 53 0.8027 
 484 306 516 333 53 0.8008 
 479 447 516 478 53 0.8008 
 567 114 602 145 53 0.7988 
 246 202 279 233 53 0.797 
 83 319 122 350 53 0.797 
 635 491 668 521 53 0.7959 
 179 451 211 483 53 0.793 
 438 13 473 45 53 0.7916 
 305 108 321 136 53 0.7897 
 599 527 630 555 53 0.7893 
 549 195 587 229 53 0.7866 
 571 444 606 479 53 0.7842 
 273 321 306 353 53 0.7842 
 74 194 108 223 53 0.7793 
 186 300 218 326 53 0.7788 
 276 106 308 137 53 0.7735 
 630 432 662 461 53 0.7734 
 295 516 328 545 53 0.7725 
 413 437 446 465 53 0.7686 
 208 421 242 449 53 0.7686 
 107 46 142 78 53 0.7642 
 419 387 447 414 53 0.7609 
 149 453 181 482 53 0.7563 
 380 119 415 147 53 0.7544 
 581 1 613 27 53 0.7529 
 345 606 378 640 53 0.7529 
 646 304 678 329 53 0.75 
 351 476 383 509 53 0.7485 
 543 275 568 299 53 0.733 
 599 126 627 150 53 0.7295 
 540 248 564 276 53 0.7256 
 1 30 34 60 53 0.7231 
 468 391 495 416 53 0.7228 
 446 570 482 599 53 0.7223 
 511 131 547 156 53 0.7168 
 283 242 309 270 53 0.7168 
 0 109 21 138 53 0.716 
 504 480 539 506 53 0.7148 
 125 334 159 368 53 0.7129 
 352 510 385 538 53 0.709 
 598 263 627 285 53 0.7075 
 321 338 351 366 53 0.7041 
 138 116 172 145 53 0.6958 
 458 619 491 647 53 0.6895 
 382 675 424 702 53 0.6851 
 208 268 230 290 53 0.6847 
 403 401 430 427 53 0.668 
 127 276 155 298 53 0.6633 
 467 65 494 88 53 0.6479 
 312 594 341 624 53 0.6476 
 314 2 331 27 53 0.647 
 263 264 302 294 53 0.647 
 522 578 556 609 53 0.647 
 506 620 536 647 53 0.6436 
 217 37 251 65 53 0.6387 
 124 359 149 382 53 0.6372 
 145 481 178 499 53 0.6372 
 16 401 44 428 53 0.6362 
 581 364 621 385 53 0.6362 
 330 28 350 53 53 0.6296 
 110 540 143 569 53 0.626 
 395 145 416 164 53 0.6174 
 38 34 74 59 53 0.6167 
 93 492 125 516 53 0.6143 
 425 135 446 154 53 0.6008 
 155 0 194 16 53 0.5962 
 455 379 481 401 53 0.5728 
 277 597 314 628 53 0.5708 
 191 503 207 517 53 0.5688 
 341 45 361 69 53 0.5598 
 100 636 131 668 53 0.5557 
 166 336 181 366 53 0.5203 
 316 477 340 500 53 0.4883 
 297 540 328 568 53 0.4785 
 501 592 530 619 53 0.4756 
 146 273 160 296 53 0.4619 
 158 603 192 631 53 0.4543 
 163 107 191 130 53 0.4456 
 271 388 296 411 53 0.4397 
 489 69 506 90 53 0.4158 
 192 607 228 632 53 0.4148 
 84 463 110 484 53 0.397 
 39 501 70 521 53 0.397 
 278 682 315 704 53 0.3584 
 1 2 11 21 53 0.3293 
 390 491 411 512 53 0.3269 
 588 343 607 366 53 0.3258 
 595 493 617 518 53 0.3091 
 625 472 649 495 53 0.3048 
 413 535 447 560 53 0.3008 
 332 35 362 65 53 0.2744 
 458 234 508 275 53 0.2727 
 266 470 291 491 53 0.2712 
 437 240 489 275 53 0.2639 
