490 295 522 325 53 0.814 
 142 450 172 478 53 0.793 
 41 197 76 224 53 0.7607 
 533 327 567 355 53 0.7515 
 188 312 215 333 53 0.7476 
 182 396 213 421 53 0.7476 
 13 366 44 393 53 0.7461 
 154 281 188 308 53 0.7363 
 129 521 162 551 53 0.7349 
 296 322 331 350 53 0.7217 
 264 577 295 606 53 0.709 
 259 516 291 542 53 0.7017 
 450 222 480 253 53 0.6968 
 106 468 136 496 53 0.6919 
 574 339 604 366 53 0.6826 
 310 510 342 540 53 0.6724 
 659 324 691 350 53 0.6665 
 23 429 56 452 53 0.6577 
 96 506 127 534 53 0.6548 
 121 234 152 260 53 0.6538 
 249 462 278 489 53 0.6504 
 346 413 375 442 53 0.6426 
 680 258 701 286 53 0.6406 
 496 191 517 219 53 0.6216 
 0 356 20 380 53 0.6167 
 154 309 173 326 53 0.5649 
 145 148 174 175 53 0.5571 
 368 349 395 378 53 0.541 
 564 463 599 494 53 0.541 
 449 276 482 301 53 0.5352 
 130 610 161 640 53 0.5264 
 536 374 569 402 53 0.5234 
 676 210 702 233 53 0.5166 
 80 471 107 495 53 0.5046 
 216 549 250 576 53 0.4785 
 690 282 704 308 53 0.4744 
 332 276 365 304 53 0.4736 
 442 252 458 273 53 0.4695 
 618 4 648 31 53 0.4551 
 162 129 191 159 53 0.4233 
 219 42 248 66 53 0.4148 
 155 0 196 15 53 0.4121 
 471 48 495 74 53 0.4111 
 69 235 88 254 53 0.3958 
 82 515 100 536 53 0.3904 
 610 53 647 86 53 0.3767 
 107 32 139 57 53 0.355 
 530 476 564 503 53 0.3442 
 484 496 524 529 53 0.3328 
 10 371 35 388 53 0.314 
 295 494 315 518 53 0.2847 
 153 597 192 624 53 0.2737 
 143 679 169 704 53 0.272 
 0 144 16 189 53 0.272 
 217 19 244 47 53 0.2598 
