341 424 375 458 53 0.8481 
 616 528 649 557 53 0.8452 
 11 438 42 472 53 0.8447 
 416 620 453 655 53 0.8438 
 356 171 388 201 53 0.8428 
 519 262 556 295 53 0.8404 
 586 290 616 323 53 0.8335 
 214 457 241 488 53 0.8326 
 162 29 195 59 53 0.8326 
 211 533 248 563 53 0.8306 
 115 454 145 482 53 0.8291 
 56 239 87 265 53 0.8272 
 176 456 215 486 53 0.8257 
 92 354 125 389 53 0.8242 
 205 428 243 457 53 0.8238 
 281 196 316 225 53 0.8223 
 221 588 255 622 53 0.8174 
 0 214 21 246 53 0.8141 
 588 410 627 440 53 0.8126 
 416 338 450 369 53 0.8125 
 447 251 486 279 53 0.8111 
 650 364 681 398 53 0.811 
 210 366 246 397 53 0.811 
 406 386 438 415 53 0.811 
 532 434 571 465 53 0.811 
 338 104 369 139 53 0.8097 
 75 129 106 160 53 0.8091 
 492 273 528 304 53 0.8091 
 402 505 441 536 53 0.8087 
 132 478 169 509 53 0.8086 
 179 44 214 74 53 0.8057 
 123 66 153 97 53 0.8057 
 466 173 504 205 53 0.8052 
 376 337 411 366 53 0.8052 
 340 504 372 535 53 0.8042 
 33 252 60 278 53 0.8032 
 312 660 344 686 53 0.8032 
 256 403 294 437 53 0.8013 
 233 260 269 292 53 0.8003 
 648 492 681 522 53 0.7983 
 246 376 276 402 53 0.7905 
 358 359 390 387 53 0.7861 
 126 116 154 145 53 0.7842 
 490 306 526 334 53 0.7832 
 71 376 106 406 53 0.7832 
 411 192 449 225 53 0.7827 
 5 188 35 215 53 0.7788 
 490 384 530 416 53 0.7769 
 204 504 244 530 53 0.7769 
 380 540 415 569 53 0.7759 
 395 646 431 675 53 0.7759 
 424 674 456 704 53 0.7755 
 454 329 490 357 53 0.7754 
 73 190 105 220 53 0.7739 
 444 655 475 682 53 0.7739 
 549 565 578 587 53 0.7739 
 131 37 161 68 53 0.7734 
 583 147 619 179 53 0.772 
 121 365 148 396 53 0.7717 
 305 400 339 429 53 0.771 
 583 384 606 411 53 0.7686 
 589 519 621 548 53 0.7686 
 97 146 130 177 53 0.7656 
 100 0 127 24 53 0.7653 
 64 5 99 33 53 0.7642 
 145 242 175 266 53 0.7627 
 446 354 474 382 53 0.7612 
 14 304 50 335 53 0.7598 
 419 271 454 300 53 0.7574 
 367 201 393 231 53 0.7555 
 527 664 553 693 53 0.7531 
 0 32 19 60 53 0.7526 
 469 221 495 249 53 0.7526 
 328 0 360 30 53 0.7515 
 380 156 420 194 53 0.7505 
 472 94 509 129 53 0.7456 
 565 471 604 496 53 0.7446 
 498 560 529 591 53 0.7393 
 580 673 614 703 53 0.7389 
 226 661 254 687 53 0.736 
 278 622 310 647 53 0.731 
 562 651 599 684 53 0.7305 
 260 23 294 50 53 0.728 
 130 169 157 192 53 0.7271 
 248 175 275 199 53 0.7256 
 504 178 520 202 53 0.7252 
 615 432 643 460 53 0.7251 
 387 13 416 41 53 0.7241 
 253 271 291 304 53 0.7231 
 444 74 482 101 53 0.7217 
 336 476 372 503 53 0.7217 
 50 165 83 192 53 0.7212 
 604 260 630 284 53 0.7178 
 273 659 307 687 53 0.7178 
 354 0 396 25 53 0.7168 
 22 539 43 572 53 0.7163 
 614 397 643 421 53 0.7163 
 449 497 484 523 53 0.7124 
 663 305 704 341 53 0.7104 
 266 50 301 79 53 0.708 
 384 415 416 441 53 0.7041 
 109 237 144 271 53 0.6992 
 80 253 114 276 53 0.6992 
 318 257 342 282 53 0.6896 
 541 406 567 429 53 0.6764 
 641 637 671 666 53 0.6764 
 84 577 117 602 53 0.6689 
 0 546 26 575 53 0.6579 
 413 0 444 22 53 0.6577 
 147 366 175 387 53 0.6577 
 298 209 330 240 53 0.645 
 564 25 601 62 53 0.6436 
 0 453 14 477 53 0.6416 
 264 460 301 492 53 0.6372 
 538 293 560 323 53 0.6369 
 374 460 407 494 53 0.6369 
 67 617 99 647 53 0.6343 
 312 309 337 339 53 0.6333 
 689 521 703 548 53 0.6276 
 81 667 114 702 53 0.627 
 678 358 704 391 53 0.626 
 292 278 328 305 53 0.6206 
 245 303 282 329 53 0.6177 
 122 0 156 21 53 0.6167 
 692 451 703 477 53 0.6071 
 672 133 704 162 53 0.603 
 524 571 544 597 53 0.6018 
 0 421 9 450 53 0.5925 
 645 642 690 670 53 0.582 
 152 678 186 704 53 0.5806 
 463 680 494 702 53 0.5796 
 219 15 246 42 53 0.5776 
 204 31 224 56 53 0.5747 
 226 45 262 85 53 0.5718 
 533 362 553 384 53 0.5705 
 291 683 326 702 53 0.5688 
 169 32 206 67 53 0.5679 
 380 664 400 687 53 0.5676 
 437 100 467 127 53 0.5591 
 59 265 87 287 53 0.5571 
 1 364 19 391 53 0.5547 
 656 203 680 223 53 0.5534 
 653 551 668 567 53 0.5417 
 668 27 702 55 53 0.5381 
 473 643 521 679 53 0.5371 
 582 319 610 335 53 0.5342 
 624 28 660 57 53 0.5312 
 232 412 257 437 53 0.5254 
 353 316 385 344 53 0.5205 
 546 294 588 328 53 0.5146 
 160 122 180 143 53 0.5027 
 42 400 62 424 53 0.5017 
 642 665 687 699 53 0.499 
 356 297 390 325 53 0.4844 
 381 489 404 510 53 0.4814 
 182 7 213 33 53 0.4805 
 375 393 397 420 53 0.4775 
 354 23 382 42 53 0.4766 
 242 28 264 55 53 0.4727 
 232 479 251 496 53 0.4465 
 138 286 154 303 53 0.4453 
 118 660 158 688 53 0.4436 
 2 637 11 659 53 0.4417 
 85 176 112 198 53 0.4233 
 343 345 360 365 53 0.4226 
 106 271 130 293 53 0.4197 
 336 397 364 427 53 0.4197 
 282 0 317 18 53 0.4072 
 268 82 302 102 53 0.397 
 489 0 507 16 53 0.3948 
 386 305 410 331 53 0.3912 
 499 221 520 241 53 0.3895 
 540 96 571 122 53 0.3887 
 338 688 361 704 53 0.3821 
 246 688 276 703 53 0.3784 
 316 180 334 197 53 0.3755 
 509 255 526 273 53 0.3701 
 266 618 280 642 53 0.363 
 485 55 498 71 53 0.3604 
 55 282 83 305 53 0.3604 
 309 208 332 231 53 0.3584 
 191 524 216 549 53 0.3567 
 629 356 647 375 53 0.3565 
 183 0 210 15 53 0.3523 
 483 675 513 703 53 0.3503 
 105 616 119 636 53 0.3469 
 492 651 519 680 53 0.3425 
 692 496 702 516 53 0.3408 
 225 127 256 150 53 0.3328 
 333 180 358 206 53 0.3242 
 285 463 308 494 53 0.3157 
 257 319 278 339 53 0.3149 
 478 642 505 666 53 0.3049 
 578 318 615 352 53 0.2949 
 227 345 239 362 53 0.2744 
 109 686 127 702 53 0.265 
 691 502 704 541 53 0.2524 
