592 361 620 387 53 0.813 
 582 339 606 368 53 0.774 
 538 277 567 301 53 0.7607 
 613 397 645 424 53 0.7568 
 596 443 631 467 53 0.7529 
 656 444 691 471 53 0.7476 
 635 362 669 386 53 0.7407 
 505 203 538 227 53 0.7295 
 471 223 501 249 53 0.7212 
 624 124 650 152 53 0.715 
 631 339 662 362 53 0.7125 
 471 260 495 284 53 0.7111 
 566 172 601 198 53 0.7041 
 577 533 610 559 53 0.7041 
 165 231 187 260 53 0.7007 
 553 530 580 557 53 0.6768 
 439 234 470 261 53 0.6748 
 469 175 492 202 53 0.653 
 591 234 614 257 53 0.652 
 0 113 13 136 53 0.6457 
 529 267 549 293 53 0.6457 
 612 249 639 270 53 0.6074 
 468 203 493 221 53 0.5869 
 58 277 89 303 53 0.5581 
 600 389 618 413 53 0.5498 
 148 221 174 245 53 0.5488 
 581 515 606 534 53 0.5254 
 133 243 159 268 53 0.5244 
 412 176 431 200 53 0.5193 
 515 370 545 395 53 0.5176 
 645 1 671 27 53 0.501 
 565 288 586 312 53 0.499 
 450 160 485 200 53 0.4351 
 239 0 263 15 53 0.4263 
 169 1 184 16 53 0.4216 
 431 145 462 179 53 0.4207 
 406 147 436 178 53 0.3979 
 108 35 129 55 53 0.3948 
 56 194 76 221 53 0.3867 
 641 609 668 639 53 0.385 
 498 382 528 406 53 0.3831 
 486 42 508 73 53 0.3684 
 503 278 522 300 53 0.3513 
 218 0 247 18 53 0.3469 
 32 316 55 342 53 0.3337 
 589 67 614 95 53 0.3303 
 483 368 505 390 53 0.3258 
 8 192 38 216 53 0.3225 
 506 457 529 489 53 0.3167 
 116 2 140 23 53 0.3108 
 452 172 473 198 53 0.2983 
 539 511 557 539 53 0.2917 
 0 3 16 30 53 0.2815 
 31 197 52 224 53 0.2637 
 296 395 330 419 53 0.2539 
