396 8 421 43 53 0.8302 
 612 40 640 70 53 0.818 
 276 19 304 49 53 0.8174 
 505 36 534 64 53 0.8018 
 631 7 662 33 53 0.7959 
 475 92 504 119 53 0.793 
 229 12 258 39 53 0.7882 
 161 272 195 300 53 0.7881 
 423 130 453 157 53 0.7847 
 544 118 578 151 53 0.7739 
 662 661 690 686 53 0.771 
 633 673 665 697 53 0.7656 
 294 33 324 59 53 0.7622 
 406 98 437 126 53 0.7612 
 476 172 508 202 53 0.7534 
 52 95 78 116 53 0.75 
 341 37 367 64 53 0.7471 
 38 209 72 240 53 0.7461 
 141 278 167 304 53 0.7456 
 424 57 451 80 53 0.7356 
 506 609 537 637 53 0.728 
 78 251 102 277 53 0.7247 
 519 545 542 570 53 0.7135 
 682 135 703 167 53 0.7111 
 566 348 597 375 53 0.7104 
 307 123 335 154 53 0.709 
 38 268 65 293 53 0.7075 
 0 63 28 90 53 0.7056 
 581 42 611 70 53 0.7031 
 430 34 459 62 53 0.6934 
 369 54 393 83 53 0.6906 
 163 226 189 246 53 0.6899 
 309 88 335 115 53 0.6881 
 533 617 557 640 53 0.6841 
 545 529 566 557 53 0.6768 
 488 2 510 18 53 0.6745 
 83 229 116 263 53 0.6733 
 561 249 593 279 53 0.6689 
 582 404 620 424 53 0.6689 
 587 564 614 586 53 0.6608 
 487 531 518 555 53 0.6548 
 522 113 547 134 53 0.6541 
 18 105 54 133 53 0.6514 
 517 654 541 685 53 0.6476 
 275 81 309 101 53 0.646 
 342 316 372 343 53 0.644 
 685 598 704 626 53 0.642 
 178 199 198 222 53 0.6413 
 282 323 315 350 53 0.6406 
 514 343 542 373 53 0.6377 
 595 376 626 409 53 0.6377 
 289 111 313 140 53 0.6359 
 353 56 376 82 53 0.6349 
 499 194 530 222 53 0.6343 
 154 302 176 321 53 0.634 
 536 57 561 84 53 0.633 
 466 115 483 139 53 0.6296 
 437 206 469 235 53 0.6289 
 180 176 203 202 53 0.6216 
 184 672 212 699 53 0.6196 
 603 673 635 697 53 0.6162 
 245 0 269 16 53 0.6074 
 501 61 529 81 53 0.606 
 404 147 426 169 53 0.6018 
 65 141 84 163 53 0.5979 
 534 511 558 535 53 0.5925 
 405 118 435 152 53 0.5898 
 3 355 33 378 53 0.5879 
 82 35 108 54 53 0.5866 
 480 670 514 697 53 0.5859 
 470 565 497 594 53 0.5847 
 677 389 704 413 53 0.5815 
 543 474 575 502 53 0.5757 
 528 196 563 226 53 0.5728 
 8 276 42 297 53 0.5728 
 73 55 102 77 53 0.5708 
 669 236 702 267 53 0.5695 
 464 25 485 46 53 0.5649 
 679 552 704 575 53 0.564 
 589 605 617 627 53 0.561 
 429 158 451 184 53 0.5601 
 260 353 302 386 53 0.5566 
 677 299 704 325 53 0.5547 
 14 135 48 157 53 0.5537 
 117 220 150 249 53 0.5537 
 565 101 593 124 53 0.5527 
 320 103 346 129 53 0.5495 
 554 175 575 198 53 0.5466 
 0 412 22 438 53 0.5449 
 16 102 35 127 53 0.5439 
 614 383 643 420 53 0.5391 
 163 653 196 685 53 0.5312 
 493 461 526 482 53 0.5273 
 374 165 399 191 53 0.5264 
 2 215 32 241 53 0.5215 
 263 221 288 245 53 0.5144 
 366 639 398 668 53 0.5117 
 122 652 146 683 53 0.5105 
 265 310 289 339 53 0.5085 
 371 401 393 426 53 0.501 
 357 204 394 226 53 0.499 
 0 660 31 702 53 0.4971 
 584 114 605 147 53 0.4922 
 325 246 349 267 53 0.4922 
 0 318 10 345 53 0.4873 
 115 414 141 444 53 0.4863 
 129 541 161 570 53 0.4775 
 666 74 690 100 53 0.4766 
 93 446 122 471 53 0.4746 
 608 306 644 333 53 0.4736 
 25 57 43 78 53 0.4688 
 312 270 328 296 53 0.4678 
 300 616 328 654 53 0.4678 
 456 518 491 541 53 0.4658 
 681 676 704 697 53 0.4639 
 195 164 211 187 53 0.4629 
 267 115 288 136 53 0.4627 
 176 93 196 120 53 0.459 
 232 358 261 385 53 0.459 
 507 141 535 166 53 0.458 
 238 131 263 157 53 0.4551 
 142 649 170 674 53 0.4512 
 290 398 326 421 53 0.4495 
 590 664 624 692 53 0.4475 
 661 182 689 202 53 0.4456 
 95 134 112 160 53 0.4446 
 149 500 180 528 53 0.4397 
 489 600 516 628 53 0.4395 
 270 572 304 600 53 0.4387 
 131 113 158 133 53 0.4351 
 392 376 427 411 53 0.4312 
 526 232 560 257 53 0.4272 
 302 311 343 343 53 0.4253 
 526 524 552 549 53 0.4233 
 457 607 487 643 53 0.4233 
 630 470 651 492 53 0.4158 
 643 266 676 288 53 0.4082 
 562 422 597 445 53 0.4082 
 649 568 676 589 53 0.4036 
 8 209 41 233 53 0.4006 
 358 509 386 534 53 0.3979 
 267 610 298 637 53 0.3979 
 217 643 241 666 53 0.3978 
 572 677 596 696 53 0.396 
 289 384 311 405 53 0.395 
 196 57 226 89 53 0.395 
 642 299 676 324 53 0.3943 
 528 680 549 704 53 0.3923 
 107 582 144 608 53 0.3896 
 153 669 173 694 53 0.3877 
 458 633 469 656 53 0.3821 
 291 134 317 158 53 0.3821 
 354 159 381 186 53 0.3821 
 111 193 122 221 53 0.3809 
 693 84 703 113 53 0.3784 
 659 6 672 29 53 0.3721 
 475 439 495 462 53 0.3692 
 355 301 388 322 53 0.3684 
 44 604 73 637 53 0.3667 
 672 269 699 295 53 0.3611 
 357 116 375 134 53 0.3609 
 351 638 370 665 53 0.3604 
 167 478 197 505 53 0.3557 
 146 577 163 602 53 0.353 
 320 316 344 344 53 0.3496 
 508 320 541 345 53 0.3442 
 531 292 555 314 53 0.3416 
 567 488 589 508 53 0.3398 
 0 154 13 178 53 0.3345 
 593 638 613 655 53 0.3293 
 60 180 87 200 53 0.3259 
 133 678 158 700 53 0.3252 
 87 468 118 487 53 0.3235 
 292 667 324 696 53 0.3191 
 126 229 151 256 53 0.3149 
 512 262 552 288 53 0.3149 
 167 629 188 648 53 0.3132 
 206 347 231 373 53 0.3132 
 151 224 167 247 53 0.3091 
 335 407 362 429 53 0.3081 
 399 84 417 113 53 0.3055 
 574 219 600 238 53 0.3032 
 373 428 403 451 53 0.3025 
 118 382 154 407 53 0.3008 
 132 478 158 506 53 0.2991 
 88 553 130 583 53 0.2983 
 469 356 502 387 53 0.2917 
 487 423 517 447 53 0.2878 
 407 210 437 233 53 0.2854 
 629 121 653 145 53 0.2847 
 220 611 248 637 53 0.2791 
 560 28 581 51 53 0.2737 
 44 547 85 582 53 0.269 
 19 319 46 341 53 0.2681 
 117 349 140 374 53 0.2679 
 377 492 412 519 53 0.2673 
 258 192 289 227 53 0.2666 
 103 64 138 99 53 0.2659 
 554 109 587 141 53 0.2629 
 191 66 224 104 53 0.259 
 311 376 336 398 53 0.2524 
 173 417 210 447 53 0.2524 
 311 573 343 594 53 0.2517 
