101 289 140 326 53 0.8472 
 430 200 471 239 53 0.8447 
 276 344 315 383 53 0.8418 
 517 385 557 426 53 0.835 
 431 247 470 285 53 0.8331 
 213 174 254 209 53 0.8291 
 309 465 348 503 53 0.8276 
 504 130 544 167 53 0.8214 
 113 462 147 491 53 0.8208 
 332 297 371 331 53 0.818 
 453 84 489 117 53 0.8115 
 234 279 258 317 53 0.8106 
 663 42 700 77 53 0.8082 
 218 574 261 621 53 0.7993 
 261 402 299 437 53 0.7983 
 465 306 501 334 53 0.7969 
 28 231 63 267 53 0.793 
 479 23 517 57 53 0.7921 
 142 428 175 461 53 0.7905 
 150 0 189 29 53 0.7866 
 398 158 434 200 53 0.7832 
 122 45 167 81 53 0.7812 
 64 526 99 559 53 0.769 
 0 407 20 440 53 0.7637 
 294 190 333 223 53 0.7583 
 125 569 148 604 53 0.7531 
 193 86 230 123 53 0.7529 
 171 364 186 398 53 0.7189 
 69 458 109 491 53 0.715 
 381 350 409 382 53 0.7148 
 84 171 122 203 53 0.7111 
 301 1 339 24 53 0.709 
 291 121 327 157 53 0.709 
 142 524 165 559 53 0.7003 
 0 20 17 47 53 0.693 
 484 574 521 605 53 0.686 
 340 552 389 597 53 0.6855 
 0 615 16 647 53 0.6816 
 354 33 398 75 53 0.6777 
 11 129 39 158 53 0.6704 
 218 646 248 689 53 0.6206 
 260 512 289 547 53 0.603 
 293 665 324 698 53 0.5786 
 395 352 420 383 53 0.5098 
 0 456 18 485 53 0.4912 
 399 16 433 43 53 0.4282 
 431 196 471 286 53 0.397 
 372 652 413 696 53 0.3757 
 414 155 438 190 53 0.354 
 19 129 52 163 53 0.3191 
