152 66 193 104 53 0.8482 
 174 432 211 465 53 0.8481 
 518 234 551 266 53 0.8457 
 126 39 163 74 53 0.8433 
 140 441 184 483 53 0.8423 
 557 450 599 485 53 0.8399 
 410 172 446 204 53 0.8398 
 283 2 326 37 53 0.8384 
 241 127 277 158 53 0.8374 
 620 53 662 90 53 0.836 
 247 403 281 437 53 0.836 
 285 660 325 702 53 0.8359 
 514 384 551 417 53 0.8354 
 653 284 697 323 53 0.8345 
 110 410 151 452 53 0.8306 
 511 191 547 224 53 0.8301 
 413 265 451 304 53 0.8291 
 60 467 105 502 53 0.8262 
 324 87 356 123 53 0.8208 
 490 217 532 251 53 0.8204 
 368 250 404 283 53 0.8184 
 292 356 324 391 53 0.8184 
 191 253 232 286 53 0.8159 
 15 67 56 101 53 0.8135 
 341 327 383 354 53 0.813 
 596 476 640 512 53 0.813 
 475 270 511 303 53 0.8066 
 670 24 704 59 53 0.8062 
 297 434 333 463 53 0.8062 
 646 434 684 471 53 0.8057 
 401 468 434 494 53 0.8018 
 354 93 381 124 53 0.7999 
 219 268 257 302 53 0.796 
 547 250 582 278 53 0.7925 
 4 592 43 628 53 0.79 
 413 508 451 544 53 0.7881 
 410 35 438 63 53 0.7843 
 335 232 379 265 53 0.7838 
 112 2 155 23 53 0.7593 
 106 94 143 138 53 0.7593 
 149 593 179 621 53 0.7471 
 393 369 428 398 53 0.7441 
 228 475 257 510 53 0.7432 
 134 557 171 595 53 0.7373 
 397 628 437 669 53 0.7349 
 538 272 570 293 53 0.7305 
 324 564 360 598 53 0.7295 
 459 544 500 578 53 0.7139 
 671 561 704 596 53 0.7139 
 98 506 126 539 53 0.7129 
 437 120 459 147 53 0.7065 
 213 641 250 678 53 0.7031 
 255 83 294 104 53 0.7017 
 4 205 47 237 53 0.7007 
 627 294 653 313 53 0.6943 
 551 556 579 589 53 0.686 
 538 350 562 381 53 0.6826 
 682 448 704 483 53 0.6816 
 321 368 352 402 53 0.6548 
 495 612 532 648 53 0.6548 
 345 564 380 607 53 0.6523 
 498 650 536 681 53 0.6084 
 688 63 704 91 53 0.604 
 627 547 671 577 53 0.5918 
 548 383 562 401 53 0.5764 
 294 191 328 219 53 0.5747 
 594 95 611 119 53 0.5725 
 133 205 154 240 53 0.5659 
 247 354 267 379 53 0.5627 
 577 569 611 605 53 0.562 
 191 652 219 685 53 0.5544 
 475 115 505 145 53 0.5488 
 447 613 481 642 53 0.5371 
 109 441 129 476 53 0.5361 
 351 424 380 454 53 0.5352 
 38 599 64 626 53 0.5078 
 629 393 664 417 53 0.4961 
 235 652 268 685 53 0.4485 
 241 476 277 511 53 0.4243 
 523 242 568 275 53 0.4041 
 524 632 550 660 53 0.353 
 600 579 619 609 53 0.3149 
 690 533 703 558 53 0.2861 
 102 146 131 174 53 0.2759 
 577 383 598 403 53 0.2576 
