227 373 258 401 53 0.8599 
 595 273 636 307 53 0.8491 
 663 250 698 278 53 0.8398 
 324 265 356 299 53 0.8354 
 629 243 666 274 53 0.834 
 658 220 694 255 53 0.8336 
 549 14 588 47 53 0.8174 
 341 456 374 485 53 0.8076 
 154 220 182 246 53 0.8058 
 546 215 579 248 53 0.8032 
 376 473 412 505 53 0.8018 
 321 500 350 528 53 0.8018 
 428 135 461 179 53 0.7969 
 394 35 415 67 53 0.7936 
 620 140 652 175 53 0.7921 
 416 466 452 496 53 0.7891 
 628 450 663 481 53 0.7832 
 94 277 124 308 53 0.7734 
 82 53 107 79 53 0.771 
 75 22 108 50 53 0.7676 
 287 314 311 342 53 0.7638 
 113 399 148 430 53 0.7568 
 390 390 419 415 53 0.7534 
 325 525 358 549 53 0.7534 
 359 145 387 179 53 0.7529 
 538 237 562 263 53 0.7529 
 579 141 613 175 53 0.75 
 539 40 566 65 53 0.7471 
 588 386 615 408 53 0.7461 
 542 327 574 353 53 0.7402 
 527 0 560 23 53 0.7388 
 582 483 612 512 53 0.7373 
 307 230 332 256 53 0.7266 
 555 427 586 453 53 0.7241 
 412 285 441 314 53 0.7192 
 234 183 258 206 53 0.716 
 227 48 253 82 53 0.7114 
 171 354 207 388 53 0.7114 
 536 105 563 140 53 0.7111 
 101 303 129 331 53 0.7077 
 561 339 592 371 53 0.7056 
 214 174 235 202 53 0.7041 
 139 205 163 229 53 0.6982 
 27 326 58 354 53 0.6958 
 192 254 212 281 53 0.695 
 19 0 46 22 53 0.6909 
 167 172 201 203 53 0.6909 
 369 50 395 75 53 0.6875 
 342 541 378 568 53 0.6841 
 281 378 300 400 53 0.6803 
 452 355 474 385 53 0.6733 
 548 369 576 390 53 0.6704 
 437 38 470 62 53 0.6699 
 411 382 437 411 53 0.6693 
 307 401 326 427 53 0.668 
 35 90 67 120 53 0.6655 
 22 672 56 701 53 0.6655 
 198 365 228 392 53 0.6646 
 329 468 350 495 53 0.6636 
 343 306 360 326 53 0.6626 
 411 312 446 333 53 0.6611 
 103 61 124 83 53 0.6598 
 582 353 605 379 53 0.6582 
 156 338 184 364 53 0.6582 
 430 363 457 389 53 0.6514 
 478 404 505 427 53 0.6504 
 0 650 17 685 53 0.6494 
 551 490 585 514 53 0.6362 
 78 264 96 287 53 0.634 
 194 154 225 182 53 0.6318 
 570 194 607 224 53 0.6289 
 619 628 655 659 53 0.6279 
 102 38 125 66 53 0.6226 
 323 587 359 618 53 0.6196 
 627 405 658 428 53 0.6187 
 231 417 256 441 53 0.6162 
 408 126 435 155 53 0.6094 
 422 2 452 30 53 0.6027 
 246 68 263 89 53 0.5954 
 306 651 336 678 53 0.5938 
 364 625 399 652 53 0.5928 
 0 335 24 367 53 0.5918 
 274 602 302 635 53 0.5827 
 638 289 648 317 53 0.5813 
 164 47 193 74 53 0.5786 
 196 177 223 201 53 0.5747 
 143 0 169 18 53 0.563 
 0 619 24 648 53 0.5588 
 428 230 456 259 53 0.5557 
 203 82 235 110 53 0.5547 
 254 108 285 133 53 0.5498 
 155 154 183 182 53 0.5459 
 215 64 239 89 53 0.5447 
 664 340 702 363 53 0.5381 
 340 384 361 407 53 0.5359 
 263 150 282 173 53 0.529 
 377 371 400 392 53 0.5281 
 645 184 667 203 53 0.5271 
 382 586 418 611 53 0.5176 
 689 231 704 265 53 0.5107 
 210 461 234 490 53 0.5046 
 160 525 191 551 53 0.5029 
 168 24 195 53 53 0.501 
 44 509 76 538 53 0.499 
 140 15 161 49 53 0.498 
 106 0 138 22 53 0.4854 
 218 351 240 369 53 0.4832 
 353 49 368 70 53 0.4814 
 69 385 92 411 53 0.4814 
 467 280 483 299 53 0.4705 
 608 472 631 504 53 0.4629 
 320 324 335 340 53 0.4619 
 693 376 702 400 53 0.4617 
 659 478 686 502 53 0.4609 
 0 0 18 13 53 0.46 
 0 677 26 704 53 0.4524 
 18 262 48 290 53 0.4514 
 517 553 544 578 53 0.4504 
 686 398 704 419 53 0.4456 
 19 189 43 216 53 0.4395 
 654 395 677 426 53 0.4368 
 161 162 194 196 53 0.4368 
 278 37 306 61 53 0.4358 
 15 337 38 370 53 0.4351 
 687 378 704 399 53 0.4351 
 402 490 420 510 53 0.4331 
 693 433 703 458 53 0.43 
 329 526 370 559 53 0.4263 
 632 221 651 247 53 0.4253 
 580 33 604 63 53 0.4253 
 635 245 697 280 53 0.4231 
 568 367 593 392 53 0.4177 
 137 424 156 445 53 0.4165 
 81 0 105 16 53 0.4111 
 262 549 299 570 53 0.4072 
 481 481 514 504 53 0.4055 
 485 567 521 590 53 0.4006 
 442 285 460 305 53 0.3921 
 496 164 518 182 53 0.3895 
 500 508 525 537 53 0.3867 
 583 56 606 78 53 0.384 
 631 385 659 408 53 0.384 
 490 233 505 260 53 0.3821 
 317 670 348 696 53 0.3804 
 75 298 89 323 53 0.3757 
 189 340 205 358 53 0.3755 
 265 0 286 16 53 0.3701 
 411 364 431 386 53 0.3646 
 573 390 595 410 53 0.3584 
 532 53 556 77 53 0.3513 
 50 286 71 305 53 0.3503 
 47 240 83 269 53 0.3452 
 528 37 548 62 53 0.3425 
 2 430 15 452 53 0.3398 
 643 13 662 35 53 0.3345 
 578 597 616 633 53 0.3345 
 164 166 185 188 53 0.3337 
 230 77 251 104 53 0.332 
 216 180 256 204 53 0.3311 
 549 351 565 374 53 0.3309 
 40 184 55 206 53 0.3303 
 158 361 177 384 53 0.3259 
 355 173 370 191 53 0.3242 
 172 453 201 478 53 0.3225 
 375 466 392 486 53 0.3224 
 581 0 608 19 53 0.3208 
 477 1 491 12 53 0.3206 
 13 128 38 152 53 0.3184 
 631 289 653 316 53 0.3115 
 330 461 370 493 53 0.3108 
 2 0 12 11 53 0.3074 
 655 447 671 467 53 0.3057 
 403 374 420 391 53 0.3049 
 117 182 136 203 53 0.3038 
 569 66 607 97 53 0.2998 
 464 1 497 15 53 0.2942 
 243 615 274 641 53 0.2935 
 291 664 307 694 53 0.2893 
 537 546 558 570 53 0.2837 
 189 150 207 175 53 0.2836 
 149 190 172 211 53 0.2783 
 280 183 303 209 53 0.2727 
 237 0 251 16 53 0.2673 
 273 39 295 54 53 0.259 
 569 241 595 261 53 0.2554 
 61 358 90 385 53 0.2546 
