85 292 125 328 53 0.8599 
 487 530 531 566 53 0.8535 
 27 226 63 256 53 0.8447 
 302 142 332 176 53 0.8438 
 367 514 398 547 53 0.8428 
 0 339 29 369 53 0.8408 
 521 149 555 186 53 0.8398 
 518 457 552 486 53 0.8336 
 331 462 365 497 53 0.8335 
 347 440 378 467 53 0.8297 
 310 422 341 453 53 0.8291 
 369 352 407 387 53 0.8276 
 163 148 196 174 53 0.8267 
 466 393 503 425 53 0.8258 
 116 198 149 230 53 0.8252 
 607 585 645 613 53 0.8242 
 603 468 637 496 53 0.8198 
 31 66 67 100 53 0.817 
 526 538 572 576 53 0.8154 
 256 16 279 47 53 0.8141 
 368 317 401 351 53 0.814 
 378 140 409 169 53 0.813 
 175 39 210 72 53 0.8126 
 292 18 330 49 53 0.8125 
 79 17 112 43 53 0.8105 
 637 118 666 153 53 0.8081 
 582 77 624 108 53 0.8072 
 418 308 451 332 53 0.8066 
 190 113 227 143 53 0.8042 
 415 499 441 531 53 0.8033 
 580 222 610 255 53 0.8013 
 56 485 91 524 53 0.7983 
 457 81 494 110 53 0.7964 
 137 130 167 160 53 0.7925 
 109 452 144 482 53 0.7925 
 400 185 435 221 53 0.792 
 52 84 86 115 53 0.792 
 451 248 484 279 53 0.7886 
 229 246 259 276 53 0.7871 
 458 0 494 31 53 0.7866 
 84 201 116 231 53 0.7827 
 653 301 690 323 53 0.7798 
 615 3 655 35 53 0.7788 
 306 593 342 623 53 0.7759 
 570 544 603 573 53 0.7754 
 275 191 300 215 53 0.772 
 167 286 204 318 53 0.7671 
 364 94 402 129 53 0.7646 
 512 77 543 102 53 0.7607 
 407 420 435 444 53 0.7589 
 184 534 213 562 53 0.752 
 250 160 269 190 53 0.7516 
 439 28 465 53 53 0.7496 
 430 157 463 189 53 0.749 
 621 87 659 117 53 0.7476 
 259 340 294 371 53 0.7461 
 683 519 704 551 53 0.7373 
 448 661 484 691 53 0.7349 
 69 432 107 457 53 0.7339 
 130 262 159 289 53 0.7319 
 571 411 598 439 53 0.7305 
 504 9 541 39 53 0.7251 
 2 527 29 555 53 0.7231 
 52 464 83 489 53 0.7199 
 257 255 292 285 53 0.716 
 1 421 34 447 53 0.7124 
 2 490 32 517 53 0.7124 
 453 321 486 346 53 0.7124 
 26 490 54 519 53 0.7114 
 676 370 703 406 53 0.7031 
 84 91 109 121 53 0.7023 
 549 663 581 687 53 0.6992 
 493 460 519 488 53 0.6974 
 378 399 407 420 53 0.6958 
 244 608 273 637 53 0.6929 
 15 306 57 343 53 0.6885 
 566 635 595 662 53 0.6885 
 414 282 448 310 53 0.6885 
 213 139 236 168 53 0.6881 
 405 76 436 101 53 0.6875 
 387 31 426 59 53 0.6851 
 443 383 471 407 53 0.6807 
 73 314 98 341 53 0.6792 
 657 268 683 294 53 0.6769 
 596 51 618 77 53 0.6738 
 474 235 504 255 53 0.6724 
 611 218 638 246 53 0.6714 
 684 254 704 286 53 0.6704 
 41 182 69 212 53 0.6567 
 317 81 346 113 53 0.6514 
 124 104 152 130 53 0.651 
 204 388 240 413 53 0.6489 
 249 637 267 666 53 0.6384 
 187 299 232 340 53 0.6353 
 14 448 30 471 53 0.6318 
 244 364 272 390 53 0.625 
 8 309 34 338 53 0.6069 
 289 484 311 511 53 0.5988 
 651 248 681 272 53 0.582 
 485 11 506 35 53 0.5776 
 685 209 703 229 53 0.5725 
 411 268 428 290 53 0.5705 
 91 465 113 488 53 0.5695 
 127 354 162 389 53 0.5679 
 397 316 423 341 53 0.5649 
 113 113 140 139 53 0.5566 
 424 86 445 114 53 0.5352 
 282 119 304 145 53 0.5222 
 350 589 390 625 53 0.4629 
 0 164 13 188 53 0.4619 
 77 381 98 406 53 0.4341 
 335 32 356 55 53 0.4312 
 141 445 161 466 53 0.4263 
 570 381 587 404 53 0.4251 
 18 168 46 190 53 0.4102 
 27 424 55 443 53 0.4092 
 464 294 485 312 53 0.4072 
 309 676 334 698 53 0.4055 
 38 337 64 359 53 0.3738 
 348 394 378 421 53 0.3486 
 357 47 372 67 53 0.3431 
 104 87 121 112 53 0.3425 
 82 521 123 554 53 0.3381 
 597 672 622 701 53 0.3303 
 598 389 629 410 53 0.304 
 84 198 146 232 53 0.2881 
 527 0 549 17 53 0.2666 
 353 660 384 685 53 0.2612 
 226 230 244 255 53 0.2539 
 169 38 185 59 53 0.2502 
