9 399 47 438 53 0.8364 
 481 556 512 587 53 0.8345 
 286 174 325 211 53 0.8115 
 254 429 284 456 53 0.7759 
 0 393 17 417 53 0.7755 
 223 491 251 519 53 0.771 
 555 7 583 32 53 0.769 
 314 489 349 519 53 0.7671 
 63 131 92 156 53 0.7574 
 351 559 372 581 53 0.736 
 137 404 161 426 53 0.7267 
 59 0 90 24 53 0.7114 
 0 469 25 495 53 0.6989 
 454 521 475 543 53 0.6978 
 273 5 299 33 53 0.6745 
 109 221 126 243 53 0.6489 
 416 72 452 101 53 0.6216 
 393 558 412 583 53 0.6184 
 400 509 434 541 53 0.5876 
 180 102 208 132 53 0.583 
 369 22 401 52 53 0.582 
 289 344 312 367 53 0.5783 
 106 542 137 568 53 0.3711 
 216 47 233 73 53 0.3611 
 79 257 103 279 53 0.3208 
 47 231 71 253 53 0.2744 
 327 286 343 310 53 0.2718 
 248 63 274 81 53 0.2712 
