562 241 596 279 53 0.8716 
 228 30 261 64 53 0.8613 
 331 185 361 214 53 0.8613 
 28 133 60 163 53 0.8579 
 106 65 147 100 53 0.8511 
 446 441 485 478 53 0.8457 
 292 479 331 511 53 0.8457 
 306 341 336 372 53 0.8409 
 452 140 482 169 53 0.8408 
 383 107 422 141 53 0.832 
 611 210 643 243 53 0.8301 
 178 239 204 267 53 0.8291 
 515 111 548 141 53 0.8276 
 149 664 178 695 53 0.8228 
 500 288 540 321 53 0.8218 
 336 341 374 375 53 0.8218 
 282 207 314 238 53 0.8188 
 386 639 425 673 53 0.8169 
 24 161 59 191 53 0.814 
 542 132 575 164 53 0.813 
 427 348 457 384 53 0.813 
 309 205 334 234 53 0.8121 
 320 11 353 47 53 0.8115 
 624 126 662 159 53 0.8111 
 1 625 33 656 53 0.811 
 484 446 521 482 53 0.8105 
 315 557 348 591 53 0.8076 
 157 585 190 618 53 0.8066 
 129 139 165 169 53 0.8042 
 610 369 648 395 53 0.8042 
 140 452 175 481 53 0.8032 
 143 423 182 455 53 0.8028 
 407 185 444 216 53 0.8023 
 367 326 400 359 53 0.8023 
 219 465 249 499 53 0.7999 
 589 427 622 458 53 0.7993 
 417 18 446 50 53 0.7993 
 59 78 92 105 53 0.7969 
 15 257 45 286 53 0.7944 
 89 579 121 609 53 0.7906 
 265 386 299 414 53 0.7871 
 49 235 83 267 53 0.7847 
 348 481 388 514 53 0.7847 
 289 656 323 686 53 0.7812 
 390 21 423 55 53 0.7808 
 381 282 413 312 53 0.7676 
 313 414 351 447 53 0.7661 
 207 569 247 598 53 0.7642 
 310 43 344 73 53 0.7637 
 99 672 132 701 53 0.7637 
 176 661 202 688 53 0.756 
 191 111 227 143 53 0.7544 
 527 587 563 621 53 0.752 
 75 399 100 431 53 0.749 
 371 82 400 105 53 0.7446 
 429 204 450 231 53 0.7443 
 86 248 122 281 53 0.7443 
 543 514 573 544 53 0.7441 
 340 54 365 76 53 0.7417 
 157 217 189 248 53 0.7389 
 488 603 523 635 53 0.7378 
 120 14 160 49 53 0.7363 
 352 402 386 434 53 0.7349 
 0 132 25 161 53 0.7334 
 444 563 477 597 53 0.7334 
 520 259 551 290 53 0.7295 
 243 67 271 94 53 0.7282 
 148 0 175 22 53 0.7241 
 509 663 543 701 53 0.7227 
 365 428 397 459 53 0.7217 
 300 186 328 209 53 0.7139 
 549 273 577 301 53 0.7124 
 235 249 260 278 53 0.7051 
 32 587 61 620 53 0.7026 
 678 503 704 536 53 0.6992 
 623 461 660 489 53 0.6968 
 177 23 199 49 53 0.6964 
 662 434 694 465 53 0.6953 
 284 0 313 29 53 0.6906 
 124 540 165 578 53 0.6885 
 119 427 143 452 53 0.6841 
 338 98 370 125 53 0.6802 
 646 355 672 379 53 0.6755 
 0 176 23 208 53 0.6655 
 614 36 646 60 53 0.6655 
 451 607 483 637 53 0.6646 
 370 616 398 647 53 0.6618 
 178 40 209 80 53 0.6538 
 662 40 698 70 53 0.6538 
 87 89 108 110 53 0.6514 
 475 392 508 420 53 0.6514 
 53 471 82 503 53 0.645 
 121 201 161 229 53 0.6426 
 260 508 280 534 53 0.6403 
 241 127 262 154 53 0.6247 
 232 208 256 234 53 0.6206 
 224 1 260 15 53 0.6123 
 533 550 563 581 53 0.605 
 253 196 284 234 53 0.603 
 361 278 379 303 53 0.5979 
 0 0 16 17 53 0.5957 
 168 49 183 73 53 0.5757 
 3 178 35 213 53 0.5679 
 295 0 339 20 53 0.5591 
 628 99 653 119 53 0.5459 
 468 580 495 604 53 0.5391 
 481 322 501 354 53 0.5322 
 313 307 332 326 53 0.5244 
 678 408 701 433 53 0.5059 
 475 677 507 700 53 0.4912 
 542 38 573 65 53 0.4893 
 590 638 620 669 53 0.4805 
 568 601 605 631 53 0.4648 
 0 158 18 179 53 0.46 
 18 184 49 211 53 0.46 
 123 378 151 403 53 0.4561 
 28 66 54 89 53 0.4397 
 589 382 617 410 53 0.4368 
 641 105 665 129 53 0.4309 
 489 534 519 555 53 0.4216 
 534 274 558 303 53 0.4082 
 680 427 703 460 53 0.4006 
 1 1 12 13 53 0.3794 
 0 16 13 38 53 0.3442 
 382 6 408 32 53 0.3408 
 495 408 534 427 53 0.3057 
 444 442 528 485 53 0.2925 
 524 265 563 300 53 0.2815 
 1 646 11 671 53 0.2791 
 0 6 16 32 53 0.2727 
 529 218 563 251 53 0.2671 
 0 338 15 361 53 0.2651 
 188 37 215 67 53 0.2554 
 505 54 527 79 53 0.2502 
