671 127 703 154 53 0.8267 
 213 340 237 367 53 0.8131 
 424 155 457 182 53 0.813 
 244 86 284 115 53 0.8091 
 119 467 143 494 53 0.8058 
 191 513 233 546 53 0.8027 
 538 65 568 90 53 0.8008 
 243 165 274 191 53 0.7944 
 124 114 144 135 53 0.7932 
 541 288 572 324 53 0.7921 
 188 204 219 232 53 0.7867 
 279 109 308 136 53 0.7842 
 105 595 128 616 53 0.7775 
 470 70 500 100 53 0.7769 
 307 296 334 318 53 0.7744 
 330 159 346 189 53 0.7721 
 612 227 648 255 53 0.772 
 148 84 181 109 53 0.7676 
 70 58 99 82 53 0.7653 
 255 194 276 213 53 0.7607 
 99 160 125 181 53 0.7407 
 380 414 408 444 53 0.7277 
 159 276 179 298 53 0.7217 
 151 544 178 573 53 0.7208 
 416 333 447 364 53 0.7202 
 295 146 323 169 53 0.7124 
 2 0 34 16 53 0.7017 
 549 537 580 569 53 0.7007 
 59 164 86 192 53 0.6989 
 96 571 124 605 53 0.6964 
 249 514 273 541 53 0.6934 
 591 271 616 293 53 0.6891 
 372 488 403 520 53 0.6885 
 527 640 562 672 53 0.6885 
 178 643 203 673 53 0.6867 
 121 62 145 88 53 0.6851 
 178 532 213 563 53 0.6826 
 407 263 427 284 53 0.6769 
 74 580 99 604 53 0.6748 
 504 382 528 412 53 0.6735 
 286 280 314 303 53 0.6655 
 252 453 280 472 53 0.6655 
 490 370 510 397 53 0.6592 
 521 267 539 287 53 0.6574 
 502 198 529 224 53 0.6538 
 342 264 357 290 53 0.652 
 89 534 126 562 53 0.6514 
 140 504 172 531 53 0.646 
 64 17 86 39 53 0.6457 
 550 170 573 192 53 0.6423 
 445 340 467 368 53 0.6406 
 110 106 127 127 53 0.6318 
 274 475 295 502 53 0.6276 
 579 1 605 21 53 0.6216 
 251 360 268 383 53 0.6203 
 233 639 253 675 53 0.6104 
 215 530 239 561 53 0.5959 
 180 496 199 528 53 0.5954 
 212 461 233 484 53 0.5908 
 365 572 392 608 53 0.5815 
 140 108 171 132 53 0.5688 
 547 102 574 128 53 0.5508 
 121 37 138 57 53 0.5447 
 395 592 428 624 53 0.5381 
 654 310 683 335 53 0.5361 
 539 362 556 392 53 0.5352 
 475 196 501 223 53 0.5332 
 496 643 521 672 53 0.5322 
 239 492 267 520 53 0.499 
 655 289 688 313 53 0.499 
 111 106 142 132 53 0.4961 
 380 229 398 247 53 0.4802 
 614 333 643 354 53 0.4697 
 77 146 103 168 53 0.4639 
 170 56 189 77 53 0.4617 
 149 647 179 667 53 0.459 
 482 173 511 199 53 0.457 
 467 338 488 361 53 0.4568 
 684 289 704 316 53 0.4561 
 449 231 466 252 53 0.4522 
 621 276 652 308 53 0.4504 
 644 116 662 137 53 0.4414 
 542 33 560 57 53 0.4329 
 451 607 483 629 53 0.4243 
 167 436 180 460 53 0.4214 
 280 585 302 607 53 0.4187 
 521 526 542 552 53 0.4158 
 156 678 189 701 53 0.4121 
 574 451 602 477 53 0.4102 
 242 558 266 578 53 0.4082 
 477 634 502 657 53 0.396 
 452 2 465 12 53 0.3857 
 99 72 127 92 53 0.3857 
 303 600 327 626 53 0.3667 
 282 83 312 105 53 0.3667 
 326 594 359 623 53 0.3638 
 165 518 190 546 53 0.3621 
 491 23 527 44 53 0.3523 
 515 557 548 588 53 0.3486 
 616 534 636 556 53 0.3442 
 162 524 183 550 53 0.3303 
 196 678 216 701 53 0.3267 
 507 497 532 525 53 0.3201 
 479 498 509 528 53 0.3174 
 109 535 140 557 53 0.3167 
 470 178 490 197 53 0.3123 
 249 248 261 271 53 0.3048 
 555 362 575 385 53 0.304 
 345 168 367 192 53 0.2991 
 142 609 157 627 53 0.2814 
 450 0 466 18 53 0.2744 
 191 489 212 509 53 0.272 
 188 34 202 54 53 0.2666 
 566 31 579 49 53 0.2665 
 591 321 603 346 53 0.2604 
 659 661 686 685 53 0.2576 
