178 375 210 399 53 0.7993 
 308 530 339 559 53 0.7921 
 275 349 307 375 53 0.7798 
 171 277 201 306 53 0.7695 
 99 464 128 492 53 0.7622 
 661 217 689 244 53 0.7618 
 359 332 392 361 53 0.7604 
 449 619 477 644 53 0.7598 
 60 305 92 330 53 0.7593 
 50 276 84 310 53 0.7441 
 601 461 636 490 53 0.7369 
 528 1 556 26 53 0.7305 
 390 568 417 593 53 0.7271 
 224 327 252 354 53 0.7217 
 317 219 338 251 53 0.721 
 339 281 360 304 53 0.7164 
 583 56 617 80 53 0.7163 
 420 566 443 589 53 0.709 
 349 224 380 252 53 0.7056 
 198 108 233 134 53 0.7026 
 204 337 232 363 53 0.6974 
 479 238 514 268 53 0.6934 
 56 428 94 454 53 0.6899 
 530 669 567 699 53 0.6896 
 392 349 412 373 53 0.6872 
 561 29 592 54 53 0.687 
 443 31 457 60 53 0.6798 
 81 285 117 319 53 0.6735 
 421 410 447 435 53 0.672 
 263 428 295 453 53 0.6714 
 308 298 328 326 53 0.6642 
 418 641 452 665 53 0.6479 
 139 427 175 455 53 0.6353 
 631 209 661 235 53 0.6323 
 34 373 63 397 53 0.6309 
 289 243 318 268 53 0.626 
 110 12 147 50 53 0.6245 
 687 157 704 186 53 0.6196 
 276 318 307 338 53 0.6152 
 16 285 44 313 53 0.606 
 137 274 170 300 53 0.6011 
 645 1 666 23 53 0.5981 
 391 328 415 350 53 0.5981 
 397 3 423 27 53 0.5979 
 455 35 481 60 53 0.5918 
 462 0 496 16 53 0.585 
 583 17 611 42 53 0.5698 
 673 645 702 670 53 0.5659 
 636 476 652 501 53 0.5637 
 430 220 459 250 53 0.5608 
 680 531 701 554 53 0.5598 
 0 244 13 269 53 0.5332 
 227 598 254 623 53 0.5283 
 143 331 168 360 53 0.5273 
 678 673 701 695 53 0.5137 
 331 328 352 350 53 0.5098 
 605 569 637 597 53 0.5029 
 36 285 63 318 53 0.498 
 661 2 697 17 53 0.4854 
 374 210 400 237 53 0.4834 
 394 402 410 424 53 0.4744 
 642 141 677 168 53 0.4707 
 167 508 198 532 53 0.4688 
 36 24 69 46 53 0.4678 
 19 198 47 221 53 0.4658 
 105 423 130 450 53 0.46 
 422 519 446 541 53 0.457 
 419 98 451 122 53 0.4561 
 480 263 506 288 53 0.4414 
 440 16 459 31 53 0.4368 
 155 17 184 42 53 0.4358 
 629 194 648 215 53 0.4282 
 261 585 294 609 53 0.4243 
 694 30 702 52 53 0.409 
 116 471 143 495 53 0.3999 
 186 110 202 132 53 0.396 
 235 434 257 453 53 0.3921 
 608 429 645 457 53 0.3887 
 367 450 392 477 53 0.3877 
 126 167 168 191 53 0.3867 
 532 551 559 579 53 0.3857 
 392 254 411 275 53 0.3794 
 367 633 391 659 53 0.3767 
 234 73 249 97 53 0.3694 
 244 140 269 168 53 0.3503 
 646 682 672 704 53 0.3459 
 86 620 113 647 53 0.3433 
 206 2 237 18 53 0.3416 
 547 0 574 15 53 0.3345 
 276 84 301 108 53 0.3259 
 136 46 163 71 53 0.3201 
 572 0 598 15 53 0.3167 
 182 165 214 193 53 0.3149 
 90 298 119 322 53 0.3108 
 644 585 676 611 53 0.3091 
 99 434 128 460 53 0.3074 
 414 215 436 241 53 0.3049 
 119 528 141 548 53 0.304 
 566 551 607 581 53 0.304 
 689 31 704 53 53 0.3032 
 165 372 177 393 53 0.2998 
 445 11 488 37 53 0.291 
 628 116 644 138 53 0.2893 
 503 343 540 372 53 0.2886 
 581 7 608 33 53 0.2869 
 160 0 178 15 53 0.2805 
 4 215 16 232 53 0.272 
 400 537 426 558 53 0.2576 
