251 271 281 302 53 0.8188 
 276 373 299 397 53 0.8018 
 295 287 325 316 53 0.7969 
 248 58 278 93 53 0.7959 
 620 561 658 592 53 0.79 
 433 459 459 486 53 0.7891 
 445 525 474 555 53 0.7784 
 41 154 73 184 53 0.777 
 558 461 584 488 53 0.775 
 67 136 96 164 53 0.7646 
 413 438 436 464 53 0.756 
 333 365 360 391 53 0.7559 
 343 222 360 250 53 0.7482 
 608 223 634 259 53 0.7472 
 28 280 59 311 53 0.7417 
 27 375 48 396 53 0.7195 
 137 356 165 376 53 0.7031 
 352 311 376 335 53 0.6807 
 108 173 125 199 53 0.6652 
 139 443 158 467 53 0.6618 
 72 291 94 318 53 0.6523 
 421 558 446 582 53 0.6323 
 97 450 123 479 53 0.625 
 188 6 213 31 53 0.6104 
 408 388 433 408 53 0.604 
 184 417 200 434 53 0.5954 
 26 458 54 483 53 0.582 
 126 208 151 231 53 0.562 
 47 137 60 153 53 0.5508 
 555 440 577 463 53 0.5408 
 324 57 349 77 53 0.5283 
 422 471 439 500 53 0.5281 
 557 418 575 443 53 0.5203 
 693 361 702 386 53 0.5193 
 342 370 367 392 53 0.4736 
 6 339 28 357 53 0.4717 
 432 432 457 456 53 0.4551 
 422 127 458 166 53 0.4397 
 133 212 157 235 53 0.4368 
 168 526 194 548 53 0.4312 
 466 105 498 135 53 0.4102 
 155 524 174 547 53 0.4034 
 344 537 374 566 53 0.395 
 348 324 366 345 53 0.3848 
 138 495 157 518 53 0.3821 
 462 668 488 694 53 0.3701 
 432 14 450 34 53 0.3657 
 534 678 554 703 53 0.3657 
 202 444 235 469 53 0.3647 
 391 439 411 455 53 0.3557 
 348 262 366 282 53 0.355 
 266 454 292 472 53 0.3276 
 49 134 68 152 53 0.3201 
 44 134 64 158 53 0.3174 
 231 296 257 314 53 0.3174 
 428 126 453 151 53 0.3167 
 415 25 434 49 53 0.2983 
 334 546 366 571 53 0.2917 
 393 481 426 508 53 0.2878 
 440 440 457 457 53 0.2805 
 342 164 363 183 53 0.2546 
 375 350 390 370 53 0.2531 
