350 222 386 265 53 0.8623 
 429 269 469 302 53 0.8555 
 148 158 201 212 53 0.8496 
 367 514 403 555 53 0.8496 
 663 449 704 488 53 0.8463 
 579 255 626 299 53 0.8457 
 11 168 41 196 53 0.8448 
 477 115 514 150 53 0.8424 
 187 328 229 383 53 0.8394 
 525 438 563 479 53 0.8389 
 421 477 461 514 53 0.8389 
 518 240 558 275 53 0.8369 
 431 179 472 216 53 0.8364 
 624 655 652 691 53 0.8346 
 486 398 525 432 53 0.8346 
 347 144 390 178 53 0.8345 
 347 3 385 44 53 0.8335 
 516 503 557 535 53 0.8326 
 605 394 650 429 53 0.8292 
 308 112 352 150 53 0.8262 
 595 534 636 578 53 0.8257 
 618 417 657 450 53 0.8242 
 291 160 330 197 53 0.8223 
 275 383 320 420 53 0.8218 
 480 16 522 58 53 0.8213 
 258 182 301 219 53 0.8204 
 3 271 42 310 53 0.8184 
 311 294 354 334 53 0.8155 
 485 166 519 204 53 0.8154 
 70 191 107 223 53 0.814 
 104 547 150 580 53 0.8101 
 557 421 598 457 53 0.8082 
 299 442 343 478 53 0.8062 
 113 216 152 258 53 0.8057 
 405 23 442 52 53 0.8032 
 219 425 267 469 53 0.8013 
 179 395 222 425 53 0.7989 
 303 473 351 517 53 0.7983 
 401 50 442 85 53 0.7974 
 67 322 101 353 53 0.7974 
 280 84 322 123 53 0.7939 
 647 127 681 170 53 0.793 
 171 501 216 549 53 0.7905 
 65 571 115 609 53 0.7891 
 587 289 623 320 53 0.7881 
 631 497 672 528 53 0.7871 
 447 240 487 276 53 0.7827 
 342 206 361 237 53 0.7822 
 0 90 20 116 53 0.7818 
 31 558 78 605 53 0.7793 
 346 585 388 626 53 0.7788 
 250 473 293 512 53 0.7773 
 111 103 159 141 53 0.7754 
 354 667 396 702 53 0.7721 
 211 276 252 309 53 0.771 
 626 307 679 360 53 0.7656 
 239 60 282 105 53 0.7642 
 193 659 241 699 53 0.7642 
 366 625 414 658 53 0.7627 
 246 377 281 407 53 0.7618 
 365 353 406 393 53 0.7598 
 660 538 699 573 53 0.7568 
 297 604 344 644 53 0.7534 
 43 654 88 689 53 0.7529 
 417 419 446 449 53 0.7522 
 51 171 97 202 53 0.7516 
 643 57 686 95 53 0.7515 
 671 329 703 370 53 0.75 
 103 623 134 648 53 0.7402 
 165 105 209 140 53 0.7369 
 685 390 704 422 53 0.7349 
 660 418 686 443 53 0.7277 
 505 131 539 161 53 0.7271 
 206 477 239 512 53 0.7241 
 493 486 516 512 53 0.7217 
 183 422 215 446 53 0.7192 
 507 611 541 638 53 0.7192 
 39 109 82 138 53 0.7188 
 466 635 505 661 53 0.6982 
 583 672 626 702 53 0.6909 
 576 322 610 345 53 0.6895 
 409 198 442 229 53 0.6836 
 436 677 481 703 53 0.6807 
 474 665 499 701 53 0.6768 
 469 340 502 362 53 0.6704 
 499 675 533 703 53 0.668 
 53 223 82 249 53 0.6665 
 557 245 585 271 53 0.6621 
 662 614 703 657 53 0.6372 
 499 289 520 316 53 0.6359 
 253 297 277 320 53 0.6323 
 52 324 74 355 53 0.6235 
 399 313 423 345 53 0.6177 
 0 438 16 460 53 0.6101 
 370 655 420 678 53 0.6084 
 357 472 376 495 53 0.5896 
 584 525 602 557 53 0.584 
 635 138 658 168 53 0.5666 
 662 253 686 274 53 0.564 
 521 637 544 659 53 0.53 
 389 673 424 703 53 0.5244 
 647 610 680 638 53 0.5234 
 116 61 137 77 53 0.5095 
 619 209 649 242 53 0.5059 
 450 614 477 640 53 0.4736 
 509 286 539 315 53 0.4629 
 517 380 547 402 53 0.46 
 510 205 532 229 53 0.4514 
 255 68 290 108 53 0.4485 
 181 406 221 442 53 0.4312 
 544 336 570 356 53 0.4231 
 274 358 294 387 53 0.397 
 420 141 455 173 53 0.396 
 617 614 648 645 53 0.3804 
 458 453 485 474 53 0.3767 
 492 258 514 274 53 0.3694 
 130 229 170 266 53 0.3694 
 548 686 565 703 53 0.3655 
 403 203 426 234 53 0.363 
 54 77 76 95 53 0.3594 
 357 637 404 704 53 0.3589 
 469 382 492 398 53 0.3389 
 649 591 668 610 53 0.3364 
 334 3 359 25 53 0.3303 
 479 653 506 679 53 0.3293 
 90 160 115 180 53 0.3201 
 476 589 494 617 53 0.3008 
 556 157 579 180 53 0.2983 
 231 382 258 411 53 0.2942 
 187 106 211 138 53 0.2878 
 153 291 170 311 53 0.2861 
 672 614 701 640 53 0.2837 
 0 130 14 160 53 0.283 
 582 300 619 339 53 0.2686 
