262 356 290 384 53 0.8267 
 263 27 298 55 53 0.8042 
 352 275 381 303 53 0.8032 
 196 0 233 31 53 0.7949 
 189 360 220 392 53 0.7944 
 416 143 453 176 53 0.7725 
 156 433 186 462 53 0.7695 
 382 397 415 428 53 0.7178 
 245 357 265 383 53 0.71 
 315 216 350 248 53 0.6934 
 387 295 417 319 53 0.6875 
 488 303 522 336 53 0.687 
 332 257 359 286 53 0.6768 
 245 305 268 329 53 0.673 
 341 121 369 151 53 0.6724 
 225 192 255 223 53 0.6689 
 267 313 289 339 53 0.6642 
 388 217 415 245 53 0.6592 
 204 42 244 75 53 0.6523 
 191 282 227 308 53 0.6479 
 133 10 164 38 53 0.646 
 644 52 679 82 53 0.6245 
 340 60 366 92 53 0.6177 
 383 157 416 184 53 0.6094 
 337 154 365 185 53 0.6021 
 364 359 394 391 53 0.6011 
 359 58 389 88 53 0.5898 
 468 241 497 274 53 0.5806 
 65 22 97 53 53 0.5796 
 330 360 363 387 53 0.5767 
 386 41 420 67 53 0.5688 
 314 120 337 143 53 0.5564 
 420 410 451 438 53 0.5498 
 512 332 534 356 53 0.5408 
 87 572 124 604 53 0.5146 
 369 175 396 199 53 0.5117 
 85 411 118 435 53 0.5068 
 242 335 271 360 53 0.5039 
 438 53 465 80 53 0.4844 
 275 459 306 490 53 0.4785 
 138 426 158 452 53 0.4636 
 23 293 57 322 53 0.457 
 177 370 201 400 53 0.4551 
 579 48 607 79 53 0.4465 
 416 239 443 269 53 0.4426 
 681 374 704 395 53 0.4251 
 26 598 53 623 53 0.4216 
 48 411 84 440 53 0.4167 
 244 307 282 337 53 0.4045 
 159 29 189 56 53 0.397 
 495 10 514 34 53 0.3887 
 682 328 702 363 53 0.385 
 314 99 348 126 53 0.3831 
 373 128 399 156 53 0.3694 
 615 293 642 323 53 0.3286 
 692 467 703 500 53 0.3208 
 692 62 703 89 53 0.3201 
 328 14 349 33 53 0.3091 
 51 37 79 64 53 0.3066 
 276 216 304 246 53 0.2681 
 241 344 268 377 53 0.2546 
 100 0 133 17 53 0.251 
 155 139 183 172 53 0.2502 
