436 286 462 315 53 0.8199 
 633 284 666 312 53 0.814 
 595 363 628 401 53 0.8135 
 550 487 583 520 53 0.7916 
 677 305 704 335 53 0.7682 
 596 276 631 303 53 0.7578 
 521 220 556 250 53 0.7404 
 686 75 704 107 53 0.7321 
 523 492 554 528 53 0.7319 
 580 518 606 548 53 0.7277 
 515 520 547 549 53 0.7212 
 252 461 286 499 53 0.7104 
 362 312 386 338 53 0.709 
 348 254 377 277 53 0.6802 
 505 187 527 216 53 0.6608 
 229 291 255 323 53 0.6436 
 159 178 192 205 53 0.6362 
 622 470 655 501 53 0.6333 
 20 113 50 141 53 0.6309 
 476 84 503 115 53 0.6245 
 567 338 588 369 53 0.6167 
 283 507 315 536 53 0.6162 
 425 277 441 292 53 0.6152 
 78 93 108 117 53 0.5957 
 571 480 598 504 53 0.5728 
 614 532 636 562 53 0.564 
 657 77 682 104 53 0.5578 
 121 516 156 550 53 0.5557 
 443 509 477 537 53 0.5508 
 461 87 478 115 53 0.53 
 154 470 179 493 53 0.5205 
 389 0 421 21 53 0.5176 
 177 419 203 437 53 0.5017 
 378 237 391 259 53 0.4971 
 673 50 693 76 53 0.4922 
 579 363 602 395 53 0.4832 
 478 530 502 562 53 0.4814 
 137 353 154 382 53 0.4756 
 391 327 407 351 53 0.4727 
 658 510 689 536 53 0.4688 
 627 327 645 349 53 0.4597 
 93 1 124 18 53 0.459 
 401 292 424 316 53 0.4475 
 543 199 569 228 53 0.4387 
 438 408 460 430 53 0.4321 
 281 256 311 282 53 0.4292 
 498 361 527 386 53 0.4272 
 83 57 113 84 53 0.4253 
 328 467 354 491 53 0.4253 
 609 304 635 321 53 0.4231 
 249 6 277 34 53 0.4131 
 475 581 504 611 53 0.4055 
 327 294 349 319 53 0.4026 
 489 413 514 434 53 0.3765 
 133 3 160 25 53 0.373 
 120 453 148 477 53 0.3711 
 251 348 273 375 53 0.3609 
 175 538 203 566 53 0.3433 
 554 405 568 420 53 0.2935 
 226 557 261 590 53 0.2925 
 389 86 417 108 53 0.2878 
 686 481 702 505 53 0.2821 
 616 438 638 455 53 0.2681 
 284 420 303 438 53 0.2621 
 237 345 253 363 53 0.2576 
 428 365 475 387 53 0.2554 
