439 617 474 649 53 0.853 
 312 541 348 576 53 0.8521 
 569 385 605 416 53 0.8418 
 128 17 161 45 53 0.8389 
 433 282 468 314 53 0.8374 
 246 4 268 33 53 0.8346 
 85 426 108 450 53 0.8292 
 202 424 229 458 53 0.8258 
 501 58 534 89 53 0.8242 
 164 156 195 184 53 0.8165 
 8 212 41 242 53 0.8115 
 656 219 693 248 53 0.8115 
 509 378 539 403 53 0.8105 
 315 13 343 46 53 0.8097 
 218 89 244 112 53 0.8081 
 555 438 589 466 53 0.8066 
 178 441 206 464 53 0.8057 
 187 84 217 111 53 0.8032 
 602 181 635 211 53 0.8032 
 353 545 386 575 53 0.8003 
 304 430 332 461 53 0.7999 
 165 547 196 580 53 0.7969 
 488 119 522 149 53 0.7959 
 91 215 117 242 53 0.7945 
 219 523 250 553 53 0.793 
 287 564 320 592 53 0.792 
 135 464 164 489 53 0.7905 
 214 358 244 381 53 0.7891 
 341 25 374 49 53 0.7891 
 326 434 360 459 53 0.7891 
 255 298 280 325 53 0.7882 
 566 327 594 353 53 0.7881 
 323 372 358 402 53 0.7866 
 178 16 204 44 53 0.7863 
 103 10 130 38 53 0.7857 
 549 314 581 344 53 0.7848 
 223 281 256 311 53 0.7842 
 117 113 141 141 53 0.7828 
 351 4 376 26 53 0.7818 
 494 215 515 245 53 0.7818 
 229 258 255 282 53 0.7794 
 493 529 516 560 53 0.7789 
 248 486 277 513 53 0.7788 
 144 417 170 445 53 0.7765 
 360 421 390 445 53 0.7744 
 138 273 172 300 53 0.7744 
 262 120 294 149 53 0.7725 
 618 555 649 584 53 0.771 
 645 502 678 528 53 0.7695 
 206 185 234 211 53 0.769 
 81 104 121 134 53 0.7671 
 228 494 254 521 53 0.7667 
 197 373 228 396 53 0.7622 
 548 131 578 157 53 0.7594 
 580 26 608 48 53 0.7574 
 517 83 547 105 53 0.7568 
 41 29 69 53 53 0.7544 
 643 49 677 77 53 0.7534 
 168 419 195 442 53 0.7516 
 626 128 655 155 53 0.7496 
 291 25 323 55 53 0.7476 
 229 457 262 483 53 0.7471 
 119 442 148 465 53 0.7432 
 88 158 115 178 53 0.7393 
 324 625 350 656 53 0.7388 
 1 261 40 283 53 0.7339 
 676 474 704 507 53 0.733 
 612 109 644 130 53 0.7319 
 37 288 62 311 53 0.7316 
 501 165 523 189 53 0.7277 
 401 431 428 462 53 0.7271 
 0 156 17 186 53 0.7252 
 432 96 461 127 53 0.7212 
 555 508 580 537 53 0.718 
 515 637 546 665 53 0.7178 
 580 114 614 137 53 0.7168 
 475 77 510 108 53 0.7163 
 259 220 292 244 53 0.7163 
 582 316 609 342 53 0.7153 
 17 163 48 187 53 0.7129 
 513 350 539 374 53 0.7111 
 676 29 700 55 53 0.7075 
 17 387 42 409 53 0.7062 
 119 538 149 569 53 0.7056 
 67 562 104 592 53 0.7056 
 53 14 79 34 53 0.6968 
 441 132 471 158 53 0.6958 
 278 497 298 525 53 0.695 
 291 166 326 190 53 0.6919 
 64 104 82 128 53 0.6896 
 51 201 82 225 53 0.6895 
 136 562 167 586 53 0.6885 
 113 85 134 111 53 0.6881 
 265 505 297 537 53 0.6807 
 407 271 438 299 53 0.6792 
 648 26 678 51 53 0.6738 
 195 295 227 320 53 0.6738 
 654 373 685 398 53 0.6714 
 4 519 28 547 53 0.6686 
 452 110 478 144 53 0.668 
 653 149 678 174 53 0.6667 
 181 125 208 146 53 0.6646 
 599 78 640 108 53 0.6626 
 628 236 658 261 53 0.6626 
 176 516 204 542 53 0.6626 
 51 150 81 175 53 0.6567 
 341 323 366 348 53 0.6558 
 22 12 56 34 53 0.6533 
 356 341 383 374 53 0.6533 
 42 266 72 292 53 0.6494 
 485 324 520 350 53 0.6436 
 626 63 654 98 53 0.6426 
 165 580 187 605 53 0.6387 
 575 462 585 490 53 0.6369 
 127 634 165 663 53 0.6343 
 342 397 373 421 53 0.626 
 691 587 702 612 53 0.6223 
 686 293 704 320 53 0.6203 
 350 628 363 657 53 0.614 
 523 586 553 607 53 0.6123 
 555 109 586 141 53 0.6074 
 675 78 703 101 53 0.606 
 248 137 275 160 53 0.6037 
 1 586 19 619 53 0.6001 
 120 569 137 592 53 0.5988 
 71 268 88 287 53 0.5979 
 609 125 634 150 53 0.5944 
 145 179 170 200 53 0.5918 
 89 611 121 638 53 0.583 
 185 0 207 19 53 0.5817 
 686 680 703 704 53 0.58 
 466 352 492 379 53 0.5764 
 131 0 157 14 53 0.5737 
 34 240 57 254 53 0.5608 
 140 149 155 172 53 0.5569 
 293 55 313 70 53 0.5534 
 116 217 131 239 53 0.5525 
 277 202 302 223 53 0.5469 
 46 332 58 356 53 0.5359 
 281 182 306 208 53 0.5271 
 433 383 462 414 53 0.5205 
 196 2 223 20 53 0.5186 
 143 662 156 682 53 0.5144 
 309 357 334 386 53 0.5127 
 674 263 704 286 53 0.5068 
 594 665 629 691 53 0.5059 
 437 359 466 383 53 0.4951 
 575 288 594 311 53 0.4902 
 683 49 703 77 53 0.4883 
 164 71 197 100 53 0.4863 
 62 399 82 420 53 0.4766 
 97 466 113 483 53 0.4746 
 628 304 650 326 53 0.4727 
 304 19 341 55 53 0.4712 
 26 45 52 62 53 0.4549 
 661 560 680 586 53 0.4453 
 381 443 394 466 53 0.4405 
 1 215 13 243 53 0.4207 
 613 65 651 110 53 0.4082 
 99 0 127 12 53 0.4065 
 504 502 520 525 53 0.3923 
 335 680 369 703 53 0.3857 
 348 168 369 193 53 0.3804 
 677 29 704 74 53 0.3767 
 460 204 472 221 53 0.3736 
 428 14 445 31 53 0.3665 
 257 184 279 208 53 0.3621 
 289 339 314 365 53 0.3584 
 507 358 537 392 53 0.3567 
 178 313 197 331 53 0.3548 
 571 149 587 170 53 0.3513 
 200 242 215 263 53 0.3328 
 447 434 458 454 53 0.3319 
 250 672 291 704 53 0.3276 
 0 158 38 187 53 0.3225 
 134 652 164 681 53 0.3157 
 605 122 654 151 53 0.3115 
 570 685 589 702 53 0.3048 
 205 364 242 393 53 0.2971 
 690 640 703 658 53 0.2903 
 279 66 305 88 53 0.2766 
 7 132 28 158 53 0.2737 
 50 643 70 663 53 0.2698 
 574 62 589 82 53 0.2696 
 0 386 13 400 53 0.2605 
 249 341 260 367 53 0.2598 
 565 462 588 487 53 0.2576 
 253 47 267 68 53 0.2567 
 189 431 222 465 53 0.2546 
 380 275 399 297 53 0.2545 
