255 173 301 214 53 0.7949 
 320 232 357 270 53 0.7788 
 246 242 290 281 53 0.7744 
 325 193 371 230 53 0.769 
 232 335 284 384 53 0.7661 
 154 356 206 407 53 0.7471 
 299 165 342 210 53 0.7305 
 257 300 301 342 53 0.7305 
 57 0 108 47 53 0.7275 
 279 220 322 257 53 0.7227 
 547 358 588 398 53 0.7164 
 506 364 551 407 53 0.6968 
 0 381 38 423 53 0.6904 
 119 0 162 32 53 0.6899 
 221 411 268 458 53 0.6807 
 388 167 434 205 53 0.6763 
 343 366 385 404 53 0.6582 
 145 212 193 258 53 0.6455 
 360 400 414 447 53 0.6318 
 156 289 206 335 53 0.6313 
 259 395 303 440 53 0.6265 
 118 248 163 295 53 0.6108 
 307 59 358 113 53 0.5923 
 576 184 627 226 53 0.5854 
 614 213 664 257 53 0.5684 
 204 69 247 103 53 0.562 
 574 110 629 159 53 0.5386 
 0 476 16 513 53 0.5381 
 376 62 422 107 53 0.5278 
 343 0 384 21 53 0.4961 
 381 109 425 151 53 0.4951 
 554 21 597 59 53 0.4814 
 180 46 224 79 53 0.4678 
 266 587 316 623 53 0.459 
 586 295 628 334 53 0.4543 
 408 2 452 46 53 0.4282 
 187 489 239 536 53 0.4263 
 354 338 388 374 53 0.3657 
 92 420 137 462 53 0.3381 
 558 465 613 515 53 0.3218 
 510 22 555 63 53 0.3184 
 516 359 587 408 53 0.2847 
 422 247 461 286 53 0.2739 
