161 625 195 658 53 0.8579 
 616 406 651 441 53 0.8447 
 102 377 142 406 53 0.8409 
 660 145 698 175 53 0.8315 
 53 337 91 369 53 0.8315 
 0 591 23 631 53 0.8248 
 116 343 153 374 53 0.8131 
 548 94 587 127 53 0.8125 
 453 261 487 292 53 0.8091 
 165 254 197 287 53 0.8091 
 487 559 526 595 53 0.8091 
 537 68 565 93 53 0.8066 
 205 260 243 292 53 0.8057 
 464 402 501 434 53 0.8032 
 308 226 343 260 53 0.8018 
 632 173 659 201 53 0.8014 
 369 367 405 403 53 0.8004 
 502 227 538 258 53 0.8003 
 676 350 704 387 53 0.797 
 437 77 474 109 53 0.7945 
 598 120 627 149 53 0.7936 
 650 346 681 378 53 0.7852 
 600 89 628 121 53 0.7843 
 681 20 704 57 53 0.7818 
 159 436 201 468 53 0.7798 
 625 492 653 521 53 0.7788 
 145 259 173 289 53 0.7773 
 663 5 690 33 53 0.7759 
 660 50 690 76 53 0.7744 
 357 181 397 215 53 0.772 
 660 392 687 424 53 0.7716 
 99 639 132 674 53 0.7695 
 208 511 246 543 53 0.769 
 642 187 676 214 53 0.7661 
 180 396 217 428 53 0.7657 
 636 620 673 649 53 0.7623 
 353 95 390 131 53 0.7598 
 366 450 400 479 53 0.7583 
 172 96 210 134 53 0.7578 
 0 654 42 701 53 0.7563 
 332 327 369 359 53 0.7544 
 659 589 696 625 53 0.7476 
 660 484 699 526 53 0.7446 
 437 243 467 269 53 0.7446 
 104 605 133 642 53 0.7441 
 292 30 329 60 53 0.7422 
 403 352 438 383 53 0.7422 
 58 63 94 99 53 0.7417 
 74 404 107 432 53 0.7393 
 407 29 434 66 53 0.7388 
 544 609 580 642 53 0.7339 
 108 551 140 581 53 0.7266 
 303 551 337 585 53 0.7262 
 165 380 191 406 53 0.7231 
 469 131 505 163 53 0.7217 
 616 107 644 136 53 0.7188 
 232 577 276 612 53 0.7178 
 509 201 540 226 53 0.7148 
 313 337 340 368 53 0.7139 
 37 602 72 635 53 0.7135 
 61 430 99 472 53 0.708 
 587 321 623 351 53 0.7075 
 685 454 704 484 53 0.7026 
 670 87 704 118 53 0.6978 
 262 101 298 129 53 0.6895 
 70 621 104 652 53 0.6895 
 646 669 694 702 53 0.6813 
 521 133 558 164 53 0.6807 
 641 0 671 30 53 0.6772 
 489 356 529 391 53 0.6772 
 290 474 325 502 53 0.6738 
 362 283 403 319 53 0.6733 
 533 481 563 509 53 0.6689 
 654 30 684 53 53 0.6611 
 497 280 526 311 53 0.6611 
 118 299 154 324 53 0.6489 
 25 419 63 449 53 0.647 
 165 122 187 152 53 0.6333 
 212 666 246 697 53 0.6323 
 590 643 624 669 53 0.6309 
 287 377 320 404 53 0.625 
 245 634 276 667 53 0.6167 
 681 124 704 149 53 0.6152 
 0 421 15 448 53 0.6069 
 544 441 576 474 53 0.6069 
 270 538 304 574 53 0.6057 
 123 645 146 667 53 0.605 
 277 239 303 270 53 0.5981 
 617 635 645 659 53 0.5938 
 131 670 157 696 53 0.5889 
 226 87 263 114 53 0.5796 
 137 529 160 555 53 0.5686 
 517 649 544 677 53 0.5571 
 523 540 542 568 53 0.5544 
 382 114 422 142 53 0.5449 
 496 18 534 59 53 0.541 
 71 431 95 460 53 0.5381 
 508 138 523 161 53 0.5134 
 501 419 516 443 53 0.5124 
 538 526 560 546 53 0.5017 
 313 376 327 400 53 0.4922 
 55 450 93 476 53 0.4785 
 672 271 698 295 53 0.4783 
 263 372 289 400 53 0.4668 
 78 75 114 107 53 0.4561 
 194 532 215 551 53 0.4272 
 538 546 571 572 53 0.4167 
 629 1 647 25 53 0.4102 
 519 14 542 35 53 0.4065 
 639 97 656 122 53 0.4016 
 519 0 542 14 53 0.3989 
 274 75 295 98 53 0.3948 
 543 124 565 153 53 0.384 
 146 353 162 376 53 0.3804 
 0 372 12 388 53 0.3804 
 662 25 702 59 53 0.3767 
 387 95 420 135 53 0.3657 
 602 493 627 517 53 0.355 
 562 307 580 329 53 0.3494 
 502 631 529 657 53 0.3286 
 626 98 653 129 53 0.3235 
 579 690 595 704 53 0.3057 
 575 687 600 704 53 0.2991 
 78 606 124 652 53 0.2917 
 259 319 279 354 53 0.2847 
 507 16 541 44 53 0.2805 
 157 252 219 290 53 0.2666 
 485 13 508 39 53 0.2659 
 277 678 313 703 53 0.2524 
