1 17 36 45 53 0.8164 
 19 2 59 29 53 0.8135 
 586 0 614 25 53 0.8058 
 595 348 620 378 53 0.7921 
 126 298 160 332 53 0.7238 
 661 405 691 428 53 0.7026 
 34 257 68 288 53 0.686 
 151 12 186 39 53 0.6836 
 569 289 604 318 53 0.6768 
 116 177 151 204 53 0.6714 
 560 0 587 21 53 0.6567 
 602 418 637 446 53 0.652 
 164 86 193 116 53 0.6504 
 528 478 555 507 53 0.6504 
 516 81 546 107 53 0.6489 
 683 465 704 493 53 0.6323 
 507 197 541 225 53 0.627 
 644 46 680 79 53 0.6123 
 613 310 648 331 53 0.6104 
 442 22 471 45 53 0.6021 
 465 130 490 158 53 0.5859 
 392 0 423 20 53 0.562 
 620 239 646 265 53 0.5581 
 215 30 250 72 53 0.5547 
 329 469 365 500 53 0.5518 
 674 82 703 111 53 0.5488 
 517 171 549 199 53 0.5439 
 189 43 226 72 53 0.5361 
 63 0 98 17 53 0.5049 
 675 126 704 155 53 0.4941 
 0 589 30 618 53 0.4941 
 639 107 670 137 53 0.4426 
 103 123 140 151 53 0.4282 
 583 185 619 210 53 0.4233 
 99 231 134 259 53 0.3923 
 481 411 512 441 53 0.3804 
 124 393 162 422 53 0.3025 
 61 337 95 365 53 0.2837 
 467 398 492 434 53 0.2783 
 584 508 614 530 53 0.2651 
